2501,'WKDY',601,,14980,33,,,1,31,,14981,33,,,1,70,,14982,33,,,1,31,,14983,33,,,1,70,,14984,33,,,1,30,,14985,33,,,1,71,,14986,33,,,1,30,,14987,33,,,1,69,,14988,33,,,1,30,,14989,33,,,1,70,,14990,33,,,1,31,,14991,33,,,1,72,,14992,33,,,1,30,,14993,33,,,1,70,,14994,33,,,1,29,,14995,33,,,1,70,,14996,33,,,1,30,,14997,33,,,1,71,,14998,33,,,1,31,,14999,33,,,1,70,,15000,33,,,1,30,,15001,33,,,1,70,,15002,33,,,1,29,,15003,33,,,1,68,,15004,33,,,1,30,,15005,33,,,1,93,,15006,33,,,1,104,,15007,33,,,1
2501,'SAT',732,,15008,33,,,1,101,,15009,33,,,1,100,,15010,33,,,1,101,,15011,33,,,1,100,,15012,33,,,1,104,,15013,33,,,1,100,,15014,33,,,1,100,,15015,33,,,1,99,,15016,33,,,1,99,,15017,33,,,1,97,,15018,33,,,1,99,,15019,33,,,1,99,,15020,33,,,1
2501,'SUN',732,,15021,33,,,1,101,,15022,33,,,1,100,,15023,33,,,1,101,,15024,33,,,1,100,,15025,33,,,1,104,,15026,33,,,1,100,,15027,33,,,1,100,,15028,33,,,1,99,,15029,33,,,1,99,,15030,33,,,1,97,,15031,33,,,1,99,,15032,33,,,1,99,,15033,33,,,1
2501,'NYE',601,,15034,33,,,1,31,,15035,33,,,1,70,,15036,33,,,1,31,,15037,33,,,1,70,,15038,33,,,1,30,,15039,33,,,1,71,,15040,33,,,1,30,,15041,33,,,1,69,,15042,33,,,1,30,,15043,33,,,1,70,,15044,33,,,1,31,,15045,33,,,1,72,,15046,33,,,1,30,,15047,33,,,1,70,,15048,33,,,1,29,,15049,33,,,1,70,,15050,33,,,1,30,,15051,33,,,1,71,,15052,33,,,1,31,,15053,33,,,1,70,,15054,33,,,1,30,,15055,33,,,1,70,,15056,33,,,1,29,,15057,33,,,1,68,,15058,33,,,1,30,,15059,33,,,1,93,,15060,33,,,1,104,,15061,33,,,1
3200,'WKDY/30',739,,15467,29,,,1,202,,15468,29,,,1,200,,15469,29,,,1,201,,15470,29,,,1,202,,15471,29,,,1,198,,15472,29,,,1
3200,'WKDY/31',739,,15473,29,,,1,202,,15474,29,,,1,200,,15475,29,,,1,201,,15476,29,,,1,202,,15477,29,,,1,198,,15478,29,,,1
3200,'WKDY',608,,15479,29,,,1,30,,15480,29,,,1,71,,15481,29,,,1,102,,15482,29,,,1,30,,15483,29,,,1,70,,15484,29,,,1,100,,15485,29,,,1,30,,15486,29,,,1,70,,15487,29,,,1,101,,15488,29,,,1,30,,15489,29,,,1,70,,15490,29,,,1,100,,15491,29,,,1,32,,15492,29,,,1,70,,15493,29,,,1,99,,15494,29,,,1,30,,15495,29,,,1,69,,15496,29,,,1,99,,15497,29,,,1,30,,15498,29,,,1,69,,15499,29,,,1,100,,15500,29,,,1,100,,15501,29,,,1
3200,'SAT',846,,15502,29,,,1,80,,15503,29,,,1,80,,15504,29,,,1,40,,15505,29,,,1,81,,15506,29,,,1,80,,15507,29,,,1,40,,15508,29,,,1,80,,15509,29,,,1,80,,15510,29,,,1,40,,15511,29,,,1,80,,15512,29,,,1,80,,15513,29,,,1,40,,15514,29,,,1,80,,15515,29,,,1,79,,15516,29,,,1,40,,15517,29,,,1,80,,15518,29,,,1,80,,15519,29,,,1
3200,'SUN',844,,15520,29,,,1,100,,15521,29,,,1,101,,15522,29,,,1,100,,15523,29,,,1,100,,15524,29,,,1,100,,15525,29,,,1,100,,15526,29,,,1,100,,15527,29,,,1,100,,15528,29,,,1,100,,15529,29,,,1,99,,15530,29,,,1,100,,15531,29,,,1
3200,'NYE',608,,15532,29,,,1,30,,15533,29,,,1,71,,15534,29,,,1,102,,15535,29,,,1,30,,15536,29,,,1,70,,15537,29,,,1,100,,15538,29,,,1,30,,15539,29,,,1,70,,15540,29,,,1,101,,15541,29,,,1,30,,15542,29,,,1,70,,15543,29,,,1,100,,15544,29,,,1,32,,15545,29,,,1,70,,15546,29,,,1,99,,15547,29,,,1,30,,15548,29,,,1,69,,15549,29,,,1,99,,15550,29,,,1,30,,15551,29,,,1,69,,15552,29,,,1,100,,15553,29,,,1,100,,15554,29,,,1
3200,'NYE/31',739,,15555,29,,,1,202,,15556,29,,,1,200,,15557,29,,,1,201,,15558,29,,,1,202,,15559,29,,,1,198,,15560,29,,,1
