3101,'WKDY/30',636,,15368,17,,,1,197,,15369,17,,,1,199,,15370,17,,,1,197,,15371,17,,,1,199,,15372,17,,,1,200,,15373,17,,,1,205,,15374,17,,,1
3101,'WKDY/31',636,,15375,17,,,1,197,,15376,17,,,1,199,,15377,17,,,1,197,,15378,17,,,1,199,,15379,17,,,1,200,,15380,17,,,1,205,,15381,17,,,1
3101,'WKDY',537,,15382,17,,,1,69,,15383,17,,,1,98,,15384,17,,,1,30,,15385,17,,,1,70,,15386,17,,,1,98,,15387,17,,,1,30,,15388,17,,,1,70,,15389,17,,,1,100,,15390,17,,,1,28,,15391,17,,,1,70,,15392,17,,,1,58,,15393,17,,,1,70,,15394,17,,,1,30,,15395,17,,,1,100,,15396,17,,,1,69,,15397,17,,,1,30,,15398,17,,,1,101,,15399,17,,,1,74,,15400,17,,,1,70,,15401,17,,,1,102,,15402,17,,,1,101,,15403,17,,,1,100,,15404,17,,,1
3101,'SAT',745,,15405,17,,,1,79,,15406,17,,,1,79,,15407,17,,,1,39,,15408,17,,,1,79,,15409,17,,,1,80,,15410,17,,,1,38,,15411,17,,,1,79,,15412,17,,,1,40,,15413,17,,,1,80,,15414,17,,,1,80,,15415,17,,,1,40,,15416,17,,,1,80,,15417,17,,,1,82,,15418,17,,,1,80,,15419,17,,,1,41,,15420,17,,,1,82,,15421,17,,,1,81,,15422,17,,,1,40,,15423,17,,,1
3101,'SUN',744,,15424,17,,,1,100,,15425,17,,,1,98,,15426,17,,,1,100,,15427,17,,,1,96,,15428,17,,,1,101,,15429,17,,,1,100,,15430,17,,,1,100,,15431,17,,,1,100,,15432,17,,,1,100,,15433,17,,,1,101,,15434,17,,,1,102,,15435,17,,,1,102,,15436,17,,,1
3101,'NYE',537,,15437,17,,,1,69,,15438,17,,,1,98,,15439,17,,,1,30,,15440,17,,,1,70,,15441,17,,,1,98,,15442,17,,,1,30,,15443,17,,,1,70,,15444,17,,,1,100,,15445,17,,,1,28,,15446,17,,,1,70,,15447,17,,,1,58,,15448,17,,,1,70,,15449,17,,,1,30,,15450,17,,,1,100,,15451,17,,,1,69,,15452,17,,,1,30,,15453,17,,,1,101,,15454,17,,,1,74,,15455,17,,,1,70,,15456,17,,,1,102,,15457,17,,,1,101,,15458,17,,,1,100,,15459,17,,,1
3101,'NYE/31',636,,15460,17,,,1,197,,15461,17,,,1,199,,15462,17,,,1,197,,15463,17,,,1,199,,15464,17,,,1,200,,15465,17,,,1,205,,15466,17,,,1
7100,'WKDY/30',725,,18559,15,,,1,103,,18560,15,,,1,116,,18561,15,,,1,156,,18562,15,,,1,116,,18563,15,,,1,115,,18564,15,,,1,115,,18565,15,,,1,156,,18566,15,,,1,130,,18567,15,,,1
7100,'WKDY/31',725,,18568,15,,,1,103,,18569,15,,,1,116,,18570,15,,,1,156,,18571,15,,,1,116,,18572,15,,,1,115,,18573,15,,,1,115,,18574,15,,,1,156,,18575,15,,,1,130,,18576,15,,,1
7100,'WKDY',538,,18577,15,,,1,71,,18578,15,,,1,31,,18579,15,,,1,70,,18580,15,,,1,30,,18581,15,,,1,16,,18582,15,,,1,55,,18583,15,,,1,32,,18584,15,,,1,16,,18585,15,,,1,55,,18586,15,,,1,15,,18587,15,,,1,30,,18588,15,,,1,56,,18589,15,,,1,15,,18590,15,,,1,15,,18591,15,,,1,70,,18592,15,,,1,16,,18593,15,,,1,15,,18594,15,,,1,55,,18595,15,,,1,30,,18596,15,,,1,15,,18597,15,,,1,55,,18598,15,,,1,15,,18599,15,,,1,30,,18600,15,,,1,55,,18601,15,,,1,15,,18602,15,,,1,15,,18603,15,,,1,70,,18604,15,,,1,15,,18605,15,,,1,15,,18606,15,,,1,15,,18607,15,,,1,71,,18608,15,,,1,15,,18609,15,,,1,15,,18610,15,,,1,55,,18611,15,,,1,15,,18612,15,,,1,29,,18613,15,,,1,55,,18614,15,,,1,28,,18615,15,,,1,30,,18616,15,,,1,70,,18617,15,,,1,30,,18618,15,,,1,68,,18619,15,,,1,29,,18620,15,,,1,70,,18621,15,,,1,29,,18622,15,,,1,70,,18623,15,,,1,100,,18624,15,,,1
7100,'SAT',635,,18625,15,,,1,20,,18626,15,,,1,60,,18627,15,,,1,20,,18628,15,,,1,21,,18629,15,,,1,61,,18630,15,,,1,20,,18631,15,,,1,20,,18632,15,,,1,58,,18633,15,,,1,22,,18634,15,,,1,19,,18635,15,,,1,60,,18636,15,,,1,20,,18637,15,,,1,20,,18638,15,,,1,60,,18639,15,,,1,20,,18640,15,,,1,21,,18641,15,,,1,61,,18642,15,,,1,22,,18643,15,,,1,63,,18644,15,,,1,20,,18645,15,,,1,21,,18646,15,,,1,60,,18647,15,,,1,20,,18648,15,,,1,20,,18649,15,,,1,60,,18650,15,,,1,21,,18651,15,,,1,20,,18652,15,,,1,60,,18653,15,,,1,21,,18654,15,,,1,20,,18655,15,,,1,58,,18656,15,,,1,19,,18657,15,,,1,20,,18658,15,,,1,60,,18659,15,,,1,18,,18660,15,,,1,20,,18661,15,,,1,59,,18662,15,,,1,20,,18663,15,,,1,20,,18664,15,,,1,60,,18665,15,,,1,21,,18666,15,,,1,20,,18667,15,,,1,59,,18668,15,,,1,20,,18669,15,,,1,20,,18670,15,,,1,70,,18671,15,,,1,29,,18672,15,,,1,68,,18673,15,,,1
7100,'SUN',635,,18674,15,,,1,70,,18675,15,,,1,30,,18676,15,,,1,70,,18677,15,,,1,32,,18678,15,,,1,70,,18679,15,,,1,31,,18680,15,,,1,70,,18681,15,,,1,30,,18682,15,,,1,71,,18683,15,,,1,30,,18684,15,,,1,71,,18685,15,,,1,32,,18686,15,,,1,70,,18687,15,,,1,30,,18688,15,,,1,70,,18689,15,,,1,30,,18690,15,,,1,70,,18691,15,,,1,30,,18692,15,,,1,70,,18693,15,,,1,30,,18694,15,,,1,67,,18695,15,,,1,30,,18696,15,,,1,70,,18697,15,,,1,30,,18698,15,,,1,70,,18699,15,,,1,28,,18700,15,,,1,70,,18701,15,,,1,30,,18702,15,,,1,70,,18703,15,,,1,30,,18704,15,,,1,69,,18705,15,,,1,30,,18706,15,,,1,70,,18707,15,,,1
7100,'NYE',538,,18708,15,,,1,71,,18709,15,,,1,31,,18710,15,,,1,70,,18711,15,,,1,30,,18712,15,,,1,16,,18713,15,,,1,55,,18714,15,,,1,32,,18715,15,,,1,16,,18716,15,,,1,55,,18717,15,,,1,15,,18718,15,,,1,30,,18719,15,,,1,56,,18720,15,,,1,15,,18721,15,,,1,15,,18722,15,,,1,70,,18723,15,,,1,16,,18724,15,,,1,15,,18725,15,,,1,55,,18726,15,,,1,30,,18727,15,,,1,15,,18728,15,,,1,55,,18729,15,,,1,15,,18730,15,,,1,30,,18731,15,,,1,55,,18732,15,,,1,15,,18733,15,,,1,15,,18734,15,,,1,70,,18735,15,,,1,15,,18736,15,,,1,15,,18737,15,,,1,15,,18738,15,,,1,71,,18739,15,,,1,15,,18740,15,,,1,15,,18741,15,,,1,55,,18742,15,,,1,15,,18743,15,,,1,29,,18744,15,,,1,55,,18745,15,,,1,28,,18746,15,,,1,30,,18747,15,,,1,70,,18748,15,,,1,30,,18749,15,,,1,68,,18750,15,,,1,29,,18751,15,,,1,70,,18752,15,,,1,29,,18753,15,,,1,70,,18754,15,,,1,100,,18755,15,,,1
7100,'NYE/31',725,,18756,15,,,1,103,,18757,15,,,1,116,,18758,15,,,1,156,,18759,15,,,1,116,,18760,15,,,1,115,,18761,15,,,1,115,,18762,15,,,1,156,,18763,15,,,1,130,,18764,15,,,1
