3000,'WKDY',608,,15062,10,,,1,31,,15063,10,,,1,71,,15064,10,,,1,30,,15065,10,,,1,70,,15066,10,,,1,30,,15067,10,,,1,70,,15068,10,,,1,30,,15069,10,,,1,70,,15070,10,,,1,30,,15071,10,,,1,70,,15072,10,,,1,30,,15073,10,,,1,70,,15074,10,,,1,31,,15075,10,,,1,70,,15076,10,,,1,30,,15077,10,,,1,70,,15078,10,,,1,31,,15079,10,,,1,70,,15080,10,,,1,30,,15081,10,,,1,70,,15082,10,,,1,30,,15083,10,,,1,70,,15084,10,,,1,30,,15085,10,,,1,70,,15086,10,,,1,30,,15087,10,,,1,68,,15088,10,,,1,30,,15089,10,,,1,69,,15090,10,,,1,100,,15091,10,,,1
3000,'SAT',737,,15096,10,,,1,71,,15097,10,,,1,31,,15098,10,,,1,70,,15099,10,,,1,30,,15100,10,,,1,70,,15101,10,,,1,30,,15102,10,,,1,71,,15103,10,,,1,30,,15104,10,,,1,70,,15105,10,,,1,30,,15106,10,,,1,70,,15107,10,,,1,31,,15108,10,,,1,70,,15109,10,,,1,29,,15110,10,,,1,70,,15111,10,,,1,30,,15112,10,,,1,70,,15113,10,,,1,30,,15114,10,,,1,70,,15115,10,,,1,100,,15116,10,,,1,100,,15117,10,,,1,100,,15118,10,,,1
3000,'SUN',809,,15121,10,,,1,100,,15122,10,,,1,101,,15123,10,,,1,100,,15124,10,,,1,100,,15125,10,,,1,100,,15126,10,,,1,100,,15127,10,,,1,100,,15128,10,,,1,100,,15129,10,,,1,100,,15130,10,,,1,100,,15131,10,,,1,99,,15132,10,,,1,100,,15133,10,,,1
3000,'NYE',608,,15136,10,,,1,31,,15137,10,,,1,71,,15138,10,,,1,30,,15139,10,,,1,70,,15140,10,,,1,30,,15141,10,,,1,70,,15142,10,,,1,30,,15143,10,,,1,70,,15144,10,,,1,30,,15145,10,,,1,70,,15146,10,,,1,30,,15147,10,,,1,70,,15148,10,,,1,31,,15149,10,,,1,70,,15150,10,,,1,30,,15151,10,,,1,70,,15152,10,,,1,31,,15153,10,,,1,70,,15154,10,,,1,30,,15155,10,,,1,70,,15156,10,,,1,30,,15157,10,,,1,70,,15158,10,,,1,30,,15159,10,,,1,70,,15160,10,,,1,30,,15161,10,,,1,68,,15162,10,,,1,30,,15163,10,,,1,69,,15164,10,,,1,100,,15165,10,,,1
7401,'WKDY/30',749,,19254,5,,,1,268,,19255,5,,,1,232,,19256,5,,,1,266,,19257,5,,,1,233,,19258,5,,,1,202,,19259,5,,,1,100,,19260,5,,,1,99,,19261,5,,,1
7401,'WKDY/31',749,,19262,5,,,1,268,,19263,5,,,1,232,,19264,5,,,1,266,,19265,5,,,1,233,,19266,5,,,1,202,,19267,5,,,1,100,,19268,5,,,1,99,,19269,5,,,1
7401,'WKDY',522,,19270,5,,,1,98,,19271,5,,,1,29,,19272,5,,,1,69,,19273,5,,,1,100,,19274,5,,,1,29,,19275,5,,,1,70,,19276,5,,,1,30,,19277,5,,,1,100,,19278,5,,,1,70,,19279,5,,,1,31,,19280,5,,,1,70,,19281,5,,,1,101,,19282,5,,,1,30,,19283,5,,,1,69,,19284,5,,,1,27,,19285,5,,,1,99,,19286,5,,,1,72,,19287,5,,,1,30,,19288,5,,,1,70,,19289,5,,,1,103,,19290,5,,,1,31,,19291,5,,,1,69,,19292,5,,,1,101,,19293,5,,,1
7401,'SAT',749,,19294,5,,,1,101,,19295,5,,,1,100,,19296,5,,,1,101,,19297,5,,,1,103,,19298,5,,,1,101,,19299,5,,,1,103,,19300,5,,,1,97,,19301,5,,,1,99,,19302,5,,,1,101,,19303,5,,,1,99,,19304,5,,,1,99,,19305,5,,,1,99,,19306,5,,,1,99,,19307,5,,,1
7401,'SUN',749,,19308,5,,,1,101,,19309,5,,,1,100,,19310,5,,,1,101,,19311,5,,,1,103,,19312,5,,,1,101,,19313,5,,,1,103,,19314,5,,,1,97,,19315,5,,,1,99,,19316,5,,,1,101,,19317,5,,,1,99,,19318,5,,,1,99,,19319,5,,,1,99,,19320,5,,,1,99,,19321,5,,,1
7401,'NYE',522,,19322,5,,,1,98,,19323,5,,,1,29,,19324,5,,,1,69,,19325,5,,,1,100,,19326,5,,,1,29,,19327,5,,,1,70,,19328,5,,,1,30,,19329,5,,,1,100,,19330,5,,,1,70,,19331,5,,,1,31,,19332,5,,,1,70,,19333,5,,,1,101,,19334,5,,,1,30,,19335,5,,,1,69,,19336,5,,,1,27,,19337,5,,,1,99,,19338,5,,,1,72,,19339,5,,,1,30,,19340,5,,,1,70,,19341,5,,,1,103,,19342,5,,,1,31,,19343,5,,,1,69,,19344,5,,,1,101,,19345,5,,,1
7401,'NYE/31',749,,19346,5,,,1,268,,19347,5,,,1,232,,19348,5,,,1,266,,19349,5,,,1,233,,19350,5,,,1,202,,19351,5,,,1,100,,19352,5,,,1,99,,19353,5,,,1
