2500,'WKDY',626,,14898,25,,,1,30,,14899,25,,,1,71,,14900,25,,,1,32,,14901,25,,,1,71,,14902,25,,,1,29,,14903,25,,,1,72,,14904,25,,,1,70,,14905,25,,,1,29,,14906,25,,,1,70,,14907,25,,,1,31,,14908,25,,,1,71,,14909,25,,,1,33,,14910,25,,,1,70,,14911,25,,,1,30,,14912,25,,,1,68,,14913,25,,,1,32,,14914,25,,,1,70,,14915,25,,,1,31,,14916,25,,,1,71,,14917,25,,,1,29,,14918,25,,,1,70,,14919,25,,,1,30,,14920,25,,,1,68,,14921,25,,,1,28,,14922,25,,,1,68,,14923,25,,,1,52,,14924,25,,,1,102,,14925,25,,,1
2500,'SAT',756,,14926,25,,,1,101,,14927,25,,,1,101,,14928,25,,,1,142,,14929,25,,,1,101,,14930,25,,,1,105,,14931,25,,,1,100,,14932,25,,,1,99,,14933,25,,,1,99,,14934,25,,,1,99,,14935,25,,,1,56,,14936,25,,,1,98,,14937,25,,,1,99,,14938,25,,,1
2500,'SUN',756,,14939,25,,,1,101,,14940,25,,,1,101,,14941,25,,,1,142,,14942,25,,,1,101,,14943,25,,,1,105,,14944,25,,,1,100,,14945,25,,,1,99,,14946,25,,,1,99,,14947,25,,,1,99,,14948,25,,,1,56,,14949,25,,,1,98,,14950,25,,,1,99,,14951,25,,,1
2500,'NYE',626,,14952,25,,,1,30,,14953,25,,,1,71,,14954,25,,,1,32,,14955,25,,,1,71,,14956,25,,,1,29,,14957,25,,,1,72,,14958,25,,,1,70,,14959,25,,,1,29,,14960,25,,,1,70,,14961,25,,,1,31,,14962,25,,,1,71,,14963,25,,,1,33,,14964,25,,,1,70,,14965,25,,,1,30,,14966,25,,,1,68,,14967,25,,,1,32,,14968,25,,,1,70,,14969,25,,,1,31,,14970,25,,,1,71,,14971,25,,,1,29,,14972,25,,,1,70,,14973,25,,,1,30,,14974,25,,,1,68,,14975,25,,,1,28,,14976,25,,,1,68,,14977,25,,,1,52,,14978,25,,,1,102,,14979,25,,,1
7800,'WKDY/30',1022,,19354,13,,,1,303,,19355,13,,,1
7800,'WKDY/31',1022,,19356,13,,,1,303,,19357,13,,,1
7800,'WKDY',448,,19358,13,,,1,102,,19359,13,,,1,70,,19360,13,,,1,30,,19361,13,,,1,71,,19362,13,,,1,31,,19363,13,,,1,70,,19364,13,,,1,30,,19365,13,,,1,70,,19366,13,,,1,30,,19367,13,,,1,100,,19368,13,,,1,72,,19369,13,,,1,30,,19370,13,,,1,70,,19371,13,,,1,30,,19372,13,,,1,101,,19373,13,,,1,70,,19374,13,,,1,30,,19375,13,,,1,70,,19376,13,,,1,30,,19377,13,,,1,70,,19378,13,,,1,30,,19379,13,,,1,70,,19380,13,,,1,32,,19381,13,,,1,98,,19382,13,,,1,98,,19383,13,,,1,100,,19384,13,,,1,99,,19385,13,,,1
7800,'SAT',752,,19386,13,,,1,101,,19387,13,,,1,100,,19388,13,,,1,100,,19389,13,,,1,100,,19390,13,,,1,101,,19391,13,,,1,100,,19392,13,,,1,100,,19393,13,,,1,100,,19394,13,,,1,100,,19395,13,,,1,100,,19396,13,,,1,99,,19397,13,,,1,99,,19398,13,,,1
7800,'SUN',752,,19399,13,,,1,101,,19400,13,,,1,100,,19401,13,,,1,100,,19402,13,,,1,100,,19403,13,,,1,101,,19404,13,,,1,100,,19405,13,,,1,100,,19406,13,,,1,100,,19407,13,,,1,95,,19408,13,,,1,105,,19409,13,,,1,99,,19410,13,,,1,104,,19411,13,,,1
7800,'NYE',448,,19412,13,,,1,102,,19413,13,,,1,70,,19414,13,,,1,30,,19415,13,,,1,71,,19416,13,,,1,31,,19417,13,,,1,70,,19418,13,,,1,30,,19419,13,,,1,70,,19420,13,,,1,30,,19421,13,,,1,100,,19422,13,,,1,72,,19423,13,,,1,30,,19424,13,,,1,70,,19425,13,,,1,30,,19426,13,,,1,101,,19427,13,,,1,70,,19428,13,,,1,30,,19429,13,,,1,70,,19430,13,,,1,30,,19431,13,,,1,70,,19432,13,,,1,30,,19433,13,,,1,70,,19434,13,,,1,32,,19435,13,,,1,98,,19436,13,,,1,98,,19437,13,,,1,100,,19438,13,,,1,99,,19439,13,,,1
7800,'NYE/31',1022,,19440,13,,,1,303,,19441,13,,,1
