201,'WKDY',641,,14026,35,,,1,100,,14027,35,,,1,100,,14028,35,,,1,100,,14029,35,,,1,100,,14030,35,,,1,100,,14031,35,,,1,100,,14032,35,,,1,101,,14033,35,,,1,101,,14034,35,,,1,101,,14035,35,,,1,98,,14036,35,,,1,101,,14037,35,,,1,97,,14038,35,,,1
201,'NYE',641,,14039,35,,,1,100,,14040,35,,,1,100,,14041,35,,,1,100,,14042,35,,,1,100,,14043,35,,,1,100,,14044,35,,,1,100,,14045,35,,,1,101,,14046,35,,,1,101,,14047,35,,,1,101,,14048,35,,,1,98,,14049,35,,,1,101,,14050,35,,,1,97,,14051,35,,,1
2500,'WKDY',608,,14898,1,,,1,30,,14899,1,,,1,70,,14900,1,,,1,31,,14901,1,,,1,71,,14902,1,,,1,30,,14903,1,,,1,71,,14904,1,,,1,30,,14905,1,,,1,69,,14906,1,,,1,30,,14907,1,,,1,70,,14908,1,,,1,31,,14909,1,,,1,73,,14910,1,,,1,30,,14911,1,,,1,70,,14912,1,,,1,28,,14913,1,,,1,70,,14914,1,,,1,30,,14915,1,,,1,71,,14916,1,,,1,31,,14917,1,,,1,70,,14918,1,,,1,30,,14919,1,,,1,70,,14920,1,,,1,29,,14921,1,,,1,68,,14922,1,,,1,29,,14923,1,,,1,93,,14924,1,,,1,104,,14925,1,,,1
2500,'SAT',738,,14926,1,,,1,101,,14927,1,,,1,100,,14928,1,,,1,102,,14929,1,,,1,100,,14930,1,,,1,104,,14931,1,,,1,100,,14932,1,,,1,100,,14933,1,,,1,99,,14934,1,,,1,99,,14935,1,,,1,96,,14936,1,,,1,99,,14937,1,,,1,99,,14938,1,,,1
2500,'SUN',738,,14939,1,,,1,101,,14940,1,,,1,100,,14941,1,,,1,102,,14942,1,,,1,100,,14943,1,,,1,104,,14944,1,,,1,100,,14945,1,,,1,100,,14946,1,,,1,99,,14947,1,,,1,99,,14948,1,,,1,96,,14949,1,,,1,99,,14950,1,,,1,99,,14951,1,,,1
2500,'NYE',608,,14952,1,,,1,30,,14953,1,,,1,70,,14954,1,,,1,31,,14955,1,,,1,71,,14956,1,,,1,30,,14957,1,,,1,71,,14958,1,,,1,30,,14959,1,,,1,69,,14960,1,,,1,30,,14961,1,,,1,70,,14962,1,,,1,31,,14963,1,,,1,73,,14964,1,,,1,30,,14965,1,,,1,70,,14966,1,,,1,28,,14967,1,,,1,70,,14968,1,,,1,30,,14969,1,,,1,71,,14970,1,,,1,31,,14971,1,,,1,70,,14972,1,,,1,30,,14973,1,,,1,70,,14974,1,,,1,29,,14975,1,,,1,68,,14976,1,,,1,29,,14977,1,,,1,93,,14978,1,,,1,104,,14979,1,,,1
2501,'WKDY',608,,14980,39,4,,1,30,,14981,39,4,,1,70,,14982,39,4,,1,31,,14983,39,4,,1,71,,14984,39,4,,1,30,,14985,39,4,,1,71,,14986,39,4,,1,30,,14987,39,4,,1,69,,14988,39,4,,1,30,,14989,39,4,,1,70,,14990,39,4,,1,31,,14991,39,4,,1,73,,14992,39,4,,1,30,,14993,39,4,,1,70,,14994,39,4,,1,28,,14995,39,4,,1,70,,14996,39,4,,1,30,,14997,39,4,,1,71,,14998,39,4,,1,31,,14999,39,4,,1,70,,15000,39,4,,1,30,,15001,39,4,,1,70,,15002,39,4,,1,29,,15003,39,4,,1,68,,15004,39,4,,1,29,,15005,39,4,,1,93,,15006,39,4,,1,104,,15007,39,4,,1
2501,'SAT',738,,15008,39,4,,1,101,,15009,39,4,,1,100,,15010,39,4,,1,102,,15011,39,4,,1,100,,15012,39,4,,1,104,,15013,39,4,,1,100,,15014,39,4,,1,100,,15015,39,4,,1,99,,15016,39,4,,1,99,,15017,39,4,,1,96,,15018,39,4,,1,99,,15019,39,4,,1,99,,15020,39,4,,1
2501,'SUN',738,,15021,39,4,,1,101,,15022,39,4,,1,100,,15023,39,4,,1,102,,15024,39,4,,1,100,,15025,39,4,,1,104,,15026,39,4,,1,100,,15027,39,4,,1,100,,15028,39,4,,1,99,,15029,39,4,,1,99,,15030,39,4,,1,96,,15031,39,4,,1,99,,15032,39,4,,1,99,,15033,39,4,,1
2501,'NYE',608,,15034,39,4,,1,30,,15035,39,4,,1,70,,15036,39,4,,1,31,,15037,39,4,,1,71,,15038,39,4,,1,30,,15039,39,4,,1,71,,15040,39,4,,1,30,,15041,39,4,,1,69,,15042,39,4,,1,30,,15043,39,4,,1,70,,15044,39,4,,1,31,,15045,39,4,,1,73,,15046,39,4,,1,30,,15047,39,4,,1,70,,15048,39,4,,1,28,,15049,39,4,,1,70,,15050,39,4,,1,30,,15051,39,4,,1,71,,15052,39,4,,1,31,,15053,39,4,,1,70,,15054,39,4,,1,30,,15055,39,4,,1,70,,15056,39,4,,1,29,,15057,39,4,,1,68,,15058,39,4,,1,29,,15059,39,4,,1,93,,15060,39,4,,1,104,,15061,39,4,,1
