701,'WKDY/30',656,,14405,13,,,1,173,,14406,13,,,1,130,,14407,13,,,1,170,,14408,13,,,1,130,,14409,13,,,1,172,,14410,13,,,1,170,,14411,13,,,1,130,,14412,13,,,1,128,,14413,13,,,1
701,'WKDY/31',656,,14414,13,,,1,173,,14415,13,,,1,130,,14416,13,,,1,170,,14417,13,,,1,130,,14418,13,,,1,172,,14419,13,,,1,170,,14420,13,,,1,130,,14421,13,,,1,128,,14422,13,,,1
701,'WKDY',553,,14423,13,,,1,172,,14424,13,,,1,34,,14425,13,,,1,100,,14426,13,,,1,70,,14427,13,,,1,100,,14428,13,,,1,30,,14429,13,,,1,100,,14430,13,,,1,70,,14431,13,,,1,100,,14432,13,,,1,30,,14433,13,,,1,142,,14434,13,,,1,30,,14435,13,,,1,100,,14436,13,,,1,70,,14437,13,,,1,100,,14438,13,,,1,28,,14439,13,,,1,100,,14440,13,,,1,100,,14441,13,,,1,98,,14442,13,,,1
701,'SAT',657,,14443,13,,,1,100,,14444,13,,,1,101,,14445,13,,,1,100,,14446,13,,,1,101,,14447,13,,,1,141,,14448,13,,,1,100,,14449,13,,,1,101,,14450,13,,,1,100,,14451,13,,,1,100,,14452,13,,,1,100,,14453,13,,,1,58,,14454,13,,,1,100,,14455,13,,,1,100,,14456,13,,,1,100,,14457,13,,,1
701,'SUN',657,,14458,13,,,1,100,,14459,13,,,1,101,,14460,13,,,1,100,,14461,13,,,1,101,,14462,13,,,1,141,,14463,13,,,1,100,,14464,13,,,1,101,,14465,13,,,1,100,,14466,13,,,1,100,,14467,13,,,1,100,,14468,13,,,1,58,,14469,13,,,1,100,,14470,13,,,1,100,,14471,13,,,1,100,,14472,13,,,1
701,'NYE',553,,14473,13,,,1,172,,14474,13,,,1,34,,14475,13,,,1,100,,14476,13,,,1,70,,14477,13,,,1,100,,14478,13,,,1,30,,14479,13,,,1,100,,14480,13,,,1,70,,14481,13,,,1,100,,14482,13,,,1,30,,14483,13,,,1,142,,14484,13,,,1,30,,14485,13,,,1,100,,14486,13,,,1,70,,14487,13,,,1,100,,14488,13,,,1,28,,14489,13,,,1,100,,14490,13,,,1,100,,14491,13,,,1,98,,14492,13,,,1
701,'NYE/31',656,,14493,13,,,1,173,,14494,13,,,1,130,,14495,13,,,1,170,,14496,13,,,1,130,,14497,13,,,1,172,,14498,13,,,1,170,,14499,13,,,1,130,,14500,13,,,1,128,,14501,13,,,1
7201,'WKDY/30',832,,19062,16,,,1,270,,19063,16,,,1,230,,19064,16,,,1,272,,19065,16,,,1,228,,19066,16,,,1
7201,'WKDY/31',832,,19067,16,,,1,270,,19068,16,,,1,230,,19069,16,,,1,272,,19070,16,,,1,228,,19071,16,,,1
7201,'WKDY',511,,19072,16,,,1,90,,19073,16,,,1,30,,19074,16,,,1,70,,19075,16,,,1,31,,19076,16,,,1,70,,19077,16,,,1,100,,19078,16,,,1,30,,19079,16,,,1,70,,19080,16,,,1,30,,19081,16,,,1,100,,19082,16,,,1,70,,19083,16,,,1,30,,19084,16,,,1,70,,19085,16,,,1,100,,19086,16,,,1,30,,19087,16,,,1,70,,19088,16,,,1,32,,19089,16,,,1,99,,19090,16,,,1,70,,19091,16,,,1,30,,19092,16,,,1,69,,19093,16,,,1,100,,19094,16,,,1,99,,19095,16,,,1,110,,19096,16,,,1
7201,'SAT',733,,19097,16,,,1,100,,19098,16,,,1,101,,19099,16,,,1,100,,19100,16,,,1,100,,19101,16,,,1,100,,19102,16,,,1,101,,19103,16,,,1,100,,19104,16,,,1,100,,19105,16,,,1,100,,19106,16,,,1,100,,19107,16,,,1,100,,19108,16,,,1,99,,19109,16,,,1
7201,'SUN',733,,19110,16,,,1,100,,19111,16,,,1,101,,19112,16,,,1,100,,19113,16,,,1,100,,19114,16,,,1,100,,19115,16,,,1,101,,19116,16,,,1,100,,19117,16,,,1,100,,19118,16,,,1,100,,19119,16,,,1,100,,19120,16,,,1,100,,19121,16,,,1,99,,19122,16,,,1
7201,'NYE',511,,19123,16,,,1,90,,19124,16,,,1,30,,19125,16,,,1,70,,19126,16,,,1,31,,19127,16,,,1,70,,19128,16,,,1,100,,19129,16,,,1,30,,19130,16,,,1,70,,19131,16,,,1,30,,19132,16,,,1,100,,19133,16,,,1,70,,19134,16,,,1,30,,19135,16,,,1,70,,19136,16,,,1,100,,19137,16,,,1,30,,19138,16,,,1,70,,19139,16,,,1,32,,19140,16,,,1,99,,19141,16,,,1,70,,19142,16,,,1,30,,19143,16,,,1,69,,19144,16,,,1,100,,19145,16,,,1,99,,19146,16,,,1,110,,19147,16,,,1
7201,'NYE/31',832,,19148,16,,,1,270,,19149,16,,,1,230,,19150,16,,,1,272,,19151,16,,,1,228,,19152,16,,,1
