7100,'WKDY/30',716,,18559,3,,,1,101,,18560,3,,,1,115,,18561,3,,,1,115,,18562,3,,,1,156,,18563,3,,,1,115,,18564,3,,,1,115,,18565,3,,,1,116,,18566,3,,,1,170,,18567,3,,,1
7100,'WKDY/31',716,,18568,3,,,1,101,,18569,3,,,1,115,,18570,3,,,1,115,,18571,3,,,1,156,,18572,3,,,1,115,,18573,3,,,1,115,,18574,3,,,1,116,,18575,3,,,1,170,,18576,3,,,1
7100,'WKDY',530,,18577,3,,,1,70,,18578,3,,,1,31,,18579,3,,,1,70,,18580,3,,,1,30,,18581,3,,,1,15,,18582,3,,,1,55,,18583,3,,,1,31,,18584,3,,,1,15,,18585,3,,,1,55,,18586,3,,,1,15,,18587,3,,,1,30,,18588,3,,,1,55,,18589,3,,,1,15,,18590,3,,,1,15,,18591,3,,,1,70,,18592,3,,,1,16,,18593,3,,,1,15,,18594,3,,,1,15,,18595,3,,,1,70,,18596,3,,,1,15,,18597,3,,,1,15,,18598,3,,,1,55,,18599,3,,,1,30,,18600,3,,,1,15,,18601,3,,,1,55,,18602,3,,,1,15,,18603,3,,,1,30,,18604,3,,,1,55,,18605,3,,,1,15,,18606,3,,,1,15,,18607,3,,,1,71,,18608,3,,,1,15,,18609,3,,,1,15,,18610,3,,,1,15,,18611,3,,,1,55,,18612,3,,,1,30,,18613,3,,,1,15,,18614,3,,,1,68,,18615,3,,,1,30,,18616,3,,,1,70,,18617,3,,,1,30,,18618,3,,,1,69,,18619,3,,,1,30,,18620,3,,,1,70,,18621,3,,,1,30,,18622,3,,,1,70,,18623,3,,,1,100,,18624,3,,,1
7100,'SAT',626,,18625,3,,,1,20,,18626,3,,,1,60,,18627,3,,,1,20,,18628,3,,,1,21,,18629,3,,,1,61,,18630,3,,,1,20,,18631,3,,,1,20,,18632,3,,,1,58,,18633,3,,,1,21,,18634,3,,,1,19,,18635,3,,,1,59,,18636,3,,,1,20,,18637,3,,,1,20,,18638,3,,,1,60,,18639,3,,,1,20,,18640,3,,,1,21,,18641,3,,,1,61,,18642,3,,,1,21,,18643,3,,,1,22,,18644,3,,,1,60,,18645,3,,,1,21,,18646,3,,,1,20,,18647,3,,,1,60,,18648,3,,,1,20,,18649,3,,,1,20,,18650,3,,,1,61,,18651,3,,,1,20,,18652,3,,,1,20,,18653,3,,,1,61,,18654,3,,,1,20,,18655,3,,,1,19,,18656,3,,,1,59,,18657,3,,,1,20,,18658,3,,,1,20,,18659,3,,,1,59,,18660,3,,,1,20,,18661,3,,,1,19,,18662,3,,,1,61,,18663,3,,,1,20,,18664,3,,,1,20,,18665,3,,,1,61,,18666,3,,,1,20,,18667,3,,,1,19,,18668,3,,,1,60,,18669,3,,,1,20,,18670,3,,,1,70,,18671,3,,,1,30,,18672,3,,,1,29,,18673,3,,,1
7100,'SUN',626,,18674,3,,,1,30,,18675,3,,,1,70,,18676,3,,,1,30,,18677,3,,,1,71,,18678,3,,,1,30,,18679,3,,,1,70,,18680,3,,,1,30,,18681,3,,,1,70,,18682,3,,,1,31,,18683,3,,,1,70,,18684,3,,,1,30,,18685,3,,,1,71,,18686,3,,,1,30,,18687,3,,,1,70,,18688,3,,,1,30,,18689,3,,,1,70,,18690,3,,,1,30,,18691,3,,,1,70,,18692,3,,,1,30,,18693,3,,,1,70,,18694,3,,,1,29,,18695,3,,,1,70,,18696,3,,,1,30,,18697,3,,,1,70,,18698,3,,,1,30,,18699,3,,,1,69,,18700,3,,,1,30,,18701,3,,,1,70,,18702,3,,,1,30,,18703,3,,,1,70,,18704,3,,,1,30,,18705,3,,,1,70,,18706,3,,,1,30,,18707,3,,,1
7100,'NYE',530,,18708,3,,,1,70,,18709,3,,,1,31,,18710,3,,,1,70,,18711,3,,,1,30,,18712,3,,,1,15,,18713,3,,,1,55,,18714,3,,,1,31,,18715,3,,,1,15,,18716,3,,,1,55,,18717,3,,,1,15,,18718,3,,,1,30,,18719,3,,,1,55,,18720,3,,,1,15,,18721,3,,,1,15,,18722,3,,,1,70,,18723,3,,,1,16,,18724,3,,,1,15,,18725,3,,,1,15,,18726,3,,,1,70,,18727,3,,,1,15,,18728,3,,,1,15,,18729,3,,,1,55,,18730,3,,,1,30,,18731,3,,,1,15,,18732,3,,,1,55,,18733,3,,,1,15,,18734,3,,,1,30,,18735,3,,,1,55,,18736,3,,,1,15,,18737,3,,,1,15,,18738,3,,,1,71,,18739,3,,,1,15,,18740,3,,,1,15,,18741,3,,,1,15,,18742,3,,,1,55,,18743,3,,,1,30,,18744,3,,,1,15,,18745,3,,,1,68,,18746,3,,,1,30,,18747,3,,,1,70,,18748,3,,,1,30,,18749,3,,,1,69,,18750,3,,,1,30,,18751,3,,,1,70,,18752,3,,,1,30,,18753,3,,,1,70,,18754,3,,,1,100,,18755,3,,,1
7100,'NYE/31',716,,18756,3,,,1,101,,18757,3,,,1,115,,18758,3,,,1,115,,18759,3,,,1,156,,18760,3,,,1,115,,18761,3,,,1,115,,18762,3,,,1,116,,18763,3,,,1,170,,18764,3,,,1
7800,'WKDY/30',1014,,19354,3,,,1,302,,19355,3,,,1
7800,'WKDY/31',1014,,19356,3,,,1,302,,19357,3,,,1
7800,'WKDY',442,,19358,3,,,1,102,,19359,3,,,1,70,,19360,3,,,1,30,,19361,3,,,1,70,,19362,3,,,1,30,,19363,3,,,1,70,,19364,3,,,1,30,,19365,3,,,1,70,,19366,3,,,1,30,,19367,3,,,1,100,,19368,3,,,1,71,,19369,3,,,1,30,,19370,3,,,1,70,,19371,3,,,1,30,,19372,3,,,1,101,,19373,3,,,1,70,,19374,3,,,1,30,,19375,3,,,1,70,,19376,3,,,1,30,,19377,3,,,1,70,,19378,3,,,1,30,,19379,3,,,1,70,,19380,3,,,1,32,,19381,3,,,1,99,,19382,3,,,1,98,,19383,3,,,1,100,,19384,3,,,1,99,,19385,3,,,1
7800,'SAT',744,,19386,3,,,1,101,,19387,3,,,1,100,,19388,3,,,1,100,,19389,3,,,1,100,,19390,3,,,1,101,,19391,3,,,1,100,,19392,3,,,1,100,,19393,3,,,1,100,,19394,3,,,1,100,,19395,3,,,1,100,,19396,3,,,1,99,,19397,3,,,1,99,,19398,3,,,1
7800,'SUN',744,,19399,3,,,1,101,,19400,3,,,1,100,,19401,3,,,1,100,,19402,3,,,1,100,,19403,3,,,1,101,,19404,3,,,1,100,,19405,3,,,1,100,,19406,3,,,1,100,,19407,3,,,1,95,,19408,3,,,1,105,,19409,3,,,1,99,,19410,3,,,1,104,,19411,3,,,1
7800,'NYE',442,,19412,3,,,1,102,,19413,3,,,1,70,,19414,3,,,1,30,,19415,3,,,1,70,,19416,3,,,1,30,,19417,3,,,1,70,,19418,3,,,1,30,,19419,3,,,1,70,,19420,3,,,1,30,,19421,3,,,1,100,,19422,3,,,1,71,,19423,3,,,1,30,,19424,3,,,1,70,,19425,3,,,1,30,,19426,3,,,1,101,,19427,3,,,1,70,,19428,3,,,1,30,,19429,3,,,1,70,,19430,3,,,1,30,,19431,3,,,1,70,,19432,3,,,1,30,,19433,3,,,1,70,,19434,3,,,1,32,,19435,3,,,1,99,,19436,3,,,1,98,,19437,3,,,1,100,,19438,3,,,1,99,,19439,3,,,1
7800,'NYE/31',1014,,19440,3,,,1,302,,19441,3,,,1
