3001,'WKDY',529,,15166,22,,,1,94,,15167,40,,,1,30,,15168,40,,,1,65,,15169,40,,,1,34,,15170,40,,,1,76,,15171,40,,,1,31,,15172,40,,,1,66,,15173,40,,,1,31,,15174,40,,,1,68,,15175,40,,,1,31,,15176,40,,,1,69,,15177,40,,,1,30,,15178,40,,,1,70,,15179,40,,,1,30,,15180,40,,,1,74,,15181,40,,,1,72,,15182,40,,,1,30,,15183,40,,,1,70,,15184,40,,,1,34,,15185,40,,,1,73,,15186,40,,,1,28,,15187,40,,,1,69,,15188,40,,,1,25,,15189,40,,,1,28,,15190,40,,,1,68,,15191,40,,,1,28,,15192,40,,,1,69,,15193,40,,,1,28,,15194,40,,,1,65,,15195,40,,,1,30,,15196,40,,,1,67,,15197,40,,,1,99,,15198,40,,,1
3001,'SAT',707,,15199,40,,,1,101,,15200,40,,,1,30,,15201,40,,,1,72,,15202,40,,,1,33,,15203,40,,,1,71,,15204,40,,,1,31,,15205,40,,,1,71,,15206,40,,,1,30,,15207,40,,,1,73,,15208,40,,,1,31,,15209,40,,,1,72,,15210,40,,,1,30,,15211,40,,,1,69,,15212,40,,,1,31,,15213,40,,,1,70,,15214,40,,,1,29,,15215,40,,,1,69,,15216,40,,,1,31,,15217,40,,,1,68,,15218,40,,,1,30,,15219,40,,,1,67,,15220,40,,,1,100,,15221,40,,,1,98,,15222,40,,,1,100,,15223,40,,,1
3001,'SUN',708,,15224,40,,,1,101,,15225,40,,,1,106,,15226,40,,,1,100,,15227,40,,,1,102,,15228,40,,,1,101,,15229,40,,,1,102,,15230,40,,,1,100,,15231,40,,,1,100,,15232,40,,,1,99,,15233,40,,,1,100,,15234,40,,,1,99,,15235,40,,,1,97,,15236,40,,,1,98,,15237,40,,,1,100,,15238,40,,,1
3001,'NYE',529,,15239,22,,,1,94,,15240,40,,,1,30,,15241,40,,,1,65,,15242,40,,,1,34,,15243,40,,,1,76,,15244,40,,,1,31,,15245,40,,,1,66,,15246,40,,,1,31,,15247,40,,,1,68,,15248,40,,,1,31,,15249,40,,,1,69,,15250,40,,,1,30,,15251,40,,,1,70,,15252,40,,,1,30,,15253,40,,,1,74,,15254,40,,,1,72,,15255,40,,,1,30,,15256,40,,,1,70,,15257,40,,,1,34,,15258,40,,,1,73,,15259,40,,,1,28,,15260,40,,,1,69,,15261,40,,,1,25,,15262,40,,,1,28,,15263,40,,,1,68,,15264,40,,,1,28,,15265,40,,,1,69,,15266,40,,,1,28,,15267,40,,,1,65,,15268,40,,,1,30,,15269,40,,,1,67,,15270,40,,,1,99,,15271,40,,,1
7400,'WKDY/30',933,,19153,22,,,1,271,,19154,22,,,1,231,,19155,22,,,1,271,,19156,22,,,1,227,,19157,22,,,1,99,,19158,22,,,1,99,,19159,22,,,1
7400,'WKDY/31',933,,19160,22,,,1,271,,19161,22,,,1,231,,19162,22,,,1,271,,19163,22,,,1,227,,19164,22,,,1,99,,19165,22,,,1,99,,19166,22,,,1
7400,'WKDY',500,,19167,22,,,1,102,,19168,22,,,1,29,,19169,22,,,1,72,,19170,22,,,1,30,,19171,22,,,1,70,,19172,22,,,1,30,,19173,22,,,1,70,,19174,22,,,1,100,,19175,22,,,1,31,,19176,22,,,1,70,,19177,22,,,1,30,,19178,22,,,1,100,,19179,22,,,1,70,,19180,22,,,1,31,,19181,22,,,1,70,,19182,22,,,1,100,,19183,22,,,1,30,,19184,22,,,1,71,,19185,22,,,1,30,,19186,22,,,1,100,,19187,22,,,1,69,,19188,22,,,1,29,,19189,22,,,1,69,,19190,22,,,1,100,,19191,22,,,1,99,,19192,22,,,1
7400,'SAT',734,,19193,22,,,1,101,,19194,22,,,1,100,,19195,22,,,1,100,,19196,22,,,1,102,,19197,22,,,1,100,,19198,22,,,1,103,,19199,22,,,1,97,,19200,22,,,1,100,,19201,22,,,1,100,,19202,22,,,1,100,,19203,22,,,1,100,,19204,22,,,1,99,,19205,22,,,1,100,,19206,22,,,1
7400,'SUN',734,,19207,22,,,1,101,,19208,22,,,1,100,,19209,22,,,1,100,,19210,22,,,1,102,,19211,22,,,1,100,,19212,22,,,1,103,,19213,22,,,1,97,,19214,22,,,1,100,,19215,22,,,1,100,,19216,22,,,1,100,,19217,22,,,1,100,,19218,22,,,1,99,,19219,22,,,1,100,,19220,22,,,1
7400,'NYE',500,,19221,22,,,1,102,,19222,22,,,1,29,,19223,22,,,1,72,,19224,22,,,1,30,,19225,22,,,1,70,,19226,22,,,1,30,,19227,22,,,1,70,,19228,22,,,1,100,,19229,22,,,1,31,,19230,22,,,1,70,,19231,22,,,1,30,,19232,22,,,1,100,,19233,22,,,1,70,,19234,22,,,1,31,,19235,22,,,1,70,,19236,22,,,1,100,,19237,22,,,1,30,,19238,22,,,1,71,,19239,22,,,1,30,,19240,22,,,1,100,,19241,22,,,1,69,,19242,22,,,1,29,,19243,22,,,1,69,,19244,22,,,1,100,,19245,22,,,1,99,,19246,22,,,1
7400,'NYE/31',933,,19247,22,,,1,271,,19248,22,,,1,231,,19249,22,,,1,271,,19250,22,,,1,227,,19251,22,,,1,99,,19252,22,,,1,99,,19253,22,,,1
