2501,'WKDY',545,,14980,11,,,1,70,,14981,11,,,1,30,,14982,11,,,1,71,,14983,11,,,1,30,,14984,11,,,1,70,,14985,11,,,1,31,,14986,11,,,1,70,,14987,11,,,1,29,,14988,11,,,1,70,,14989,11,,,1,30,,14990,11,,,1,70,,14991,11,,,1,31,,14992,11,,,1,70,,14993,11,,,1,30,,14994,11,,,1,70,,14995,11,,,1,30,,14996,11,,,1,70,,14997,11,,,1,31,,14998,11,,,1,70,,14999,11,,,1,30,,15000,11,,,1,70,,15001,11,,,1,30,,15002,11,,,1,70,,15003,11,,,1,29,,15004,11,,,1,70,,15005,11,,,1,93,,15006,11,,,1,106,,15007,11,,,1
2501,'SAT',716,,15008,11,,,1,101,,15009,11,,,1,100,,15010,11,,,1,100,,15011,11,,,1,100,,15012,11,,,1,102,,15013,11,,,1,100,,15014,11,,,1,100,,15015,11,,,1,100,,15016,11,,,1,100,,15017,11,,,1,98,,15018,11,,,1,100,,15019,11,,,1,99,,15020,11,,,1
2501,'SUN',716,,15021,11,,,1,101,,15022,11,,,1,100,,15023,11,,,1,100,,15024,11,,,1,100,,15025,11,,,1,102,,15026,11,,,1,100,,15027,11,,,1,100,,15028,11,,,1,100,,15029,11,,,1,100,,15030,11,,,1,98,,15031,11,,,1,100,,15032,11,,,1,99,,15033,11,,,1
2501,'NYE',545,,15034,11,,,1,70,,15035,11,,,1,30,,15036,11,,,1,71,,15037,11,,,1,30,,15038,11,,,1,70,,15039,11,,,1,31,,15040,11,,,1,70,,15041,11,,,1,29,,15042,11,,,1,70,,15043,11,,,1,30,,15044,11,,,1,70,,15045,11,,,1,31,,15046,11,,,1,70,,15047,11,,,1,30,,15048,11,,,1,70,,15049,11,,,1,30,,15050,11,,,1,70,,15051,11,,,1,31,,15052,11,,,1,70,,15053,11,,,1,30,,15054,11,,,1,70,,15055,11,,,1,30,,15056,11,,,1,70,,15057,11,,,1,29,,15058,11,,,1,70,,15059,11,,,1,93,,15060,11,,,1,106,,15061,11,,,1
7801,'WKDY/30',1058,,19442,14,,,1,344,,19443,14,,,1
7801,'WKDY/31',1058,,19444,14,,,1,344,,19445,14,,,1
7801,'WKDY',529,,19446,14,,,1,96,,19447,14,,,1,31,,19448,14,,,1,71,,19449,14,,,1,30,,19450,14,,,1,70,,19451,14,,,1,30,,19452,14,,,1,70,,19453,14,,,1,30,,19454,14,,,1,70,,19455,14,,,1,101,,19456,14,,,1,72,,19457,14,,,1,30,,19458,14,,,1,71,,19459,14,,,1,30,,19460,14,,,1,101,,19461,14,,,1,71,,19462,14,,,1,30,,19463,14,,,1,71,,19464,14,,,1,30,,19465,14,,,1,71,,19466,14,,,1,29,,19467,14,,,1,69,,19468,14,,,1,32,,19469,14,,,1,98,,19470,14,,,1,94,,19471,14,,,1,100,,19472,14,,,1
7801,'SAT',826,,19473,14,,,1,103,,19474,14,,,1,100,,19475,14,,,1,102,,19476,14,,,1,100,,19477,14,,,1,102,,19478,14,,,1,100,,19479,14,,,1,100,,19480,14,,,1,99,,19481,14,,,1,100,,19482,14,,,1,100,,19483,14,,,1,96,,19484,14,,,1
7801,'SUN',826,,19485,14,,,1,103,,19486,14,,,1,100,,19487,14,,,1,102,,19488,14,,,1,100,,19489,14,,,1,102,,19490,14,,,1,100,,19491,14,,,1,100,,19492,14,,,1,99,,19493,14,,,1,95,,19494,14,,,1,105,,19495,14,,,1,96,,19496,14,,,1
7801,'NYE',529,,19497,14,,,1,96,,19498,14,,,1,31,,19499,14,,,1,71,,19500,14,,,1,30,,19501,14,,,1,70,,19502,14,,,1,30,,19503,14,,,1,70,,19504,14,,,1,30,,19505,14,,,1,70,,19506,14,,,1,101,,19507,14,,,1,72,,19508,14,,,1,30,,19509,14,,,1,71,,19510,14,,,1,30,,19511,14,,,1,101,,19512,14,,,1,71,,19513,14,,,1,30,,19514,14,,,1,71,,19515,14,,,1,30,,19516,14,,,1,71,,19517,14,,,1,29,,19518,14,,,1,69,,19519,14,,,1,32,,19520,14,,,1,98,,19521,14,,,1,94,,19522,14,,,1,100,,19523,14,,,1
7801,'NYE/31',1058,,19524,14,,,1,344,,19525,14,,,1
