2500,'WKDY',627,,14898,27,,,1,30,,14899,27,,,1,71,,14900,27,,,1,72,,14901,27,,,1,31,,14902,27,,,1,69,,14903,27,,,1,32,,14904,27,,,1,70,,14905,27,,,1,29,,14906,27,,,1,70,,14907,27,,,1,31,,14908,27,,,1,71,,14909,27,,,1,33,,14910,27,,,1,70,,14911,27,,,1,30,,14912,27,,,1,68,,14913,27,,,1,32,,14914,27,,,1,70,,14915,27,,,1,31,,14916,27,,,1,71,,14917,27,,,1,29,,14918,27,,,1,70,,14919,27,,,1,30,,14920,27,,,1,68,,14921,27,,,1,28,,14922,27,,,1,68,,14923,27,,,1,52,,14924,27,,,1,102,,14925,27,,,1
2500,'SAT',757,,14926,27,,,1,101,,14927,27,,,1,101,,14928,27,,,1,142,,14929,27,,,1,101,,14930,27,,,1,105,,14931,27,,,1,100,,14932,27,,,1,99,,14933,27,,,1,99,,14934,27,,,1,99,,14935,27,,,1,96,,14936,27,,,1,58,,14937,27,,,1,99,,14938,27,,,1
2500,'SUN',757,,14939,27,,,1,101,,14940,27,,,1,101,,14941,27,,,1,142,,14942,27,,,1,101,,14943,27,,,1,105,,14944,27,,,1,100,,14945,27,,,1,99,,14946,27,,,1,99,,14947,27,,,1,99,,14948,27,,,1,96,,14949,27,,,1,58,,14950,27,,,1,99,,14951,27,,,1
2500,'NYE',627,,14952,27,,,1,30,,14953,27,,,1,71,,14954,27,,,1,72,,14955,27,,,1,31,,14956,27,,,1,69,,14957,27,,,1,32,,14958,27,,,1,70,,14959,27,,,1,29,,14960,27,,,1,70,,14961,27,,,1,31,,14962,27,,,1,71,,14963,27,,,1,33,,14964,27,,,1,70,,14965,27,,,1,30,,14966,27,,,1,68,,14967,27,,,1,32,,14968,27,,,1,70,,14969,27,,,1,31,,14970,27,,,1,71,,14971,27,,,1,29,,14972,27,,,1,70,,14973,27,,,1,30,,14974,27,,,1,68,,14975,27,,,1,28,,14976,27,,,1,68,,14977,27,,,1,52,,14978,27,,,1,102,,14979,27,,,1
7800,'WKDY/30',1023,,19354,15,,,1,303,,19355,15,,,1
7800,'WKDY/31',1023,,19356,15,,,1,303,,19357,15,,,1
7800,'WKDY',449,,19358,15,,,1,102,,19359,15,,,1,70,,19360,15,,,1,30,,19361,15,,,1,71,,19362,15,,,1,31,,19363,15,,,1,70,,19364,15,,,1,30,,19365,15,,,1,70,,19366,15,,,1,30,,19367,15,,,1,100,,19368,15,,,1,72,,19369,15,,,1,30,,19370,15,,,1,70,,19371,15,,,1,30,,19372,15,,,1,101,,19373,15,,,1,70,,19374,15,,,1,30,,19375,15,,,1,70,,19376,15,,,1,30,,19377,15,,,1,70,,19378,15,,,1,30,,19379,15,,,1,70,,19380,15,,,1,32,,19381,15,,,1,98,,19382,15,,,1,98,,19383,15,,,1,100,,19384,15,,,1,99,,19385,15,,,1
7800,'SAT',753,,19386,15,,,1,101,,19387,15,,,1,100,,19388,15,,,1,100,,19389,15,,,1,100,,19390,15,,,1,101,,19391,15,,,1,100,,19392,15,,,1,100,,19393,15,,,1,100,,19394,15,,,1,100,,19395,15,,,1,100,,19396,15,,,1,99,,19397,15,,,1,99,,19398,15,,,1
7800,'SUN',753,,19399,15,,,1,101,,19400,15,,,1,100,,19401,15,,,1,100,,19402,15,,,1,100,,19403,15,,,1,101,,19404,15,,,1,100,,19405,15,,,1,100,,19406,15,,,1,100,,19407,15,,,1,95,,19408,15,,,1,105,,19409,15,,,1,99,,19410,15,,,1,104,,19411,15,,,1
7800,'NYE',449,,19412,15,,,1,102,,19413,15,,,1,70,,19414,15,,,1,30,,19415,15,,,1,71,,19416,15,,,1,31,,19417,15,,,1,70,,19418,15,,,1,30,,19419,15,,,1,70,,19420,15,,,1,30,,19421,15,,,1,100,,19422,15,,,1,72,,19423,15,,,1,30,,19424,15,,,1,70,,19425,15,,,1,30,,19426,15,,,1,101,,19427,15,,,1,70,,19428,15,,,1,30,,19429,15,,,1,70,,19430,15,,,1,30,,19431,15,,,1,70,,19432,15,,,1,30,,19433,15,,,1,70,,19434,15,,,1,32,,19435,15,,,1,98,,19436,15,,,1,98,,19437,15,,,1,100,,19438,15,,,1,99,,19439,15,,,1
7800,'NYE/31',1023,,19440,15,,,1,303,,19441,15,,,1
