3001,'WKDY',515,,15166,3,,,1,94,,15167,21,,,1,30,,15168,21,,,1,63,,15169,21,,,1,34,,15170,21,,,1,73,,15171,21,,,1,31,,15172,21,,,1,69,,15173,21,,,1,31,,15174,21,,,1,69,,15175,21,,,1,31,,15176,21,,,1,69,,15177,21,,,1,30,,15178,21,,,1,70,,15179,21,,,1,30,,15180,21,,,1,72,,15181,21,,,1,32,,15182,21,,,1,70,,15183,21,,,1,30,,15184,21,,,1,70,,15185,21,,,1,33,,15186,21,,,1,68,,15187,21,,,1,29,,15188,21,,,1,68,,15189,21,,,1,30,,15190,21,,,1,69,,15191,21,,,1,28,,15192,21,,,1,69,,15193,21,,,1,28,,15194,21,,,1,67,,15195,21,,,1,30,,15196,21,,,1,27,,15197,21,,,1,99,,15198,21,,,1
3001,'SAT',654,,15199,21,,,1,101,,15200,21,,,1,70,,15201,21,,,1,32,,15202,21,,,1,72,,15203,21,,,1,71,,15204,21,,,1,30,,15205,21,,,1,71,,15206,21,,,1,30,,15207,21,,,1,73,,15208,21,,,1,31,,15209,21,,,1,72,,15210,21,,,1,30,,15211,21,,,1,69,,15212,21,,,1,31,,15213,21,,,1,70,,15214,21,,,1,29,,15215,21,,,1,70,,15216,21,,,1,31,,15217,21,,,1,68,,15218,21,,,1,30,,15219,21,,,1,67,,15220,21,,,1,100,,15221,21,,,1,98,,15222,21,,,1,100,,15223,21,,,1
3001,'SUN',656,,15224,21,,,1,100,,15225,21,,,1,144,,15226,21,,,1,100,,15227,21,,,1,102,,15228,21,,,1,101,,15229,21,,,1,101,,15230,21,,,1,100,,15231,21,,,1,100,,15232,21,,,1,99,,15233,21,,,1,100,,15234,21,,,1,99,,15235,21,,,1,99,,15236,21,,,1,99,,15237,21,,,1,100,,15238,21,,,1
3001,'NYE',515,,15239,3,,,1,94,,15240,21,,,1,30,,15241,21,,,1,63,,15242,21,,,1,34,,15243,21,,,1,73,,15244,21,,,1,31,,15245,21,,,1,69,,15246,21,,,1,31,,15247,21,,,1,69,,15248,21,,,1,31,,15249,21,,,1,69,,15250,21,,,1,30,,15251,21,,,1,70,,15252,21,,,1,30,,15253,21,,,1,72,,15254,21,,,1,32,,15255,21,,,1,70,,15256,21,,,1,30,,15257,21,,,1,70,,15258,21,,,1,33,,15259,21,,,1,68,,15260,21,,,1,29,,15261,21,,,1,68,,15262,21,,,1,30,,15263,21,,,1,69,,15264,21,,,1,28,,15265,21,,,1,69,,15266,21,,,1,28,,15267,21,,,1,67,,15268,21,,,1,30,,15269,21,,,1,27,,15270,21,,,1,99,,15271,21,,,1
3201,'WKDY/30',701,,15561,26,,,1,200,,15562,26,,,1,199,,15563,26,,,1,159,,15564,26,,,1,199,,15565,26,,,1,200,,15566,26,,,1,242,,15567,26,,,1
3201,'WKDY/31',701,,15568,26,,,1,200,,15569,26,,,1,199,,15570,26,,,1,159,,15571,26,,,1,199,,15572,26,,,1,200,,15573,26,,,1,242,,15574,26,,,1
3201,'WKDY',601,,15575,26,,,1,30,,15576,26,,,1,100,,15577,26,,,1,70,,15578,26,,,1,30,,15579,26,,,1,99,,15580,26,,,1,70,,15581,26,,,1,30,,15582,26,,,1,100,,15583,26,,,1,29,,15584,26,,,1,70,,15585,26,,,1,99,,15586,26,,,1,30,,15587,26,,,1,70,,15588,26,,,1,100,,15589,26,,,1,30,,15590,26,,,1,70,,15591,26,,,1,100,,15592,26,,,1,31,,15593,26,,,1,70,,15594,26,,,1,101,,15595,26,,,1,100,,15596,26,,,1,100,,15597,26,,,1
3201,'SAT',807,,15598,26,,,1,39,,15599,26,,,1,81,,15600,26,,,1,79,,15601,26,,,1,40,,15602,26,,,1,81,,15603,26,,,1,79,,15604,26,,,1,39,,15605,26,,,1,80,,15606,26,,,1,80,,15607,26,,,1,40,,15608,26,,,1,80,,15609,26,,,1,80,,15610,26,,,1,41,,15611,26,,,1,79,,15612,26,,,1,81,,15613,26,,,1,42,,15614,26,,,1,79,,15615,26,,,1,80,,15616,26,,,1
3201,'SUN',808,,15617,26,,,1,100,,15618,26,,,1,98,,15619,26,,,1,100,,15620,26,,,1,99,,15621,26,,,1,101,,15622,26,,,1,100,,15623,26,,,1,99,,15624,26,,,1,100,,15625,26,,,1,100,,15626,26,,,1,100,,15627,26,,,1,101,,15628,26,,,1,101,,15629,26,,,1
3201,'NYE',601,,15630,26,,,1,30,,15631,26,,,1,100,,15632,26,,,1,70,,15633,26,,,1,30,,15634,26,,,1,99,,15635,26,,,1,70,,15636,26,,,1,30,,15637,26,,,1,100,,15638,26,,,1,29,,15639,26,,,1,70,,15640,26,,,1,99,,15641,26,,,1,30,,15642,26,,,1,70,,15643,26,,,1,100,,15644,26,,,1,30,,15645,26,,,1,70,,15646,26,,,1,100,,15647,26,,,1,31,,15648,26,,,1,70,,15649,26,,,1,101,,15650,26,,,1,100,,15651,26,,,1,100,,15652,26,,,1
3201,'NYE/31',701,,15653,26,,,1,200,,15654,26,,,1,199,,15655,26,,,1,159,,15656,26,,,1,199,,15657,26,,,1,200,,15658,26,,,1,242,,15659,26,,,1
