3000,'WKDY',607,,15062,9,,,1,31,,15063,9,,,1,71,,15064,9,,,1,30,,15065,9,,,1,70,,15066,9,,,1,30,,15067,9,,,1,70,,15068,9,,,1,30,,15069,9,,,1,70,,15070,9,,,1,30,,15071,9,,,1,70,,15072,9,,,1,30,,15073,9,,,1,70,,15074,9,,,1,31,,15075,9,,,1,70,,15076,9,,,1,30,,15077,9,,,1,70,,15078,9,,,1,31,,15079,9,,,1,70,,15080,9,,,1,30,,15081,9,,,1,70,,15082,9,,,1,30,,15083,9,,,1,70,,15084,9,,,1,30,,15085,9,,,1,70,,15086,9,,,1,30,,15087,9,,,1,68,,15088,9,,,1,30,,15089,9,,,1,69,,15090,9,,,1,100,,15091,9,,,1
3000,'SAT',737,,15096,9,,,1,70,,15097,9,,,1,31,,15098,9,,,1,70,,15099,9,,,1,30,,15100,9,,,1,70,,15101,9,,,1,30,,15102,9,,,1,71,,15103,9,,,1,30,,15104,9,,,1,70,,15105,9,,,1,30,,15106,9,,,1,70,,15107,9,,,1,31,,15108,9,,,1,70,,15109,9,,,1,29,,15110,9,,,1,70,,15111,9,,,1,30,,15112,9,,,1,70,,15113,9,,,1,30,,15114,9,,,1,70,,15115,9,,,1,100,,15116,9,,,1,100,,15117,9,,,1,100,,15118,9,,,1
3000,'SUN',808,,15121,9,,,1,100,,15122,9,,,1,101,,15123,9,,,1,100,,15124,9,,,1,100,,15125,9,,,1,100,,15126,9,,,1,100,,15127,9,,,1,100,,15128,9,,,1,100,,15129,9,,,1,100,,15130,9,,,1,100,,15131,9,,,1,99,,15132,9,,,1,100,,15133,9,,,1
3000,'NYE',607,,15136,9,,,1,31,,15137,9,,,1,71,,15138,9,,,1,30,,15139,9,,,1,70,,15140,9,,,1,30,,15141,9,,,1,70,,15142,9,,,1,30,,15143,9,,,1,70,,15144,9,,,1,30,,15145,9,,,1,70,,15146,9,,,1,30,,15147,9,,,1,70,,15148,9,,,1,31,,15149,9,,,1,70,,15150,9,,,1,30,,15151,9,,,1,70,,15152,9,,,1,31,,15153,9,,,1,70,,15154,9,,,1,30,,15155,9,,,1,70,,15156,9,,,1,30,,15157,9,,,1,70,,15158,9,,,1,30,,15159,9,,,1,70,,15160,9,,,1,30,,15161,9,,,1,68,,15162,9,,,1,30,,15163,9,,,1,69,,15164,9,,,1,100,,15165,9,,,1
7401,'WKDY/30',748,,19254,4,,,1,268,,19255,4,,,1,232,,19256,4,,,1,267,,19257,4,,,1,233,,19258,4,,,1,201,,19259,4,,,1,100,,19260,4,,,1,99,,19261,4,,,1
7401,'WKDY/31',748,,19262,4,,,1,268,,19263,4,,,1,232,,19264,4,,,1,267,,19265,4,,,1,233,,19266,4,,,1,201,,19267,4,,,1,100,,19268,4,,,1,99,,19269,4,,,1
7401,'WKDY',522,,19270,4,,,1,97,,19271,4,,,1,29,,19272,4,,,1,69,,19273,4,,,1,100,,19274,4,,,1,29,,19275,4,,,1,70,,19276,4,,,1,30,,19277,4,,,1,100,,19278,4,,,1,70,,19279,4,,,1,31,,19280,4,,,1,70,,19281,4,,,1,101,,19282,4,,,1,30,,19283,4,,,1,69,,19284,4,,,1,28,,19285,4,,,1,99,,19286,4,,,1,72,,19287,4,,,1,30,,19288,4,,,1,70,,19289,4,,,1,103,,19290,4,,,1,31,,19291,4,,,1,68,,19292,4,,,1,101,,19293,4,,,1
7401,'SAT',748,,19294,4,,,1,101,,19295,4,,,1,100,,19296,4,,,1,101,,19297,4,,,1,103,,19298,4,,,1,101,,19299,4,,,1,103,,19300,4,,,1,97,,19301,4,,,1,99,,19302,4,,,1,101,,19303,4,,,1,99,,19304,4,,,1,99,,19305,4,,,1,99,,19306,4,,,1,100,,19307,4,,,1
7401,'SUN',748,,19308,4,,,1,101,,19309,4,,,1,100,,19310,4,,,1,101,,19311,4,,,1,103,,19312,4,,,1,101,,19313,4,,,1,103,,19314,4,,,1,97,,19315,4,,,1,99,,19316,4,,,1,101,,19317,4,,,1,99,,19318,4,,,1,99,,19319,4,,,1,99,,19320,4,,,1,100,,19321,4,,,1
7401,'NYE',522,,19322,4,,,1,97,,19323,4,,,1,29,,19324,4,,,1,69,,19325,4,,,1,100,,19326,4,,,1,29,,19327,4,,,1,70,,19328,4,,,1,30,,19329,4,,,1,100,,19330,4,,,1,70,,19331,4,,,1,31,,19332,4,,,1,70,,19333,4,,,1,101,,19334,4,,,1,30,,19335,4,,,1,69,,19336,4,,,1,28,,19337,4,,,1,99,,19338,4,,,1,72,,19339,4,,,1,30,,19340,4,,,1,70,,19341,4,,,1,103,,19342,4,,,1,31,,19343,4,,,1,68,,19344,4,,,1,101,,19345,4,,,1
7401,'NYE/31',748,,19346,4,,,1,268,,19347,4,,,1,232,,19348,4,,,1,267,,19349,4,,,1,233,,19350,4,,,1,201,,19351,4,,,1,100,,19352,4,,,1,99,,19353,4,,,1
