10500,'WKDY/31',1245,,19979,4,,,1,100,,19980,4,,,1,100,,19981,4,,,1,100,,19982,4,,,1,80,,19983,4,,,1,80,,19984,4,,,1,40,,19985,4,,,1,70,,19986,4,,,1,30,,19987,4,,,1,100,,19988,4,,,1,100,,19989,4,,,1
10500,'NYE/31',1245,,19999,4,,,1,100,,20000,4,,,1,100,,20001,4,,,1,100,,20002,4,,,1,80,,20003,4,,,1,80,,20004,4,,,1,40,,20005,4,,,1,70,,20006,4,,,1,30,,20007,4,,,1,100,,20008,4,,,1,100,,20009,4,,,1
10600,'WKDY/30',1526,,20052,4,,,1,80,,20053,4,,,1,41,,20054,4,,,1,82,,20055,4,,,1
10600,'WKDY/31',1526,,20056,4,,,1,80,,20057,4,,,1,41,,20058,4,,,1,82,,20059,4,,,1
10600,'NYE/31',1526,,20060,4,,,1,80,,20061,4,,,1,41,,20062,4,,,1,82,,20063,4,,,1
10601,'WKDY/30',548,,20064,5,,,1,86,,20065,5,,,1,85,,20066,5,,,1,84,,20067,5,,,1,35,,20068,5,,,1
16400,'WKDY/30',1335,,20085,4,,,1,100,,20086,4,,,1,70,,20087,4,,,1,30,,20088,4,,,1,20,,20089,4,,,1,60,,20090,4,,,1,20,,20091,4,,,1,20,,20092,4,,,1,60,,20093,4,,,1,20,,20094,4,,,1,70,,20095,4,,,1,30,,20096,4,,,1
16400,'WKDY/31',1335,,20103,4,,,1,100,,20104,4,,,1,70,,20105,4,,,1,30,,20106,4,,,1,20,,20107,4,,,1,60,,20108,4,,,1,20,,20109,4,,,1,20,,20110,4,,,1,60,,20111,4,,,1,20,,20112,4,,,1,70,,20113,4,,,1,30,,20114,4,,,1
16400,'WKDY',1235,,20116,4,,,1,700,,20117,4,,,1,100,,20118,4,,,1
16400,'NYE',1235,,20120,4,,,1,700,,20121,4,,,1,100,,20122,4,,,1
16400,'NYE/31',1335,,20129,4,,,1,100,,20130,4,,,1,70,,20131,4,,,1,30,,20132,4,,,1,20,,20133,4,,,1,60,,20134,4,,,1,20,,20135,4,,,1,20,,20136,4,,,1,60,,20137,4,,,1,20,,20138,4,,,1,70,,20139,4,,,1,30,,20140,4,,,1
