3001,'WKDY',2026,,15195,51,4,,1
3001,'NYE',2026,,15268,51,4,,1
3400,'WKDY',537,,15660,1,,,1,85,,15661,1,,,1,30,,15662,1,,,1,70,,15663,1,,,1,30,,15664,1,,,1,72,,15665,1,,,1,31,,15666,1,,,1,70,,15667,1,,,1,30,,15668,1,,,1,70,,15669,1,,,1,30,,15670,1,,,1,70,,15671,1,,,1,30,,15672,1,,,1,70,,15673,1,,,1,30,,15674,1,,,1,70,,15675,1,,,1,32,,15676,1,,,1,70,,15677,1,,,1,30,,15678,1,,,1,71,,15679,1,,,1,31,,15680,1,,,1,70,,15681,1,,,1,30,,15682,1,,,1,69,,15683,1,,,1,30,,15684,1,,,1,69,,15685,1,,,1,30,,15686,1,,,1,69,,15687,1,,,1,29,,15688,1,,,1,68,,15689,1,,,1,30,,15696,1,,,1,70,,15690,1,,,1,28,,15692,1,,,1,71,,15691,1,,,1,29,,15693,1,,,1,70,,15694,1,,,1,30,,15695,1,,,1
3400,'SAT',705,,15697,1,,,1,30,,15698,1,,,1,70,,15699,1,,,1,30,,15700,1,,,1,70,,15701,1,,,1,30,,15702,1,,,1,70,,15703,1,,,1,30,,15704,1,,,1,70,,15705,1,,,1,25,,15706,1,,,1,70,,15707,1,,,1,30,,15708,1,,,1,70,,15709,1,,,1,30,,15710,1,,,1,70,,15711,1,,,1,30,,15712,1,,,1,70,,15713,1,,,1,30,,15714,1,,,1,70,,15715,1,,,1,30,,15716,1,,,1,75,,15717,1,,,1,30,,15718,1,,,1,70,,15719,1,,,1,30,,15720,1,,,1,70,,15721,1,,,1,30,,15722,1,,,1,70,,15723,1,,,1,30,,15724,1,,,1,70,,15725,1,,,1,30,,15726,1,,,1,70,,15727,1,,,1,30,,15728,1,,,1,70,,15729,1,,,1,30,,15730,1,,,1
3400,'SUN',705,,15731,1,,,1,30,,15732,1,,,1,70,,15733,1,,,1,30,,15734,1,,,1,70,,15735,1,,,1,30,,15736,1,,,1,70,,15737,1,,,1,30,,15738,1,,,1,70,,15739,1,,,1,25,,15740,1,,,1,70,,15741,1,,,1,30,,15742,1,,,1,70,,15743,1,,,1,30,,15744,1,,,1,70,,15745,1,,,1,30,,15746,1,,,1,70,,15747,1,,,1,30,,15748,1,,,1,70,,15749,1,,,1,30,,15750,1,,,1,75,,15751,1,,,1,30,,15752,1,,,1,70,,15753,1,,,1,30,,15754,1,,,1,70,,15755,1,,,1,30,,15756,1,,,1,70,,15757,1,,,1,30,,15758,1,,,1,70,,15759,1,,,1,30,,15760,1,,,1,70,,15761,1,,,1,30,,15762,1,,,1,70,,15763,1,,,1,30,,15764,1,,,1
3400,'NYE',537,,15765,1,,,1,85,,15766,1,,,1,30,,15767,1,,,1,70,,15768,1,,,1,30,,15769,1,,,1,72,,15770,1,,,1,31,,15771,1,,,1,70,,15772,1,,,1,30,,15773,1,,,1,70,,15774,1,,,1,30,,15775,1,,,1,70,,15776,1,,,1,30,,15777,1,,,1,70,,15778,1,,,1,30,,15779,1,,,1,70,,15780,1,,,1,32,,15781,1,,,1,70,,15782,1,,,1,30,,15783,1,,,1,71,,15784,1,,,1,31,,15785,1,,,1,70,,15786,1,,,1,30,,15787,1,,,1,69,,15788,1,,,1,30,,15789,1,,,1,69,,15790,1,,,1,30,,15791,1,,,1,69,,15792,1,,,1,29,,15793,1,,,1,68,,15794,1,,,1,30,,15795,1,,,1,70,,15796,1,,,1,28,,15797,1,,,1,71,,15798,1,,,1,29,,15799,1,,,1,70,,15800,1,,,1,30,,15801,1,,,1,62,,15802,1,,,1,15,,15803,1,,,1,72,,15804,1,,,1,27,,15805,1,,,1,30,,15806,1,,,1
3401,'WKDY',2001,,15836,10,4,,1,130,,15839,10,4,,1,70,,15840,10,4,,1,30,,15841,10,4,,1,70,,15842,10,4,,1,30,,15843,10,4,,1,70,,15844,10,4,,1
3401,'NYE',2001,,15942,10,4,,1,130,,15945,10,4,,1,70,,15946,10,4,,1,30,,15947,10,4,,1,70,,15948,10,4,,1,30,,15949,10,4,,1,70,,15950,10,4,,1,25,,15951,10,4,,1,31,,15952,10,4,,1,68,,15953,10,4,,1,30,,15954,10,4,,1,70,,15955,10,4,,1
6501,'SAT',655,,18395,2,4,,1,70,,18396,2,4,,1,30,,18397,2,4,,1,70,,18398,2,4,,1,30,,18399,2,4,,1,70,,18400,2,4,,1,30,,18401,2,4,,1,71,,18402,2,4,,1,30,,18403,2,4,,1,71,,18404,2,4,,1,30,,18405,2,4,,1,66,,18406,2,4,,1,30,,18407,2,4,,1,71,,18408,2,4,,1,101,,18410,2,4,,1,30,,18411,2,4,,1,70,,18412,2,4,,1,29,,18413,2,4,,1,70,,18414,2,4,,1,29,,18415,2,4,,1,70,,18416,2,4,,1,34,,18417,2,4,,1,70,,18418,2,4,,1,29,,18419,2,4,,1,69,,18420,2,4,,1,30,,18421,2,4,,1,70,,18422,2,4,,1,30,,18423,2,4,,1,70,,18424,2,4,,1,30,,18425,2,4,,1,70,,18426,2,4,,1,30,,18427,2,4,,1,70,,18428,2,4,,1
6501,'SUN',655,,18431,2,4,,1,70,,18432,2,4,,1,30,,18433,2,4,,1,70,,18434,2,4,,1,30,,18435,2,4,,1,70,,18436,2,4,,1,30,,18437,2,4,,1,71,,18438,2,4,,1,30,,18439,2,4,,1,71,,18440,2,4,,1,30,,18441,2,4,,1,66,,18442,2,4,,1,30,,18443,2,4,,1,71,,18444,2,4,,1,101,,18446,2,4,,1,30,,18447,2,4,,1,70,,18448,2,4,,1,29,,18449,2,4,,1,70,,18450,2,4,,1,29,,18451,2,4,,1,70,,18452,2,4,,1,34,,18453,2,4,,1,70,,18454,2,4,,1,29,,18455,2,4,,1,69,,18456,2,4,,1,30,,18457,2,4,,1,70,,18458,2,4,,1,30,,18459,2,4,,1,70,,18460,2,4,,1,30,,18461,2,4,,1,70,,18462,2,4,,1,30,,18463,2,4,,1,70,,18464,2,4,,1
6501,'NYE',2404,,18526,2,4,,1
9200,'WKDY',620,,19786,28,4,,1,30,,19787,28,4,,1,70,,19788,28,4,,1,30,,19789,28,4,,1,72,,19790,28,4,,1,31,,19791,28,4,,1,70,,19792,28,4,,1,30,,19793,28,4,,1,70,,19794,28,4,,1,30,,19795,28,4,,1,70,,19796,28,4,,1,30,,19797,28,4,,1,70,,19798,28,4,,1,30,,19799,28,4,,1,70,,19800,28,4,,1,32,,19801,28,4,,1,70,,19802,28,4,,1,30,,19803,28,4,,1,71,,19804,28,4,,1,31,,19805,28,4,,1,70,,19806,28,4,,1,30,,19807,28,4,,1,69,,19808,28,4,,1,30,,19809,28,4,,1,69,,19810,28,4,,1,30,,19811,28,4,,1,69,,19812,28,4,,1,29,,19813,28,4,,1,68,,19814,28,4,,1,100,,19815,28,4,,1,99,,19816,28,4,,1
9200,'NYE',620,,19847,28,4,,1,30,,19848,28,4,,1,70,,19849,28,4,,1,30,,19850,28,4,,1,72,,19851,28,4,,1,31,,19852,28,4,,1,70,,19853,28,4,,1,30,,19854,28,4,,1,70,,19855,28,4,,1,30,,19856,28,4,,1,70,,19857,28,4,,1,30,,19858,28,4,,1,70,,19859,28,4,,1,30,,19860,28,4,,1,70,,19861,28,4,,1,32,,19862,28,4,,1,70,,19863,28,4,,1,30,,19864,28,4,,1,71,,19865,28,4,,1,31,,19866,28,4,,1,70,,19867,28,4,,1,30,,19868,28,4,,1,69,,19869,28,4,,1,30,,19870,28,4,,1,69,,19871,28,4,,1,30,,19872,28,4,,1,69,,19873,28,4,,1,29,,19874,28,4,,1,68,,19875,28,4,,1,100,,19876,28,4,,1,99,,19877,28,4,,1
