6000,'WKDY/30',521,,17213,5,4,,1,29,,17214,5,4,,1,65,,17215,5,4,,1,14,,17216,5,4,,1,16,,17217,5,4,,1,56,,17218,5,4,,1,15,,17219,5,4,,1,15,,17220,5,4,,1,16,,17221,5,4,,1,55,,17222,5,4,,1,15,,17223,5,4,,1,15,,17224,5,4,,1,15,,17225,5,4,,1,55,,17226,5,4,,1,14,,17227,5,4,,1,15,,17228,5,4,,1,15,,17229,5,4,,1,55,,17230,5,4,,1,16,,17231,5,4,,1,15,,17232,5,4,,1,15,,17233,5,4,,1,55,,17234,5,4,,1,15,,17235,5,4,,1,15,,17236,5,4,,1,15,,17237,5,4,,1,55,,17238,5,4,,1,13,,17239,5,4,,1,15,,17240,5,4,,1,17,,17241,5,4,,1,55,,17242,5,4,,1,15,,17243,5,4,,1,15,,17244,5,4,,1,15,,17245,5,4,,1,55,,17246,5,4,,1,15,,17247,5,4,,1,15,,17248,5,4,,1,15,,17249,5,4,,1,55,,17250,5,4,,1,15,,17251,5,4,,1,15,,17252,5,4,,1,15,,17253,5,4,,1,55,,17254,5,4,,1,15,,17255,5,4,,1,15,,17256,5,4,,1,15,,17257,5,4,,1,55,,17258,5,4,,1,15,,17259,5,4,,1,15,,17260,5,4,,1,15,,17261,5,4,,1,55,,17262,5,4,,1,15,,17263,5,4,,1,15,,17264,5,4,,1,15,,17265,5,4,,1,56,,17266,5,4,,1,14,,17267,5,4,,1,15,,17268,5,4,,1,16,,17269,5,4,,1,55,,17270,5,4,,1,15,,17271,5,4,,1,15,,17272,5,4,,1,15,,17273,5,4,,1,55,,17274,5,4,,1,15,,17275,5,4,,1,14,,17276,5,4,,1,15,,17277,5,4,,1,55,,17279,1,,,1,9,,17280,5,4,,1,31,,17281,5,4,,1,75,,17282,5,4,,1,30,,17283,5,4,,1,65,,17284,5,4,,1,29,,17286,1,,,1
6000,'WKDY/31',521,,17287,5,4,,1,29,,17288,5,4,,1,65,,17289,5,4,,1,14,,17290,5,4,,1,16,,17291,5,4,,1,56,,17292,5,4,,1,15,,17293,5,4,,1,15,,17294,5,4,,1,16,,17295,5,4,,1,55,,17296,5,4,,1,15,,17297,5,4,,1,15,,17298,5,4,,1,15,,17299,5,4,,1,55,,17300,5,4,,1,14,,17301,5,4,,1,15,,17302,5,4,,1,15,,17303,5,4,,1,55,,17304,5,4,,1,16,,17305,5,4,,1,15,,17306,5,4,,1,15,,17307,5,4,,1,55,,17308,5,4,,1,15,,17309,5,4,,1,15,,17310,5,4,,1,15,,17311,5,4,,1,55,,17312,5,4,,1,9,,17313,2,4,,1,15,,17314,2,4,,1,12,,17315,2,4,,1,18,,17316,2,4,,1,55,,17317,2,4,,1,15,,17318,2,4,,1,16,,17319,2,4,,1,15,,17320,2,4,,1,54,,17321,2,4,,1,14,,17322,2,4,,1,17,,17323,2,4,,1,15,,17324,2,4,,1,56,,17325,2,4,,1,16,,17326,2,4,,1,14,,17327,2,4,,1,15,,17328,2,4,,1,54,,17329,2,4,,1,16,,17330,2,4,,1,16,,17331,2,4,,1,14,,17332,2,4,,1,56,,17333,2,4,,1,15,,17334,2,4,,1,15,,17335,2,4,,1,15,,17336,2,4,,1,57,,17337,2,4,,1,12,,17338,2,4,,1,14,,17339,2,4,,1,15,,17340,2,4,,1,54,,17341,2,4,,1,15,,17342,2,4,,1,15,,17343,2,4,,1,15,,17344,2,4,,1,55,,17345,2,4,,1,15,,17346,2,4,,1,15,,17347,2,4,,1,15,,17348,2,4,,1,55,,17349,2,4,,1,14,,17350,2,4,,1,15,,17351,2,4,,1,15,,17352,2,4,,1,49,,17354,2,4,,1,31,,17355,2,4,,1,69,,17356,2,4,,1,31,,17357,2,4,,1,70,,17358,2,4,,1,29,,17359,2,4,,1
6000,'SAT/30',652,,17361,5,4,,1,70,,17362,5,4,,1,30,,17363,5,4,,1,70,,17364,5,4,,1,31,,17365,5,4,,1,69,,17366,5,4,,1,30,,17367,5,4,,1,49,,17368,5,4,,1,15,,17369,5,4,,1,16,,17370,5,4,,1,15,,17371,5,4,,1,55,,17372,5,4,,1,15,,17373,5,4,,1,15,,17374,5,4,,1,10,,17375,5,4,,1,14,,17376,5,4,,1,62,,17377,5,4,,1,10,,17378,5,4,,1,15,,17379,5,4,,1,15,,17380,5,4,,1,55,,17381,5,4,,1,15,,17382,5,4,,1,15,,17383,5,4,,1,15,,17384,5,4,,1,55,,17385,5,4,,1,15,,17386,5,4,,1,15,,17387,5,4,,1,15,,17388,5,4,,1,55,,17389,5,4,,1,15,,17390,5,4,,1,15,,17391,5,4,,1,15,,17392,5,4,,1,55,,17393,5,4,,1,15,,17394,5,4,,1,15,,17395,5,4,,1,15,,17396,5,4,,1,55,,17397,5,4,,1,15,,17398,5,4,,1,15,,17399,5,4,,1,15,,17400,5,4,,1,55,,17401,5,4,,1,15,,17402,5,4,,1,15,,17403,5,4,,1,15,,17404,5,4,,1,55,,17405,5,4,,1,15,,17406,5,4,,1,15,,17407,5,4,,1,15,,17408,5,4,,1,55,,17409,5,4,,1,15,,17410,5,4,,1,15,,17411,5,4,,1,15,,17412,5,4,,1,55,,17413,5,4,,1,15,,17414,5,4,,1,15,,17415,5,4,,1,15,,17417,1,,,1,52,,17418,5,4,,1,44,,17419,5,4,,1,71,,17420,5,4,,1,29,,17421,5,4,,1,71,,17422,1,,,1
6000,'SAT/31',652,,17424,5,4,,1,70,,17425,5,4,,1,30,,17426,5,4,,1,70,,17427,5,4,,1,31,,17428,5,4,,1,69,,17429,5,4,,1,30,,17430,5,4,,1,49,,17431,5,4,,1,15,,17432,5,4,,1,16,,17433,5,4,,1,15,,17434,5,4,,1,55,,17435,5,4,,1,15,,17436,5,4,,1,15,,17437,5,4,,1,10,,17438,5,4,,1,14,,17439,5,4,,1,57,,17440,2,4,,1,10,,17441,2,4,,1,15,,17442,2,4,,1,16,,17443,2,4,,1,55,,17444,2,4,,1,15,,17445,2,4,,1,15,,17446,2,4,,1,15,,17447,2,4,,1,55,,17448,2,4,,1,15,,17449,2,4,,1,15,,17450,2,4,,1,15,,17451,2,4,,1,55,,17452,2,4,,1,15,,17453,2,4,,1,16,,17454,2,4,,1,15,,17455,2,4,,1,55,,17456,2,4,,1,15,,17457,2,4,,1,15,,17458,2,4,,1,15,,17459,2,4,,1,55,,17460,2,4,,1,15,,17461,2,4,,1,15,,17462,2,4,,1,15,,17463,2,4,,1,54,,17464,2,4,,1,15,,17465,2,4,,1,15,,17466,2,4,,1,13,,17467,2,4,,1,55,,17468,2,4,,1,13,,17469,2,4,,1,15,,17470,2,4,,1,15,,17471,2,4,,1,55,,17472,2,4,,1,15,,17473,2,4,,1,15,,17474,2,4,,1,15,,17475,2,4,,1,55,,17476,2,4,,1,15,,17477,2,4,,1,15,,17478,2,4,,1,15,,17479,2,4,,1,52,,17481,2,4,,1,26,,17482,2,4,,1,30,,17483,2,4,,1,88,,17484,2,4,,1,71,,17486,2,4,,1
6000,'SUN/30',652,,17487,5,4,,1,70,,17488,5,4,,1,30,,17489,5,4,,1,70,,17490,5,4,,1,31,,17491,5,4,,1,69,,17492,5,4,,1,30,,17493,5,4,,1,49,,17494,5,4,,1,15,,17495,5,4,,1,16,,17496,5,4,,1,15,,17497,5,4,,1,55,,17498,5,4,,1,15,,17499,5,4,,1,15,,17500,5,4,,1,10,,17501,5,4,,1,14,,17502,5,4,,1,62,,17503,5,4,,1,10,,17504,5,4,,1,15,,17505,5,4,,1,15,,17506,5,4,,1,55,,17507,5,4,,1,15,,17508,5,4,,1,15,,17509,5,4,,1,15,,17510,5,4,,1,55,,17511,5,4,,1,15,,17512,5,4,,1,15,,17513,5,4,,1,15,,17514,5,4,,1,55,,17515,5,4,,1,15,,17516,5,4,,1,15,,17517,5,4,,1,15,,17518,5,4,,1,55,,17519,5,4,,1,15,,17520,5,4,,1,15,,17521,5,4,,1,15,,17522,5,4,,1,55,,17523,5,4,,1,15,,17524,5,4,,1,15,,17525,5,4,,1,15,,17526,5,4,,1,55,,17527,5,4,,1,15,,17528,5,4,,1,15,,17529,5,4,,1,15,,17530,5,4,,1,55,,17531,5,4,,1,15,,17532,5,4,,1,15,,17533,5,4,,1,15,,17534,5,4,,1,55,,17535,5,4,,1,15,,17536,5,4,,1,15,,17537,5,4,,1,15,,17538,5,4,,1,55,,17539,5,4,,1,15,,17540,5,4,,1,15,,17541,5,4,,1,15,,17542,1,,,1,52,,17544,5,4,,1,44,,17545,5,4,,1,71,,17546,5,4,,1,29,,17547,5,4,,1,71,,17549,1,,,1
6000,'SUN/31',652,,17550,5,4,,1,70,,17551,5,4,,1,30,,17552,5,4,,1,70,,17553,5,4,,1,31,,17554,5,4,,1,69,,17555,5,4,,1,30,,17556,5,4,,1,49,,17557,5,4,,1,15,,17558,5,4,,1,16,,17559,5,4,,1,15,,17560,5,4,,1,55,,17561,5,4,,1,15,,17562,5,4,,1,15,,17563,5,4,,1,10,,17564,5,4,,1,14,,17565,5,4,,1,57,,17566,2,4,,1,10,,17567,2,4,,1,15,,17568,2,4,,1,16,,17569,2,4,,1,55,,17570,2,4,,1,15,,17571,2,4,,1,15,,17572,2,4,,1,15,,17573,2,4,,1,55,,17574,2,4,,1,15,,17575,2,4,,1,15,,17576,2,4,,1,15,,17577,2,4,,1,55,,17578,2,4,,1,15,,17579,2,4,,1,16,,17580,2,4,,1,15,,17581,2,4,,1,55,,17582,2,4,,1,15,,17583,2,4,,1,15,,17584,2,4,,1,15,,17585,2,4,,1,55,,17586,2,4,,1,15,,17587,2,4,,1,15,,17588,2,4,,1,15,,17589,2,4,,1,54,,17590,2,4,,1,15,,17591,2,4,,1,15,,17592,2,4,,1,13,,17593,2,4,,1,55,,17594,2,4,,1,13,,17595,2,4,,1,15,,17596,2,4,,1,15,,17597,2,4,,1,55,,17598,2,4,,1,15,,17599,2,4,,1,15,,17600,2,4,,1,15,,17601,2,4,,1,55,,17602,2,4,,1,15,,17603,2,4,,1,15,,17604,2,4,,1,15,,17605,2,4,,1,52,,17607,2,4,,1,26,,17608,2,4,,1,30,,17609,2,4,,1,88,,17610,2,4,,1,71,,17612,2,4,,1
6000,'NYE/31',521,,17613,5,4,,1,29,,17614,5,4,,1,65,,17615,5,4,,1,14,,17616,5,4,,1,16,,17617,5,4,,1,56,,17618,5,4,,1,15,,17619,5,4,,1,15,,17620,5,4,,1,16,,17621,5,4,,1,55,,17622,5,4,,1,15,,17623,5,4,,1,15,,17624,5,4,,1,15,,17625,5,4,,1,55,,17626,5,4,,1,14,,17627,5,4,,1,15,,17628,5,4,,1,15,,17629,5,4,,1,55,,17630,5,4,,1,16,,17631,5,4,,1,15,,17632,5,4,,1,15,,17633,5,4,,1,55,,17634,5,4,,1,15,,17635,5,4,,1,15,,17636,5,4,,1,15,,17637,5,4,,1,55,,17638,5,4,,1,9,,17639,2,4,,1,15,,17640,2,4,,1,12,,17641,2,4,,1,18,,17642,2,4,,1,55,,17643,2,4,,1,15,,17644,2,4,,1,16,,17645,2,4,,1,15,,17646,2,4,,1,54,,17647,2,4,,1,14,,17648,2,4,,1,17,,17649,2,4,,1,15,,17650,2,4,,1,56,,17651,2,4,,1,16,,17652,2,4,,1,14,,17653,2,4,,1,15,,17654,2,4,,1,54,,17655,2,4,,1,16,,17656,2,4,,1,16,,17657,2,4,,1,14,,17658,2,4,,1,56,,17659,2,4,,1,15,,17660,2,4,,1,15,,17661,2,4,,1,15,,17662,2,4,,1,57,,17663,2,4,,1,12,,17664,2,4,,1,14,,17665,2,4,,1,15,,17666,2,4,,1,54,,17667,2,4,,1,15,,17668,2,4,,1,15,,17669,2,4,,1,15,,17670,2,4,,1,55,,17671,2,4,,1,15,,17672,2,4,,1,15,,17673,2,4,,1,15,,17674,2,4,,1,55,,17675,2,4,,1,14,,17676,2,4,,1,15,,17677,2,4,,1,15,,17678,2,4,,1,49,,17680,2,4,,1,31,,17681,2,4,,1,69,,17682,2,4,,1,31,,17683,2,4,,1,70,,17684,2,4,,1,29,,17685,2,4,,1,74,,17686,2,4,,1,30,,17687,2,4,,1,70,,17688,2,4,,1,30,,17689,2,4,,1
6001,'WKDY/30',452,,17691,1,0,5 6,1,69,,17692,1,0,5 6,1,29,,17693,1,0,5 6,1,52,,17694,1,0,5 6,1,13,,17695,1,0,5 6,1,14,,17696,1,0,5 6,1,16,,17697,1,0,5 6,1,56,,17698,1,0,5 6,1,15,,17699,1,0,5 6,1,15,,17700,1,0,5 6,1,16,,17701,1,0,5 6,1,55,,17702,1,0,5 6,1,15,,17703,1,0,5 6,1,15,,17704,1,0,5 6,1,15,,17705,1,0,5 6,1,55,,17706,1,0,5 6,1,14,,17707,1,0,5 6,1,15,,17708,1,0,5 6,1,15,,17709,1,0,5 6,1,55,,17710,1,0,5 6,1,16,,17711,1,0,5 6,1,15,,17712,1,0,5 6,1,15,,17713,1,0,5 6,1,55,,17714,1,0,5 6,1,15,,17715,1,0,5 6,1,15,,17716,1,0,5 6,1,15,,17717,1,0,5 6,1,55,,17718,1,0,5 6,1,13,,17719,1,0,5 6,1,15,,17720,1,0,5 6,1,17,,17721,1,0,5 6,1,55,,17722,1,0,5 6,1,15,,17723,1,0,5 6,1,15,,17724,1,0,5 6,1,15,,17725,1,0,5 6,1,55,,17726,1,0,5 6,1,15,,17727,1,0,5 6,1,15,,17728,1,0,5 6,1,15,,17729,1,0,5 6,1,55,,17730,1,0,5 6,1,15,,17731,1,0,5 6,1,15,,17732,1,0,5 6,1,15,,17733,1,0,5 6,1,55,,17734,1,0,5 6,1,15,,17735,1,0,5 6,1,15,,17736,1,0,5 6,1,15,,17737,1,0,5 6,1,55,,17738,1,0,5 6,1,15,,17739,1,0,5 6,1,15,,17740,1,0,5 6,1,15,,17741,1,0,5 6,1,55,,17742,1,0,5 6,1,15,,17743,1,0,5 6,1,15,,17744,1,0,5 6,1,15,,17745,1,0,5 6,1,56,,17746,1,0,5 6,1,14,,17747,1,0,5 6,1,15,,17748,1,0,5 6,1,16,,17749,1,0,5 6,1,55,,17750,1,0,5 6,1,15,,17751,1,0,5 6,1,15,,17752,1,0,5 6,1,15,,17753,1,0,5 6,1,55,,17754,1,0,5 6,1,15,,17755,1,0,5 6,1,14,,17756,1,0,5 6,1,15,,17757,1,0,5 6,1,64,,17758,1,0,5 6,1,31,,17759,1,0,5 6,1,75,,17760,1,0,5 6,1,30,,17761,1,0,5 6,1,65,,17762,1,0,5 6,1
6001,'WKDY/31',452,,17763,1,0,5 6,1,69,,17764,1,0,5 6,1,29,,17765,1,0,5 6,1,52,,17766,1,0,5 6,1,13,,17767,1,0,5 6,1,14,,17768,1,0,5 6,1,16,,17769,1,0,5 6,1,56,,17770,1,0,5 6,1,15,,17771,1,0,5 6,1,15,,17772,1,0,5 6,1,16,,17773,1,0,5 6,1,55,,17774,1,0,5 6,1,15,,17775,1,0,5 6,1,15,,17776,1,0,5 6,1,15,,17777,1,0,5 6,1,55,,17778,1,0,5 6,1,14,,17779,1,0,5 6,1,15,,17780,1,0,5 6,1,15,,17781,1,0,5 6,1,55,,17782,1,0,5 6,1,16,,17783,1,0,5 6,1,15,,17784,1,0,5 6,1,15,,17785,1,0,5 6,1,55,,17786,1,0,5 6,1,15,,17787,1,0,5 6,1,15,,17788,1,0,5 6,1,15,,17789,1,0,5 27,1,55,,17790,1,0,5 27,1,9,,17791,1,0,5 27,1,15,,17792,1,0,5 27,1,12,,17793,1,0,5 27,1,18,,17794,1,0,5 27,1,55,,17795,1,0,5 27,1,15,,17796,1,0,5 27,1,16,,17797,1,0,5 27,1,15,,17798,1,0,5 27,1,54,,17799,1,0,5 27,1,14,,17800,1,0,5 27,1,17,,17801,1,0,5 27,1,15,,17802,1,0,5 27,1,56,,17803,1,0,5 27,1,16,,17804,1,0,5 27,1,14,,17805,1,0,5 27,1,15,,17806,1,0,5 27,1,54,,17807,1,0,5 27,1,16,,17808,1,0,5 27,1,16,,17809,1,0,5 27,1,14,,17810,1,0,5 27,1,56,,17811,1,0,5 27,1,15,,17812,1,0,5 27,1,15,,17813,1,0,5 27,1,15,,17814,1,0,5 27,1,57,,17815,1,0,5 27,1,12,,17816,1,0,5 27,1,14,,17817,1,0,5 27,1,15,,17818,1,0,5 27,1,54,,17819,1,0,5 27,1,15,,17820,1,0,5 27,1,15,,17821,1,0,5 27,1,15,,17822,1,0,5 27,1,55,,17823,1,0,5 27,1,15,,17824,1,0,5 27,1,15,,17825,1,0,5 27,1,15,,17826,1,0,5 27,1,55,,17827,1,0,5 27,1,14,,17828,1,0,5 27,1,15,,17829,1,0,5 27,1,64,,17830,1,0,5 27,1,31,,17831,1,0,5 27,1,69,,17832,1,0,5 27,1,31,,17833,1,0,5 27,1,70,,17834,1,0,5 27,1
6001,'SAT/30',615,,17835,1,0,5 6,1,37,,17836,1,0,5 6,1,70,,17837,1,0,5 6,1,30,,17838,1,0,5 6,1,70,,17839,1,0,5 6,1,31,,17840,1,0,5 6,1,69,,17841,1,0,5 6,1,9,,17842,1,0,5 6,1,21,,17843,1,0,5 6,1,49,,17844,1,0,5 6,1,15,,17845,1,0,5 6,1,16,,17846,1,0,5 6,1,15,,17847,1,0,5 6,1,55,,17848,1,0,5 6,1,15,,17849,1,0,5 6,1,15,,17850,1,0,5 6,1,10,,17851,1,0,5 6,1,14,,17852,1,0,5 6,1,62,,17853,1,0,5 6,1,10,,17854,1,0,5 6,1,15,,17855,1,0,5 6,1,15,,17856,1,0,5 6,1,55,,17857,1,0,5 6,1,15,,17858,1,0,5 6,1,15,,17859,1,0,5 6,1,15,,17860,1,0,5 6,1,55,,17861,1,0,5 6,1,15,,17862,1,0,5 6,1,15,,17863,1,0,5 6,1,15,,17864,1,0,5 6,1,55,,17865,1,0,5 6,1,15,,17866,1,0,5 6,1,15,,17867,1,0,5 6,1,15,,17868,1,0,5 6,1,55,,17869,1,0,5 6,1,15,,17870,1,0,5 6,1,15,,17871,1,0,5 6,1,15,,17872,1,0,5 6,1,55,,17873,1,0,5 6,1,15,,17874,1,0,5 6,1,15,,17875,1,0,5 6,1,15,,17876,1,0,5 6,1,55,,17877,1,0,5 6,1,15,,17878,1,0,5 6,1,15,,17879,1,0,5 6,1,15,,17880,1,0,5 6,1,55,,17881,1,0,5 6,1,15,,17882,1,0,5 6,1,15,,17883,1,0,5 6,1,15,,17884,1,0,5 6,1,55,,17885,1,0,5 6,1,15,,17886,1,0,5 6,1,15,,17887,1,0,5 6,1,15,,17888,1,0,5 6,1,55,,17889,1,0,5 6,1,15,,17890,1,0,5 6,1,15,,17891,1,0,5 6,1,67,,17892,1,0,5 6,1,44,,17893,1,0,5 6,1,71,,17894,1,0,5 6,1,29,,17895,1,0,5 6,1
6001,'SAT/31',615,,17896,1,0,5 6,1,37,,17897,1,0,5 6,1,70,,17898,1,0,5 6,1,30,,17899,1,0,5 6,1,70,,17900,1,0,5 6,1,31,,17901,1,0,5 6,1,69,,17902,1,0,5 6,1,9,,17903,1,0,5 6,1,21,,17904,1,0,5 6,1,49,,17905,1,0,5 6,1,15,,17906,1,0,5 6,1,16,,17907,1,0,5 6,1,15,,17908,1,0,5 6,1,55,,17909,1,0,5 6,1,15,,17910,1,0,5 6,1,15,,17911,1,0,5 6,1,10,,17912,1,0,5 27,1,14,,17913,1,0,5 27,1,57,,17914,1,0,5 27,1,10,,17915,1,0,5 27,1,15,,17916,1,0,5 27,1,16,,17917,1,0,5 27,1,55,,17918,1,0,5 27,1,15,,17919,1,0,5 27,1,15,,17920,1,0,5 27,1,15,,17921,1,0,5 27,1,55,,17922,1,0,5 27,1,15,,17923,1,0,5 27,1,15,,17924,1,0,5 27,1,15,,17925,1,0,5 27,1,55,,17926,1,0,5 27,1,15,,17927,1,0,5 27,1,16,,17928,1,0,5 27,1,15,,17929,1,0,5 27,1,55,,17930,1,0,5 27,1,15,,17931,1,0,5 27,1,15,,17932,1,0,5 27,1,15,,17933,1,0,5 27,1,55,,17934,1,0,5 27,1,15,,17935,1,0,5 27,1,15,,17936,1,0,5 27,1,15,,17937,1,0,5 27,1,54,,17938,1,0,5 27,1,15,,17939,1,0,5 27,1,15,,17940,1,0,5 27,1,13,,17941,1,0,5 27,1,55,,17942,1,0,5 27,1,13,,17943,1,0,5 27,1,15,,17944,1,0,5 27,1,15,,17945,1,0,5 27,1,55,,17946,1,0,5 27,1,15,,17947,1,0,5 27,1,15,,17948,1,0,5 27,1,15,,17949,1,0,5 27,1,55,,17950,1,0,5 27,1,15,,17951,1,0,5 27,1,15,,17952,1,0,5 27,1,67,,17953,1,0,5 27,1,26,,17954,1,0,5 27,1,30,,17955,1,0,5 27,1,88,,17956,1,0,5 27,1
6001,'SUN/30',615,,17957,1,0,5 6,1,37,,17958,1,0,5 6,1,70,,17959,1,0,5 6,1,30,,17960,1,0,5 6,1,70,,17961,1,0,5 6,1,31,,17962,1,0,5 6,1,69,,17963,1,0,5 6,1,9,,17964,1,0,5 6,1,21,,17965,1,0,5 6,1,49,,17966,1,0,5 6,1,15,,17967,1,0,5 6,1,16,,17968,1,0,5 6,1,15,,17969,1,0,5 6,1,55,,17970,1,0,5 6,1,15,,17971,1,0,5 6,1,15,,17972,1,0,5 6,1,10,,17973,1,0,5 6,1,14,,17974,1,0,5 6,1,62,,17975,1,0,5 6,1,10,,17976,1,0,5 6,1,15,,17977,1,0,5 6,1,15,,17978,1,0,5 6,1,55,,17979,1,0,5 6,1,15,,17980,1,0,5 6,1,15,,17981,1,0,5 6,1,15,,17982,1,0,5 6,1,55,,17983,1,0,5 6,1,15,,17984,1,0,5 6,1,15,,17985,1,0,5 6,1,15,,17986,1,0,5 6,1,55,,17987,1,0,5 6,1,15,,17988,1,0,5 6,1,15,,17989,1,0,5 6,1,15,,17990,1,0,5 6,1,55,,17991,1,0,5 6,1,15,,17992,1,0,5 6,1,15,,17993,1,0,5 6,1,15,,17994,1,0,5 6,1,55,,17995,1,0,5 6,1,15,,17996,1,0,5 6,1,15,,17997,1,0,5 6,1,15,,17998,1,0,5 6,1,55,,17999,1,0,5 6,1,15,,18000,1,0,5 6,1,15,,18001,1,0,5 6,1,15,,18002,1,0,5 6,1,55,,18003,1,0,5 6,1,15,,18004,1,0,5 6,1,15,,18005,1,0,5 6,1,15,,18006,1,0,5 6,1,55,,18007,1,0,5 6,1,15,,18008,1,0,5 6,1,15,,18009,1,0,5 6,1,15,,18010,1,0,5 6,1,55,,18011,1,0,5 6,1,15,,18012,1,0,5 6,1,15,,18013,1,0,5 6,1,67,,18014,1,0,5 6,1,44,,18015,1,0,5 6,1,71,,18016,1,0,5 6,1,29,,18017,1,0,5 6,1
6001,'SUN/31',615,,18018,1,0,5 6,1,37,,18019,1,0,5 6,1,70,,18020,1,0,5 6,1,30,,18021,1,0,5 6,1,70,,18022,1,0,5 6,1,31,,18023,1,0,5 6,1,69,,18024,1,0,5 6,1,9,,18025,1,0,5 6,1,21,,18026,1,0,5 6,1,49,,18027,1,0,5 6,1,15,,18028,1,0,5 6,1,16,,18029,1,0,5 6,1,15,,18030,1,0,5 6,1,55,,18031,1,0,5 6,1,15,,18032,1,0,5 6,1,15,,18033,1,0,5 6,1,10,,18034,1,0,5 27,1,14,,18035,1,0,5 27,1,57,,18036,1,0,5 27,1,10,,18037,1,0,5 27,1,15,,18038,1,0,5 27,1,16,,18039,1,0,5 27,1,55,,18040,1,0,5 27,1,15,,18041,1,0,5 27,1,15,,18042,1,0,5 27,1,15,,18043,1,0,5 27,1,55,,18044,1,0,5 27,1,15,,18045,1,0,5 27,1,15,,18046,1,0,5 27,1,15,,18047,1,0,5 27,1,55,,18048,1,0,5 27,1,15,,18049,1,0,5 27,1,16,,18050,1,0,5 27,1,15,,18051,1,0,5 27,1,55,,18052,1,0,5 27,1,15,,18053,1,0,5 27,1,15,,18054,1,0,5 27,1,15,,18055,1,0,5 27,1,55,,18056,1,0,5 27,1,15,,18057,1,0,5 27,1,15,,18058,1,0,5 27,1,15,,18059,1,0,5 27,1,54,,18060,1,0,5 27,1,15,,18061,1,0,5 27,1,15,,18062,1,0,5 27,1,13,,18063,1,0,5 27,1,55,,18064,1,0,5 27,1,13,,18065,1,0,5 27,1,15,,18066,1,0,5 27,1,15,,18067,1,0,5 27,1,55,,18068,1,0,5 27,1,15,,18069,1,0,5 27,1,15,,18070,1,0,5 27,1,15,,18071,1,0,5 27,1,55,,18072,1,0,5 27,1,15,,18073,1,0,5 27,1,15,,18074,1,0,5 27,1,67,,18075,1,0,5 27,1,26,,18076,1,0,5 27,1,30,,18077,1,0,5 27,1,88,,18078,1,0,5 27,1
6001,'NYE/31',452,,18079,1,0,5 6,1,69,,18080,1,0,5 6,1,29,,18081,1,0,5 6,1,52,,18082,1,0,5 6,1,13,,18083,1,0,5 6,1,14,,18084,1,0,5 6,1,16,,18085,1,0,5 6,1,56,,18086,1,0,5 6,1,15,,18087,1,0,5 6,1,15,,18088,1,0,5 6,1,16,,18089,1,0,5 6,1,55,,18090,1,0,5 6,1,15,,18091,1,0,5 6,1,15,,18092,1,0,5 6,1,15,,18093,1,0,5 6,1,55,,18094,1,0,5 6,1,14,,18095,1,0,5 6,1,15,,18096,1,0,5 6,1,15,,18097,1,0,5 6,1,55,,18098,1,0,5 6,1,16,,18099,1,0,5 6,1,15,,18100,1,0,5 6,1,15,,18101,1,0,5 6,1,55,,18102,1,0,5 6,1,15,,18103,1,0,5 6,1,15,,18104,1,0,5 6,1,15,,18105,1,0,5 27,1,55,,18106,1,0,5 27,1,9,,18107,1,0,5 27,1,15,,18108,1,0,5 27,1,12,,18109,1,0,5 27,1,18,,18110,1,0,5 27,1,55,,18111,1,0,5 27,1,15,,18112,1,0,5 27,1,16,,18113,1,0,5 27,1,15,,18114,1,0,5 27,1,54,,18115,1,0,5 27,1,14,,18116,1,0,5 27,1,17,,18117,1,0,5 27,1,15,,18118,1,0,5 27,1,56,,18119,1,0,5 27,1,16,,18120,1,0,5 27,1,14,,18121,1,0,5 27,1,15,,18122,1,0,5 27,1,54,,18123,1,0,5 27,1,16,,18124,1,0,5 27,1,16,,18125,1,0,5 27,1,14,,18126,1,0,5 27,1,56,,18127,1,0,5 27,1,15,,18128,1,0,5 27,1,15,,18129,1,0,5 27,1,15,,18130,1,0,5 27,1,57,,18131,1,0,5 27,1,12,,18132,1,0,5 27,1,14,,18133,1,0,5 27,1,15,,18134,1,0,5 27,1,54,,18135,1,0,5 27,1,15,,18136,1,0,5 27,1,15,,18137,1,0,5 27,1,15,,18138,1,0,5 27,1,55,,18139,1,0,5 27,1,15,,18140,1,0,5 27,1,15,,18141,1,0,5 27,1,15,,18142,1,0,5 27,1,55,,18143,1,0,5 27,1,14,,18144,1,0,5 27,1,15,,18145,1,0,5 27,1,64,,18146,1,0,5 27,1,31,,18147,1,0,5 27,1,69,,18148,1,0,5 27,1,31,,18149,1,0,5 27,1,70,,18150,1,0,5 27,1,29,,18151,1,0,5 27,1,74,,18152,1,0,5 27,1,30,,18153,1,0,5 27,1,70,,18154,1,0,5 27,1
7101,'WKDY/30',738,,18765,3,,,1,103,,18766,3,,,1,116,,18767,3,,,1,157,,18768,3,,,1,117,,18769,3,,,1,115,,18770,3,,,1,155,,18771,3,,,1,116,,18772,3,,,1,129,,18773,3,,,1
7101,'WKDY/31',738,,18774,3,,,1,103,,18775,3,,,1,116,,18776,3,,,1,157,,18777,3,,,1,117,,18778,3,,,1,115,,18779,3,,,1,155,,18780,3,,,1,116,,18781,3,,,1,129,,18782,3,,,1
7101,'WKDY',549,,18783,3,,,1,73,,18784,3,,,1,31,,18785,3,,,1,70,,18786,3,,,1,30,,18787,3,,,1,56,,18788,3,,,1,15,,18789,3,,,1,32,,18790,3,,,1,56,,18791,3,,,1,15,,18792,3,,,1,15,,18793,3,,,1,70,,18794,3,,,1,17,,18795,3,,,1,15,,18796,3,,,1,15,,18797,3,,,1,70,,18798,3,,,1,17,,18799,3,,,1,55,,18800,3,,,1,15,,18801,3,,,1,30,,18802,3,,,1,55,,18803,3,,,1,15,,18804,3,,,1,15,,18805,3,,,1,70,,18806,3,,,1,15,,18807,3,,,1,15,,18808,3,,,1,15,,18809,3,,,1,70,,18810,3,,,1,15,,18811,3,,,1,15,,18812,3,,,1,55,,18813,3,,,1,31,,18814,3,,,1,14,,18815,3,,,1,55,,18816,3,,,1,15,,18817,3,,,1,15,,18818,3,,,1,69,,18819,3,,,1,15,,18820,3,,,1,28,,18821,3,,,1,70,,18822,3,,,1,29,,18823,3,,,1,70,,18824,3,,,1,28,,18825,3,,,1,69,,18826,3,,,1,30,,18827,3,,,1,68,,18828,3,,,1,30,,18829,3,,,1,100,,18830,3,,,1
7101,'SAT',648,,18831,3,,,1,60,,18832,3,,,1,20,,18833,3,,,1,20,,18834,3,,,1,61,,18835,3,,,1,21,,18836,3,,,1,20,,18837,3,,,1,61,,18838,3,,,1,18,,18839,3,,,1,22,,18840,3,,,1,59,,18841,3,,,1,20,,18842,3,,,1,21,,18843,3,,,1,60,,18844,3,,,1,20,,18845,3,,,1,20,,18846,3,,,1,61,,18847,3,,,1,21,,18848,3,,,1,23,,18849,3,,,1,64,,18850,3,,,1,20,,18851,3,,,1,61,,18852,3,,,1,20,,18853,3,,,1,20,,18854,3,,,1,60,,18855,3,,,1,20,,18856,3,,,1,20,,18857,3,,,1,60,,18858,3,,,1,20,,18859,3,,,1,21,,18860,3,,,1,60,,18861,3,,,1,17,,18862,3,,,1,19,,18863,3,,,1,20,,18864,3,,,1,60,,18865,3,,,1,18,,18866,3,,,1,20,,18867,3,,,1,59,,18868,3,,,1,19,,18869,3,,,1,20,,18870,3,,,1,60,,18871,3,,,1,21,,18872,3,,,1,19,,18873,3,,,1,59,,18874,3,,,1,20,,18875,3,,,1,20,,18876,3,,,1,70,,18877,3,,,1,28,,18878,3,,,1,68,,18879,3,,,1
7101,'SUN',648,,18880,3,,,1,70,,18881,3,,,1,30,,18882,3,,,1,70,,18883,3,,,1,32,,18884,3,,,1,70,,18885,3,,,1,32,,18886,3,,,1,70,,18887,3,,,1,30,,18888,3,,,1,71,,18889,3,,,1,30,,18890,3,,,1,72,,18891,3,,,1,33,,18892,3,,,1,70,,18893,3,,,1,30,,18894,3,,,1,70,,18895,3,,,1,30,,18896,3,,,1,70,,18897,3,,,1,30,,18898,3,,,1,70,,18899,3,,,1,30,,18900,3,,,1,66,,18901,3,,,1,30,,18902,3,,,1,70,,18903,3,,,1,29,,18904,3,,,1,70,,18905,3,,,1,28,,18906,3,,,1,70,,18907,3,,,1,29,,18908,3,,,1,70,,18909,3,,,1,29,,18910,3,,,1,69,,18911,3,,,1,30,,18912,3,,,1,70,,18913,3,,,1
7101,'NYE',549,,18914,3,,,1,73,,18915,3,,,1,31,,18916,3,,,1,70,,18917,3,,,1,30,,18918,3,,,1,56,,18919,3,,,1,15,,18920,3,,,1,32,,18921,3,,,1,56,,18922,3,,,1,15,,18923,3,,,1,15,,18924,3,,,1,70,,18925,3,,,1,17,,18926,3,,,1,15,,18927,3,,,1,15,,18928,3,,,1,70,,18929,3,,,1,17,,18930,3,,,1,55,,18931,3,,,1,15,,18932,3,,,1,30,,18933,3,,,1,55,,18934,3,,,1,15,,18935,3,,,1,15,,18936,3,,,1,70,,18937,3,,,1,15,,18938,3,,,1,15,,18939,3,,,1,15,,18940,3,,,1,70,,18941,3,,,1,15,,18942,3,,,1,15,,18943,3,,,1,55,,18944,3,,,1,31,,18945,3,,,1,14,,18946,3,,,1,55,,18947,3,,,1,15,,18948,3,,,1,15,,18949,3,,,1,69,,18950,3,,,1,15,,18951,3,,,1,28,,18952,3,,,1,70,,18953,3,,,1,29,,18954,3,,,1,70,,18955,3,,,1,28,,18956,3,,,1,69,,18957,3,,,1,30,,18958,3,,,1,68,,18959,3,,,1,30,,18960,3,,,1,100,,18961,3,,,1
7101,'NYE/31',738,,18962,3,,,1,103,,18963,3,,,1,116,,18964,3,,,1,157,,18965,3,,,1,117,,18966,3,,,1,115,,18967,3,,,1,155,,18968,3,,,1,116,,18969,3,,,1,129,,18970,3,,,1
10500,'WKDY/31',556,,19970,4,,,1,82,,19971,4,,,1,87,,19972,4,,,1,90,,19973,4,,,1,42,,19974,4,,,1,87,,19975,4,,,1,65,,19976,4,,,1,102,,19977,4,,,1,97,,19978,4,,,1,112,,19979,7,,,1,100,,19980,7,,,1,106,,19981,7,,,1,104,,19982,7,,,1,77,,19983,7,,,1,40,,19984,7,,,1,76,,19985,7,,,1,27,,19986,7,,,1,65,,19987,7,,,1,91,,19988,7,,,1,100,,19989,7,,,1
10500,'NYE/31',556,,19990,4,,,1,82,,19991,4,,,1,87,,19992,4,,,1,90,,19993,4,,,1,42,,19994,4,,,1,87,,19995,4,,,1,65,,19996,4,,,1,102,,19997,4,,,1,97,,19998,4,,,1,112,,19999,7,,,1,100,,20000,7,,,1,106,,20001,7,,,1,104,,20002,7,,,1,77,,20003,7,,,1,40,,20004,7,,,1,76,,20005,7,,,1,27,,20006,7,,,1,65,,20007,7,,,1,91,,20008,7,,,1,100,,20009,7,,,1
50000,'WKDY/30',513,,20223,3,,,1,25,,20224,3,,,1,101,,20225,3,,,1,75,,20226,3,,,1,30,,20227,3,,,1,65,,20228,3,,,1,30,,20229,3,,,1,87,,20230,3,,,1,100,,20231,3,,,1,100,,20232,3,,,1,100,,20233,3,,,1,100,,20234,3,,,1,102,,20235,3,,,1,100,,20236,3,,,1,85,,20237,3,,,1,30,,20238,3,,,1,85,,20239,3,,,1,29,,20240,3,,,1,68,,20241,3,,,1,100,,20242,3,,,1,98,,20243,3,,,1
89900,'WKDY/16',1041,,20268,2,0,19,1
89901,'WKDY/16',1300,,20272,4,4,,1
