1900,'SAT',1801,,14780,12,4,,1
1900,'SUN',1000,,14784,12,4,,1,201,,14786,12,4,,1,402,,14790,12,4,,1,198,,14792,12,4,,1
2500,'WKDY',639,,14898,36,4,,1,70,,14899,36,4,,1,31,,14900,36,4,,1,72,,14901,36,4,,1,31,,14902,36,4,,1,69,,14903,36,4,,1,32,,14904,36,4,,1,70,,14905,36,4,,1,29,,14906,36,4,,1,70,,14907,36,4,,1,31,,14908,36,4,,1,71,,14909,36,4,,1,34,,14910,36,4,,1,70,,14911,36,4,,1,30,,14912,36,4,,1,68,,14913,36,4,,1,32,,14914,36,4,,1,70,,14915,36,4,,1,31,,14916,36,4,,1,72,,14917,36,4,,1,29,,14918,36,4,,1,70,,14919,36,4,,1,30,,14920,36,4,,1,94,,14922,36,4,,1,67,,14923,36,4,,1,92,,14924,36,4,,1,101,,14925,36,4,,1
2500,'SAT',2007,,14938,36,4,,1
2500,'SUN',2007,,14951,36,4,,1
2500,'NYE',639,,14952,36,4,,1,70,,14953,36,4,,1,31,,14954,36,4,,1,72,,14955,36,4,,1,31,,14956,36,4,,1,69,,14957,36,4,,1,32,,14958,36,4,,1,70,,14959,36,4,,1,29,,14960,36,4,,1,70,,14961,36,4,,1,31,,14962,36,4,,1,71,,14963,36,4,,1,34,,14964,36,4,,1,70,,14965,36,4,,1,30,,14966,36,4,,1,68,,14967,36,4,,1,32,,14968,36,4,,1,70,,14969,36,4,,1,31,,14970,36,4,,1,72,,14971,36,4,,1,29,,14972,36,4,,1,70,,14973,36,4,,1,30,,14974,36,4,,1,94,,14976,36,4,,1,67,,14977,36,4,,1,92,,14978,36,4,,1,101,,14979,36,4,,1
2501,'WKDY',537,,14980,1,,,1,70,,14981,1,,,1,30,,14982,1,,,1,70,,14983,1,,,1,30,,14984,1,,,1,70,,14985,1,,,1,30,,14986,1,,,1,70,,14987,1,,,1,30,,14988,1,,,1,70,,14989,1,,,1,30,,14990,1,,,1,70,,14991,1,,,1,30,,14992,1,,,1,70,,14993,1,,,1,30,,14994,1,,,1,70,,14995,1,,,1,30,,14996,1,,,1,70,,14997,1,,,1,30,,14998,1,,,1,70,,14999,1,,,1,30,,15000,1,,,1,70,,15001,1,,,1,30,,15002,1,,,1,70,,15003,1,,,1,30,,15004,1,,,1,70,,15005,1,,,1,93,,15006,1,,,1,107,,15007,1,,,1
2501,'SAT',707,,15008,1,,,1,100,,15009,1,,,1,100,,15010,1,,,1,100,,15011,1,,,1,100,,15012,1,,,1,100,,15013,1,,,1,100,,15014,1,,,1,100,,15015,1,,,1,100,,15016,1,,,1,100,,15017,1,,,1,100,,15018,1,,,1,100,,15019,1,,,1,100,,15020,1,,,1
2501,'SUN',707,,15021,1,,,1,100,,15022,1,,,1,100,,15023,1,,,1,100,,15024,1,,,1,100,,15025,1,,,1,100,,15026,1,,,1,100,,15027,1,,,1,100,,15028,1,,,1,100,,15029,1,,,1,100,,15030,1,,,1,100,,15031,1,,,1,100,,15032,1,,,1,100,,15033,1,,,1
2501,'NYE',537,,15034,1,,,1,70,,15035,1,,,1,30,,15036,1,,,1,70,,15037,1,,,1,30,,15038,1,,,1,70,,15039,1,,,1,30,,15040,1,,,1,70,,15041,1,,,1,30,,15042,1,,,1,70,,15043,1,,,1,30,,15044,1,,,1,70,,15045,1,,,1,30,,15046,1,,,1,70,,15047,1,,,1,30,,15048,1,,,1,70,,15049,1,,,1,30,,15050,1,,,1,70,,15051,1,,,1,30,,15052,1,,,1,70,,15053,1,,,1,30,,15054,1,,,1,70,,15055,1,,,1,30,,15056,1,,,1,70,,15057,1,,,1,30,,15058,1,,,1,70,,15059,1,,,1,93,,15060,1,,,1,107,,15061,1,,,1
4800,'SUN',1644,,16015,5,4,,1
7101,'SAT',748,,18833,23,4,,1,104,,18836,23,4,,1,101,,18839,23,4,,1,102,,18842,23,4,,1,293,,18850,23,4,,1,202,,18856,23,4,,1,100,,18859,23,4,,1
7101,'SUN',1848,,18903,23,4,,1
7801,'SAT',1146,,19476,28,4,,1,102,,19477,28,4,,1,201,,19479,28,4,,1,397,,19483,28,4,,1
7801,'SUN',840,,19485,28,4,,1,204,,19487,28,4,,1,204,,19489,28,4,,1,102,,19490,28,4,,1,99,,19491,28,4,,1
