3200,'WKDY/30',718,,15467,3,,,1,200,,15468,3,,,1,200,,15469,3,,,1,201,,15470,3,,,1,200,,15471,3,,,1,200,,15472,3,,,1
3200,'WKDY/31',718,,15473,3,,,1,200,,15474,3,,,1,200,,15475,3,,,1,201,,15476,3,,,1,200,,15477,3,,,1,200,,15478,3,,,1
3200,'WKDY',547,,15479,3,,,1,70,,15480,3,,,1,31,,15481,3,,,1,100,,15482,3,,,1,70,,15483,3,,,1,30,,15484,3,,,1,100,,15485,3,,,1,70,,15486,3,,,1,30,,15487,3,,,1,101,,15488,3,,,1,70,,15489,3,,,1,30,,15490,3,,,1,100,,15491,3,,,1,70,,15492,3,,,1,30,,15493,3,,,1,100,,15494,3,,,1,70,,15495,3,,,1,30,,15496,3,,,1,99,,15497,3,,,1,70,,15498,3,,,1,30,,15499,3,,,1,100,,15500,3,,,1,100,,15501,3,,,1
3200,'SAT',825,,15502,3,,,1,80,,15503,3,,,1,40,,15504,3,,,1,80,,15505,3,,,1,80,,15506,3,,,1,40,,15507,3,,,1,80,,15508,3,,,1,80,,15509,3,,,1,40,,15510,3,,,1,80,,15511,3,,,1,80,,15512,3,,,1,40,,15513,3,,,1,80,,15514,3,,,1,80,,15515,3,,,1,40,,15516,3,,,1,80,,15517,3,,,1,80,,15518,3,,,1,40,,15519,3,,,1
3200,'SUN',825,,15520,3,,,1,100,,15521,3,,,1,100,,15522,3,,,1,100,,15523,3,,,1,100,,15524,3,,,1,100,,15525,3,,,1,100,,15526,3,,,1,100,,15527,3,,,1,100,,15528,3,,,1,100,,15529,3,,,1,100,,15530,3,,,1,100,,15531,3,,,1
3200,'NYE',547,,15532,3,,,1,70,,15533,3,,,1,31,,15534,3,,,1,100,,15535,3,,,1,70,,15536,3,,,1,30,,15537,3,,,1,100,,15538,3,,,1,70,,15539,3,,,1,30,,15540,3,,,1,101,,15541,3,,,1,70,,15542,3,,,1,30,,15543,3,,,1,100,,15544,3,,,1,70,,15545,3,,,1,30,,15546,3,,,1,100,,15547,3,,,1,70,,15548,3,,,1,30,,15549,3,,,1,99,,15550,3,,,1,70,,15551,3,,,1,30,,15552,3,,,1,100,,15553,3,,,1,100,,15554,3,,,1
3200,'NYE/31',718,,15555,3,,,1,200,,15556,3,,,1,200,,15557,3,,,1,201,,15558,3,,,1,200,,15559,3,,,1,200,,15560,3,,,1
7801,'WKDY/30',1045,,19442,3,,,1,304,,19443,3,,,1
7801,'WKDY/31',1045,,19444,3,,,1,304,,19445,3,,,1
7801,'WKDY',518,,19446,3,,,1,96,,19447,3,,,1,30,,19448,3,,,1,70,,19449,3,,,1,30,,19450,3,,,1,70,,19451,3,,,1,30,,19452,3,,,1,70,,19453,3,,,1,30,,19454,3,,,1,70,,19455,3,,,1,101,,19456,3,,,1,32,,19457,3,,,1,70,,19458,3,,,1,31,,19459,3,,,1,70,,19460,3,,,1,101,,19461,3,,,1,30,,19462,3,,,1,70,,19463,3,,,1,31,,19464,3,,,1,70,,19465,3,,,1,31,,19466,3,,,1,69,,19467,3,,,1,30,,19468,3,,,1,72,,19469,3,,,1,98,,19470,3,,,1,95,,19471,3,,,1,100,,19472,3,,,1
7801,'SAT',814,,19473,3,,,1,102,,19474,3,,,1,100,,19475,3,,,1,102,,19476,3,,,1,100,,19477,3,,,1,102,,19478,3,,,1,100,,19479,3,,,1,100,,19480,3,,,1,99,,19481,3,,,1,100,,19482,3,,,1,100,,19483,3,,,1,96,,19484,3,,,1
7801,'SUN',814,,19485,3,,,1,102,,19486,3,,,1,100,,19487,3,,,1,102,,19488,3,,,1,100,,19489,3,,,1,102,,19490,3,,,1,100,,19491,3,,,1,100,,19492,3,,,1,99,,19493,3,,,1,95,,19494,3,,,1,105,,19495,3,,,1,96,,19496,3,,,1
7801,'NYE',518,,19497,3,,,1,96,,19498,3,,,1,30,,19499,3,,,1,70,,19500,3,,,1,30,,19501,3,,,1,70,,19502,3,,,1,30,,19503,3,,,1,70,,19504,3,,,1,30,,19505,3,,,1,70,,19506,3,,,1,101,,19507,3,,,1,32,,19508,3,,,1,70,,19509,3,,,1,31,,19510,3,,,1,70,,19511,3,,,1,101,,19512,3,,,1,30,,19513,3,,,1,70,,19514,3,,,1,31,,19515,3,,,1,70,,19516,3,,,1,31,,19517,3,,,1,69,,19518,3,,,1,30,,19519,3,,,1,72,,19520,3,,,1,98,,19521,3,,,1,95,,19522,3,,,1,100,,19523,3,,,1
7801,'NYE/31',1045,,19524,3,,,1,304,,19525,3,,,1
