3200,'WKDY/30',718,,15467,4,,,1,201,,15468,4,,,1,200,,15469,4,,,1,200,,15470,4,,,1,201,,15471,4,,,1,199,,15472,4,,,1
3200,'WKDY/31',718,,15473,4,,,1,201,,15474,4,,,1,200,,15475,4,,,1,200,,15476,4,,,1,201,,15477,4,,,1,199,,15478,4,,,1
3200,'WKDY',548,,15479,4,,,1,70,,15480,4,,,1,30,,15481,4,,,1,101,,15482,4,,,1,70,,15483,4,,,1,30,,15484,4,,,1,100,,15485,4,,,1,70,,15486,4,,,1,30,,15487,4,,,1,100,,15488,4,,,1,70,,15489,4,,,1,30,,15490,4,,,1,100,,15491,4,,,1,71,,15492,4,,,1,30,,15493,4,,,1,100,,15494,4,,,1,70,,15495,4,,,1,29,,15496,4,,,1,100,,15497,4,,,1,70,,15498,4,,,1,30,,15499,4,,,1,100,,15500,4,,,1,100,,15501,4,,,1
3200,'SAT',826,,15502,4,,,1,80,,15503,4,,,1,40,,15504,4,,,1,80,,15505,4,,,1,80,,15506,4,,,1,40,,15507,4,,,1,80,,15508,4,,,1,80,,15509,4,,,1,40,,15510,4,,,1,80,,15511,4,,,1,80,,15512,4,,,1,40,,15513,4,,,1,80,,15514,4,,,1,80,,15515,4,,,1,40,,15516,4,,,1,80,,15517,4,,,1,80,,15518,4,,,1,40,,15519,4,,,1
3200,'SUN',825,,15520,4,,,1,100,,15521,4,,,1,101,,15522,4,,,1,100,,15523,4,,,1,100,,15524,4,,,1,100,,15525,4,,,1,100,,15526,4,,,1,100,,15527,4,,,1,100,,15528,4,,,1,100,,15529,4,,,1,99,,15530,4,,,1,100,,15531,4,,,1
3200,'NYE',548,,15532,4,,,1,70,,15533,4,,,1,30,,15534,4,,,1,101,,15535,4,,,1,70,,15536,4,,,1,30,,15537,4,,,1,100,,15538,4,,,1,70,,15539,4,,,1,30,,15540,4,,,1,100,,15541,4,,,1,70,,15542,4,,,1,30,,15543,4,,,1,100,,15544,4,,,1,71,,15545,4,,,1,30,,15546,4,,,1,100,,15547,4,,,1,70,,15548,4,,,1,29,,15549,4,,,1,100,,15550,4,,,1,70,,15551,4,,,1,30,,15552,4,,,1,100,,15553,4,,,1,100,,15554,4,,,1
3200,'NYE/31',718,,15555,4,,,1,201,,15556,4,,,1,200,,15557,4,,,1,200,,15558,4,,,1,201,,15559,4,,,1,199,,15560,4,,,1
7801,'WKDY/30',1045,,19442,4,,,1,304,,19443,4,,,1
7801,'WKDY/31',1045,,19444,4,,,1,304,,19445,4,,,1
7801,'WKDY',518,,19446,4,,,1,96,,19447,4,,,1,31,,19448,4,,,1,70,,19449,4,,,1,30,,19450,4,,,1,70,,19451,4,,,1,30,,19452,4,,,1,70,,19453,4,,,1,30,,19454,4,,,1,70,,19455,4,,,1,100,,19456,4,,,1,32,,19457,4,,,1,70,,19458,4,,,1,31,,19459,4,,,1,70,,19460,4,,,1,101,,19461,4,,,1,30,,19462,4,,,1,70,,19463,4,,,1,31,,19464,4,,,1,70,,19465,4,,,1,31,,19466,4,,,1,69,,19467,4,,,1,30,,19468,4,,,1,72,,19469,4,,,1,98,,19470,4,,,1,96,,19471,4,,,1,100,,19472,4,,,1
7801,'SAT',815,,19473,4,,,1,102,,19474,4,,,1,100,,19475,4,,,1,101,,19476,4,,,1,100,,19477,4,,,1,102,,19478,4,,,1,100,,19479,4,,,1,100,,19480,4,,,1,99,,19481,4,,,1,100,,19482,4,,,1,100,,19483,4,,,1,97,,19484,4,,,1
7801,'SUN',815,,19485,4,,,1,102,,19486,4,,,1,100,,19487,4,,,1,101,,19488,4,,,1,100,,19489,4,,,1,102,,19490,4,,,1,100,,19491,4,,,1,100,,19492,4,,,1,99,,19493,4,,,1,95,,19494,4,,,1,105,,19495,4,,,1,97,,19496,4,,,1
7801,'NYE',518,,19497,4,,,1,96,,19498,4,,,1,31,,19499,4,,,1,70,,19500,4,,,1,30,,19501,4,,,1,70,,19502,4,,,1,30,,19503,4,,,1,70,,19504,4,,,1,30,,19505,4,,,1,70,,19506,4,,,1,100,,19507,4,,,1,32,,19508,4,,,1,70,,19509,4,,,1,31,,19510,4,,,1,70,,19511,4,,,1,101,,19512,4,,,1,30,,19513,4,,,1,70,,19514,4,,,1,31,,19515,4,,,1,70,,19516,4,,,1,31,,19517,4,,,1,69,,19518,4,,,1,30,,19519,4,,,1,72,,19520,4,,,1,98,,19521,4,,,1,96,,19522,4,,,1,100,,19523,4,,,1
7801,'NYE/31',1045,,19524,4,,,1,304,,19525,4,,,1
