10500,'WKDY/31',539,,19970,1,,,1,81,,19971,1,,,1,87,,19972,1,,,1,50,,19973,1,,,1,82,,19974,1,,,1,87,,19975,1,,,1,25,,19976,1,,,1,101,,19977,1,,,1,96,,19978,1,,,1
10500,'NYE/31',539,,19990,1,,,1,81,,19991,1,,,1,87,,19992,1,,,1,50,,19993,1,,,1,82,,19994,1,,,1,87,,19995,1,,,1,25,,19996,1,,,1,101,,19997,1,,,1,96,,19998,1,,,1
10501,'WKDY/31',539,,20010,7,4,,1,81,,20011,7,4,,1,87,,20012,7,4,,1,32,,20013,7,,,1,18,,20014,7,4,,1,82,,20015,7,4,,1,87,,20016,7,4,,1,25,,20017,7,4,,1,101,,20018,7,4,,1,96,,20019,7,4,,1
10501,'NYE/31',539,,20031,7,4,,1,81,,20032,7,4,,1,87,,20033,7,4,,1,32,,20034,7,,,1,18,,20035,7,4,,1,82,,20036,7,4,,1,87,,20037,7,4,,1,25,,20038,7,4,,1,101,,20039,7,4,,1,96,,20040,7,4,,1
10601,'WKDY/31',550,,20069,4,,,1,86,,20070,4,,,1,85,,20071,4,,,1,84,,20072,4,,,1,35,,20073,4,,,1
10601,'NYE/31',550,,20074,4,,,1,86,,20075,4,,,1,85,,20076,4,,,1,84,,20077,4,,,1,35,,20078,4,,,1
16400,'WKDY/30',553,,20079,1,,,1,90,,20080,1,,,1,81,,20081,1,,,1,105,,20082,1,,,1,97,,20083,1,,,1,100,,20084,1,,,1
16400,'WKDY/31',553,,20097,1,,,1,90,,20098,1,,,1,81,,20099,1,,,1,105,,20100,1,,,1,97,,20101,1,,,1,100,,20102,1,,,1
16400,'WKDY',1126,,20115,1,,,1
16400,'NYE',1126,,20119,1,,,1
16400,'NYE/31',553,,20123,1,,,1,90,,20124,1,,,1,81,,20125,1,,,1,105,,20126,1,,,1,97,,20127,1,,,1,100,,20128,1,,,1
16401,'WKDY/30',553,,20141,2,4,,1,71,,20142,2,,,1,19,,20143,2,4,,1,63,,20144,2,,,1,18,,20145,2,4,,1,31,,20146,2,,,1,62,,20147,2,,,1,12,,20148,2,4,,1,97,,20149,2,4,,1,100,,20150,2,4,,1
16401,'WKDY/31',553,,20157,2,4,,1,71,,20158,2,,,1,19,,20159,2,4,,1,63,,20160,2,,,1,18,,20161,2,4,,1,31,,20162,2,,,1,62,,20163,2,,,1,12,,20164,2,4,,1,97,,20165,2,4,,1,100,,20166,2,4,,1
16401,'WKDY',520,,20173,2,,,1,606,,20174,2,4,,1
16401,'NYE',520,,20178,2,,,1,606,,20179,2,4,,1
16401,'NYE/31',553,,20183,2,4,,1,71,,20184,2,,,1,19,,20185,2,4,,1,63,,20186,2,,,1,18,,20187,2,4,,1,31,,20188,2,,,1,62,,20189,2,,,1,12,,20190,2,4,,1,97,,20191,2,4,,1,100,,20192,2,4,,1
