3000,'WKDY',610,,15062,12,,,1,31,,15063,12,,,1,71,,15064,12,,,1,30,,15065,12,,,1,70,,15066,12,,,1,31,,15067,12,,,1,69,,15068,12,,,1,30,,15069,12,,,1,70,,15070,12,,,1,30,,15071,12,,,1,70,,15072,12,,,1,30,,15073,12,,,1,70,,15074,12,,,1,31,,15075,12,,,1,70,,15076,12,,,1,30,,15077,12,,,1,70,,15078,12,,,1,31,,15079,12,,,1,70,,15080,12,,,1,30,,15081,12,,,1,70,,15082,12,,,1,30,,15083,12,,,1,70,,15084,12,,,1,30,,15085,12,,,1,70,,15086,12,,,1,30,,15087,12,,,1,69,,15088,12,,,1,30,,15089,12,,,1,68,,15090,12,,,1,100,,15091,12,,,1
3000,'SAT',739,,15096,12,,,1,71,,15097,12,,,1,31,,15098,12,,,1,70,,15099,12,,,1,30,,15100,12,,,1,70,,15101,12,,,1,30,,15102,12,,,1,72,,15103,12,,,1,30,,15104,12,,,1,70,,15105,12,,,1,30,,15106,12,,,1,70,,15107,12,,,1,30,,15108,12,,,1,70,,15109,12,,,1,30,,15110,12,,,1,70,,15111,12,,,1,30,,15112,12,,,1,70,,15113,12,,,1,30,,15114,12,,,1,70,,15115,12,,,1,100,,15116,12,,,1,99,,15117,12,,,1,100,,15118,12,,,1
3000,'SUN',811,,15121,12,,,1,100,,15122,12,,,1,101,,15123,12,,,1,100,,15124,12,,,1,100,,15125,12,,,1,101,,15126,12,,,1,100,,15127,12,,,1,100,,15128,12,,,1,100,,15129,12,,,1,99,,15130,12,,,1,100,,15131,12,,,1,99,,15132,12,,,1,100,,15133,12,,,1
3000,'NYE',610,,15136,12,,,1,31,,15137,12,,,1,71,,15138,12,,,1,30,,15139,12,,,1,70,,15140,12,,,1,31,,15141,12,,,1,69,,15142,12,,,1,30,,15143,12,,,1,70,,15144,12,,,1,30,,15145,12,,,1,70,,15146,12,,,1,30,,15147,12,,,1,70,,15148,12,,,1,31,,15149,12,,,1,70,,15150,12,,,1,30,,15151,12,,,1,70,,15152,12,,,1,31,,15153,12,,,1,70,,15154,12,,,1,30,,15155,12,,,1,70,,15156,12,,,1,30,,15157,12,,,1,70,,15158,12,,,1,30,,15159,12,,,1,70,,15160,12,,,1,30,,15161,12,,,1,69,,15162,12,,,1,30,,15163,12,,,1,68,,15164,12,,,1,100,,15165,12,,,1
7401,'WKDY/30',750,,19254,7,,,1,268,,19255,7,,,1,232,,19256,7,,,1,267,,19257,7,,,1,233,,19258,7,,,1,201,,19259,7,,,1,100,,19260,7,,,1,99,,19261,7,,,1
7401,'WKDY/31',750,,19262,7,,,1,268,,19263,7,,,1,232,,19264,7,,,1,267,,19265,7,,,1,233,,19266,7,,,1,201,,19267,7,,,1,100,,19268,7,,,1,99,,19269,7,,,1
7401,'WKDY',523,,19270,7,,,1,98,,19271,7,,,1,29,,19272,7,,,1,69,,19273,7,,,1,100,,19274,7,,,1,29,,19275,7,,,1,70,,19276,7,,,1,30,,19277,7,,,1,100,,19278,7,,,1,70,,19279,7,,,1,31,,19280,7,,,1,70,,19281,7,,,1,101,,19282,7,,,1,30,,19283,7,,,1,69,,19284,7,,,1,28,,19285,7,,,1,99,,19286,7,,,1,72,,19287,7,,,1,30,,19288,7,,,1,70,,19289,7,,,1,103,,19290,7,,,1,31,,19291,7,,,1,68,,19292,7,,,1,101,,19293,7,,,1
7401,'SAT',750,,19294,7,,,1,101,,19295,7,,,1,100,,19296,7,,,1,101,,19297,7,,,1,103,,19298,7,,,1,101,,19299,7,,,1,103,,19300,7,,,1,97,,19301,7,,,1,99,,19302,7,,,1,101,,19303,7,,,1,99,,19304,7,,,1,99,,19305,7,,,1,99,,19306,7,,,1,99,,19307,7,,,1
7401,'SUN',750,,19308,7,,,1,101,,19309,7,,,1,100,,19310,7,,,1,101,,19311,7,,,1,103,,19312,7,,,1,101,,19313,7,,,1,103,,19314,7,,,1,97,,19315,7,,,1,99,,19316,7,,,1,101,,19317,7,,,1,99,,19318,7,,,1,99,,19319,7,,,1,99,,19320,7,,,1,99,,19321,7,,,1
7401,'NYE',523,,19322,7,,,1,98,,19323,7,,,1,29,,19324,7,,,1,69,,19325,7,,,1,100,,19326,7,,,1,29,,19327,7,,,1,70,,19328,7,,,1,30,,19329,7,,,1,100,,19330,7,,,1,70,,19331,7,,,1,31,,19332,7,,,1,70,,19333,7,,,1,101,,19334,7,,,1,30,,19335,7,,,1,69,,19336,7,,,1,28,,19337,7,,,1,99,,19338,7,,,1,72,,19339,7,,,1,30,,19340,7,,,1,70,,19341,7,,,1,103,,19342,7,,,1,31,,19343,7,,,1,68,,19344,7,,,1,101,,19345,7,,,1
7401,'NYE/31',750,,19346,7,,,1,268,,19347,7,,,1,232,,19348,7,,,1,267,,19349,7,,,1,233,,19350,7,,,1,201,,19351,7,,,1,100,,19352,7,,,1,99,,19353,7,,,1
