700,'WKDY/30',755,,14306,24,,,1,171,,14307,24,,,1,130,,14308,24,,,1,172,,14309,24,,,1,172,,14310,24,,,1,134,,14311,24,,,1,169,,14312,24,,,1,126,,14313,24,,,1,123,,14314,24,,,1
700,'WKDY/31',755,,14315,24,,,1,171,,14316,24,,,1,130,,14317,24,,,1,172,,14318,24,,,1,172,,14319,24,,,1,134,,14320,24,,,1,169,,14321,24,,,1,126,,14322,24,,,1,123,,14323,24,,,1
700,'WKDY',644,,14324,24,,,1,60,,14325,24,,,1,120,,14326,24,,,1,33,,14327,24,,,1,99,,14328,24,,,1,70,,14329,24,,,1,100,,14330,24,,,1,30,,14331,24,,,1,102,,14332,24,,,1,70,,14333,24,,,1,103,,14334,24,,,1,70,,14335,24,,,1,103,,14336,24,,,1,30,,14337,24,,,1,98,,14338,24,,,1,70,,14339,24,,,1,57,,14340,24,,,1,63,,14341,24,,,1,98,,14342,24,,,1,100,,14343,24,,,1,96,,14344,24,,,1
700,'SAT',746,,14345,24,,,1,100,,14346,24,,,1,105,,14347,24,,,1,102,,14348,24,,,1,102,,14349,24,,,1,104,,14350,24,,,1,100,,14351,24,,,1,141,,14352,24,,,1,100,,14353,24,,,1,100,,14354,24,,,1,100,,14355,24,,,1,52,,14356,24,,,1,100,,14357,24,,,1,96,,14358,24,,,1,100,,14359,24,,,1
700,'SUN',746,,14360,24,,,1,100,,14361,24,,,1,105,,14362,24,,,1,102,,14363,24,,,1,102,,14364,24,,,1,104,,14365,24,,,1,100,,14366,24,,,1,141,,14367,24,,,1,100,,14368,24,,,1,100,,14369,24,,,1,100,,14370,24,,,1,52,,14371,24,,,1,100,,14372,24,,,1,96,,14373,24,,,1,100,,14374,24,,,1
700,'NYE',644,,14375,24,,,1,60,,14376,24,,,1,120,,14377,24,,,1,33,,14378,24,,,1,99,,14379,24,,,1,70,,14380,24,,,1,100,,14381,24,,,1,30,,14382,24,,,1,102,,14383,24,,,1,70,,14384,24,,,1,103,,14385,24,,,1,70,,14386,24,,,1,103,,14387,24,,,1,30,,14388,24,,,1,98,,14389,24,,,1,70,,14390,24,,,1,57,,14391,24,,,1,63,,14392,24,,,1,98,,14393,24,,,1,100,,14394,24,,,1,96,,14395,24,,,1
700,'NYE/31',755,,14396,24,,,1,171,,14397,24,,,1,130,,14398,24,,,1,172,,14399,24,,,1,172,,14400,24,,,1,134,,14401,24,,,1,169,,14402,24,,,1,126,,14403,24,,,1,123,,14404,24,,,1
1200,'WKDY',638,,14552,25,,,1,70,,14553,25,,,1,33,,14554,25,,,1,70,,14555,25,,,1,30,,14556,25,,,1,70,,14557,25,,,1,30,,14558,25,,,1,70,,14559,25,,,1,30,,14560,25,,,1,70,,14561,25,,,1,30,,14562,25,,,1,70,,14563,25,,,1,30,,14564,25,,,1,70,,14565,25,,,1,30,,14566,25,,,1,70,,14567,25,,,1,30,,14568,25,,,1,70,,14569,25,,,1,34,,14570,25,,,1,70,,14571,25,,,1,30,,14572,25,,,1,70,,14573,25,,,1,29,,14574,25,,,1,70,,14575,25,,,1,29,,14576,25,,,1,70,,14577,25,,,1,30,,14578,25,,,1,67,,14579,25,,,1,30,,14580,25,,,1,70,,14581,25,,,1,28,,14582,25,,,1,70,,14583,25,,,1
1200,'SAT',729,,14584,25,,,1,101,,14585,25,,,1,101,,14586,25,,,1,101,,14587,25,,,1,101,,14588,25,,,1,100,,14589,25,,,1,100,,14590,25,,,1,102,,14591,25,,,1,100,,14592,25,,,1,100,,14593,25,,,1,98,,14594,25,,,1,99,,14595,25,,,1,100,,14596,25,,,1,99,,14597,25,,,1,99,,14598,25,,,1,100,,14599,25,,,1
1200,'SUN',729,,14600,25,,,1,101,,14601,25,,,1,101,,14602,25,,,1,101,,14603,25,,,1,101,,14604,25,,,1,100,,14605,25,,,1,100,,14606,25,,,1,102,,14607,25,,,1,100,,14608,25,,,1,100,,14609,25,,,1,98,,14610,25,,,1,99,,14611,25,,,1,100,,14612,25,,,1,99,,14613,25,,,1,99,,14614,25,,,1,100,,14615,25,,,1
1200,'NYE',638,,14616,25,,,1,70,,14617,25,,,1,33,,14618,25,,,1,70,,14619,25,,,1,30,,14620,25,,,1,70,,14621,25,,,1,30,,14622,25,,,1,70,,14623,25,,,1,30,,14624,25,,,1,70,,14625,25,,,1,30,,14626,25,,,1,70,,14627,25,,,1,30,,14628,25,,,1,70,,14629,25,,,1,30,,14630,25,,,1,70,,14631,25,,,1,30,,14632,25,,,1,70,,14633,25,,,1,34,,14634,25,,,1,70,,14635,25,,,1,30,,14636,25,,,1,70,,14637,25,,,1,29,,14638,25,,,1,70,,14639,25,,,1,29,,14640,25,,,1,70,,14641,25,,,1,30,,14642,25,,,1,67,,14643,25,,,1,30,,14644,25,,,1,70,,14645,25,,,1,28,,14646,25,,,1,70,,14647,25,,,1
7401,'WKDY/30',807,,19254,22,,,1,228,,19255,22,,,1,274,,19256,22,,,1,227,,19257,22,,,1,272,,19258,22,,,1,198,,19259,22,,,1,99,,19260,22,,,1,99,,19261,22,,,1
7401,'WKDY/31',807,,19262,22,,,1,228,,19263,22,,,1,274,,19264,22,,,1,227,,19265,22,,,1,272,,19266,22,,,1,198,,19267,22,,,1,99,,19268,22,,,1,99,,19269,22,,,1
7401,'WKDY',536,,19270,22,,,1,100,,19271,22,,,1,69,,19272,22,,,1,31,,19273,22,,,1,100,,19274,22,,,1,69,,19275,22,,,1,30,,19276,22,,,1,70,,19277,22,,,1,100,,19278,22,,,1,31,,19279,22,,,1,71,,19280,22,,,1,30,,19281,22,,,1,102,,19282,22,,,1,70,,19283,22,,,1,29,,19284,22,,,1,68,,19285,22,,,1,100,,19286,22,,,1,32,,19287,22,,,1,70,,19288,22,,,1,30,,19289,22,,,1,101,,19290,22,,,1,68,,19291,22,,,1,28,,19292,22,,,1,101,,19293,22,,,1
7401,'SAT',806,,19294,22,,,1,101,,19295,22,,,1,100,,19296,22,,,1,101,,19297,22,,,1,103,,19298,22,,,1,101,,19299,22,,,1,103,,19300,22,,,1,97,,19301,22,,,1,99,,19302,22,,,1,101,,19303,22,,,1,99,,19304,22,,,1,99,,19305,22,,,1,99,,19306,22,,,1,98,,19307,22,,,1
7401,'SUN',806,,19308,22,,,1,101,,19309,22,,,1,100,,19310,22,,,1,101,,19311,22,,,1,103,,19312,22,,,1,101,,19313,22,,,1,103,,19314,22,,,1,97,,19315,22,,,1,99,,19316,22,,,1,101,,19317,22,,,1,99,,19318,22,,,1,99,,19319,22,,,1,99,,19320,22,,,1,98,,19321,22,,,1
7401,'NYE',536,,19322,22,,,1,100,,19323,22,,,1,69,,19324,22,,,1,31,,19325,22,,,1,100,,19326,22,,,1,69,,19327,22,,,1,30,,19328,22,,,1,70,,19329,22,,,1,100,,19330,22,,,1,31,,19331,22,,,1,71,,19332,22,,,1,30,,19333,22,,,1,102,,19334,22,,,1,70,,19335,22,,,1,29,,19336,22,,,1,68,,19337,22,,,1,100,,19338,22,,,1,32,,19339,22,,,1,70,,19340,22,,,1,30,,19341,22,,,1,101,,19342,22,,,1,68,,19343,22,,,1,28,,19344,22,,,1,101,,19345,22,,,1
7401,'NYE/31',807,,19346,22,,,1,228,,19347,22,,,1,274,,19348,22,,,1,227,,19349,22,,,1,272,,19350,22,,,1,198,,19351,22,,,1,99,,19352,22,,,1,99,,19353,22,,,1
8001,'WKDY',625,,19657,32,,,1,30,,19658,32,,,1,73,,19659,32,,,1,31,,19660,32,,,1,71,,19661,32,,,1,70,,19662,32,,,1,29,,19663,32,,,1,30,,19664,32,,,1,71,,19665,32,,,1,70,,19666,32,,,1,30,,19667,32,,,1,70,,19668,32,,,1,30,,19669,32,,,1,70,,19670,32,,,1,30,,19671,32,,,1,71,,19672,32,,,1,31,,19673,32,,,1,70,,19674,32,,,1,33,,19675,32,,,1,70,,19676,32,,,1,31,,19677,32,,,1,68,,19678,32,,,1,30,,19679,32,,,1,67,,19680,32,,,1,30,,19681,32,,,1,26,,19682,32,,,1,69,,19683,32,,,1,30,,19684,32,,,1,68,,19685,32,,,1,29,,19686,32,,,1,70,,19687,32,,,1
8001,'SAT',723,,19688,32,,,1,101,,19689,32,,,1,30,,19690,32,,,1,71,,19691,32,,,1,30,,19692,32,,,1,71,,19693,32,,,1,30,,19694,32,,,1,70,,19695,32,,,1,30,,19696,32,,,1,71,,19697,32,,,1,31,,19698,32,,,1,70,,19699,32,,,1,30,,19700,32,,,1,70,,19701,32,,,1,30,,19702,32,,,1,70,,19703,32,,,1,29,,19704,32,,,1,70,,19705,32,,,1,30,,19706,32,,,1,70,,19707,32,,,1,30,,19708,32,,,1,70,,19709,32,,,1,28,,19710,32,,,1,69,,19711,32,,,1,30,,19712,32,,,1,70,,19713,32,,,1,30,,19714,32,,,1,99,,19715,32,,,1
8001,'SUN',723,,19716,32,,,1,101,,19717,32,,,1,30,,19718,32,,,1,71,,19719,32,,,1,30,,19720,32,,,1,71,,19721,32,,,1,30,,19722,32,,,1,70,,19723,32,,,1,30,,19724,32,,,1,71,,19725,32,,,1,31,,19726,32,,,1,70,,19727,32,,,1,30,,19728,32,,,1,70,,19729,32,,,1,30,,19730,32,,,1,70,,19731,32,,,1,29,,19732,32,,,1,70,,19733,32,,,1,30,,19734,32,,,1,70,,19735,32,,,1,30,,19736,32,,,1,70,,19737,32,,,1,28,,19738,32,,,1,69,,19739,32,,,1,30,,19740,32,,,1,70,,19741,32,,,1,30,,19742,32,,,1,99,,19743,32,,,1
8001,'NYE',625,,19744,32,,,1,30,,19745,32,,,1,73,,19746,32,,,1,31,,19747,32,,,1,71,,19748,32,,,1,70,,19749,32,,,1,29,,19750,32,,,1,30,,19751,32,,,1,71,,19752,32,,,1,70,,19753,32,,,1,30,,19754,32,,,1,70,,19755,32,,,1,30,,19756,32,,,1,70,,19757,32,,,1,30,,19758,32,,,1,71,,19759,32,,,1,31,,19760,32,,,1,70,,19761,32,,,1,33,,19762,32,,,1,70,,19763,32,,,1,31,,19764,32,,,1,68,,19765,32,,,1,30,,19766,32,,,1,67,,19767,32,,,1,30,,19768,32,,,1,26,,19769,32,,,1,69,,19770,32,,,1,30,,19771,32,,,1,68,,19772,32,,,1,29,,19773,32,,,1,70,,19774,32,,,1,30,,19785,32,,,1,70,,19775,32,,,1,30,,19776,32,,,1,70,,19777,32,,,1,30,,19778,32,,,1,70,,19779,32,,,1,30,,19780,32,,,1,70,,19781,32,,,1,30,,19782,32,,,1,70,,19783,32,,,1,30,,19784,32,,,1
