10500,'WKDY/31',1243,,19979,3,,,1,100,,19980,3,,,1,100,,19981,3,,,1,100,,19982,3,,,1,80,,19983,3,,,1,80,,19984,3,,,1,40,,19985,3,,,1,70,,19986,3,,,1,30,,19987,3,,,1,100,,19988,3,,,1,100,,19989,3,,,1
10500,'NYE/31',1243,,19999,3,,,1,100,,20000,3,,,1,100,,20001,3,,,1,100,,20002,3,,,1,80,,20003,3,,,1,80,,20004,3,,,1,40,,20005,3,,,1,70,,20006,3,,,1,30,,20007,3,,,1,100,,20008,3,,,1,100,,20009,3,,,1
10600,'WKDY/30',1523,,20052,3,,,1,80,,20053,3,,,1,41,,20054,3,,,1,81,,20055,3,,,1
10600,'WKDY/31',1523,,20056,3,,,1,80,,20057,3,,,1,41,,20058,3,,,1,81,,20059,3,,,1
10600,'NYE/31',1523,,20060,3,,,1,80,,20061,3,,,1,41,,20062,3,,,1,81,,20063,3,,,1
10601,'WKDY/30',546,,20064,4,,,1,86,,20065,4,,,1,85,,20066,4,,,1,84,,20067,4,,,1,35,,20068,4,,,1
16400,'WKDY/30',1333,,20085,3,,,1,100,,20086,3,,,1,70,,20087,3,,,1,30,,20088,3,,,1,20,,20089,3,,,1,60,,20090,3,,,1,20,,20091,3,,,1,20,,20092,3,,,1,60,,20093,3,,,1,20,,20094,3,,,1,70,,20095,3,,,1,30,,20096,3,,,1
16400,'WKDY/31',1333,,20103,3,,,1,100,,20104,3,,,1,70,,20105,3,,,1,30,,20106,3,,,1,20,,20107,3,,,1,60,,20108,3,,,1,20,,20109,3,,,1,20,,20110,3,,,1,60,,20111,3,,,1,20,,20112,3,,,1,70,,20113,3,,,1,30,,20114,3,,,1
16400,'WKDY',1233,,20116,3,,,1,700,,20117,3,,,1,100,,20118,3,,,1
16400,'NYE',1233,,20120,3,,,1,700,,20121,3,,,1,100,,20122,3,,,1
16400,'NYE/31',1333,,20129,3,,,1,100,,20130,3,,,1,70,,20131,3,,,1,30,,20132,3,,,1,20,,20133,3,,,1,60,,20134,3,,,1,20,,20135,3,,,1,20,,20136,3,,,1,60,,20137,3,,,1,20,,20138,3,,,1,70,,20139,3,,,1,30,,20140,3,,,1
