200,'WKDY',647,,14000,1,,,1,100,,14001,1,,,1,100,,14002,1,,,1,100,,14003,1,,,1,100,,14004,1,,,1,100,,14005,1,,,1,100,,14006,1,,,1,100,,14007,1,,,1,102,,14008,1,,,1,101,,14009,1,,,1,97,,14010,1,,,1,101,,14011,1,,,1,97,,14012,1,,,1
200,'NYE',647,,14013,1,,,1,100,,14014,1,,,1,100,,14015,1,,,1,100,,14016,1,,,1,100,,14017,1,,,1,100,,14018,1,,,1,100,,14019,1,,,1,100,,14020,1,,,1,102,,14021,1,,,1,101,,14022,1,,,1,97,,14023,1,,,1,101,,14024,1,,,1,97,,14025,1,,,1
201,'WKDY',647,,14026,38,4,,1,100,,14027,38,4,,1,100,,14028,38,4,,1,100,,14029,38,4,,1,100,,14030,38,4,,1,100,,14031,38,4,,1,100,,14032,38,4,,1,100,,14033,38,4,,1,102,,14034,38,4,,1,101,,14035,38,4,,1,97,,14036,38,4,,1,101,,14037,38,4,,1,97,,14038,38,4,,1
201,'NYE',647,,14039,38,4,,1,100,,14040,38,4,,1,100,,14041,38,4,,1,100,,14042,38,4,,1,100,,14043,38,4,,1,100,,14044,38,4,,1,100,,14045,38,4,,1,100,,14046,38,4,,1,102,,14047,38,4,,1,101,,14048,38,4,,1,97,,14049,38,4,,1,101,,14050,38,4,,1,97,,14051,38,4,,1
3000,'WKDY',553,,15092,20,4,,1,70,,15093,20,4,,1,22,,15062,54,4,,1,71,,15063,54,4,,1,33,,15064,54,4,,1,71,,15065,54,4,,1,30,,15066,54,4,,1,71,,15067,54,4,,1,28,,15068,54,4,,1,71,,15069,54,4,,1,29,,15070,54,4,,1,70,,15071,54,4,,1,30,,15072,54,4,,1,70,,15073,54,4,,1,29,,15074,54,4,,1,72,,15075,54,4,,1,30,,15076,54,4,,1,70,,15077,54,4,,1,31,,15078,54,4,,1,73,,15079,54,4,,1,30,,15080,54,4,,1,69,,15081,54,4,,1,30,,15082,54,4,,1,70,,15083,54,4,,1,30,,15084,54,4,,1,68,,15085,54,4,,1,29,,15086,54,4,,1,68,,15087,54,4,,1,27,,15088,54,4,,1,70,,15089,54,4,,1,27,,15090,54,4,,1,100,,15091,54,4,,1
3000,'SAT',639,,15094,20,4,,1,100,,15095,20,4,,1,70,,15096,54,4,,1,32,,15097,54,4,,1,71,,15098,54,4,,1,31,,15099,54,4,,1,70,,15100,54,4,,1,31,,15101,54,4,,1,70,,15102,54,4,,1,33,,15103,54,4,,1,71,,15104,54,4,,1,31,,15105,54,4,,1,70,,15106,54,4,,1,29,,15107,54,4,,1,71,,15108,54,4,,1,30,,15109,54,4,,1,69,,15110,54,4,,1,30,,15111,54,4,,1,72,,15112,54,4,,1,28,,15113,54,4,,1,70,,15114,54,4,,1,28,,15115,54,4,,1,100,,15116,54,4,,1,98,,15117,54,4,,1,100,,15118,54,4,,1
3000,'SUN',640,,15119,20,4,,1,100,,15120,20,4,,1,104,,15121,54,4,,1,100,,15122,54,4,,1,102,,15123,54,4,,1,100,,15124,54,4,,1,101,,15125,54,4,,1,101,,15126,54,4,,1,100,,15127,54,4,,1,99,,15128,54,4,,1,100,,15129,54,4,,1,99,,15130,54,4,,1,99,,15131,54,4,,1,99,,15132,54,4,,1,100,,15133,54,4,,1
3000,'NYE',553,,15134,20,4,,1,70,,15135,20,4,,1,22,,15136,54,4,,1,71,,15137,54,4,,1,33,,15138,54,4,,1,71,,15139,54,4,,1,30,,15140,54,4,,1,71,,15141,54,4,,1,28,,15142,54,4,,1,71,,15143,54,4,,1,29,,15144,54,4,,1,70,,15145,54,4,,1,30,,15146,54,4,,1,70,,15147,54,4,,1,29,,15148,54,4,,1,72,,15149,54,4,,1,30,,15150,54,4,,1,70,,15151,54,4,,1,31,,15152,54,4,,1,73,,15153,54,4,,1,30,,15154,54,4,,1,69,,15155,54,4,,1,30,,15156,54,4,,1,70,,15157,54,4,,1,30,,15158,54,4,,1,68,,15159,54,4,,1,29,,15160,54,4,,1,68,,15161,54,4,,1,27,,15162,54,4,,1,70,,15163,54,4,,1,27,,15164,54,4,,1,100,,15165,54,4,,1
3001,'WKDY',553,,15167,1,,,1,70,,15168,1,,,1,22,,15169,1,,,1,71,,15170,1,,,1,33,,15171,1,,,1,71,,15172,1,,,1,30,,15173,1,,,1,71,,15174,1,,,1,28,,15175,1,,,1,71,,15176,1,,,1,29,,15177,1,,,1,70,,15178,1,,,1,30,,15179,1,,,1,70,,15180,1,,,1,29,,15181,1,,,1,72,,15182,1,,,1,30,,15183,1,,,1,70,,15184,1,,,1,31,,15185,1,,,1,73,,15186,1,,,1,30,,15187,1,,,1,69,,15188,1,,,1,30,,15189,1,,,1,70,,15190,1,,,1,30,,15191,1,,,1,68,,15192,1,,,1,29,,15193,1,,,1,68,,15194,1,,,1,27,,15195,1,,,1,70,,15196,1,,,1,27,,15197,1,,,1,100,,15198,1,,,1
3001,'SAT',639,,15199,1,,,1,100,,15200,1,,,1,70,,15201,1,,,1,32,,15202,1,,,1,71,,15203,1,,,1,31,,15204,1,,,1,70,,15205,1,,,1,31,,15206,1,,,1,70,,15207,1,,,1,33,,15208,1,,,1,71,,15209,1,,,1,31,,15210,1,,,1,70,,15211,1,,,1,29,,15212,1,,,1,71,,15213,1,,,1,30,,15214,1,,,1,69,,15215,1,,,1,30,,15216,1,,,1,72,,15217,1,,,1,28,,15218,1,,,1,70,,15219,1,,,1,28,,15220,1,,,1,100,,15221,1,,,1,98,,15222,1,,,1,100,,15223,1,,,1
3001,'SUN',640,,15224,1,,,1,100,,15225,1,,,1,104,,15226,1,,,1,100,,15227,1,,,1,102,,15228,1,,,1,100,,15229,1,,,1,101,,15230,1,,,1,101,,15231,1,,,1,100,,15232,1,,,1,99,,15233,1,,,1,100,,15234,1,,,1,99,,15235,1,,,1,99,,15236,1,,,1,99,,15237,1,,,1,100,,15238,1,,,1
3001,'NYE',553,,15240,1,,,1,70,,15241,1,,,1,22,,15242,1,,,1,71,,15243,1,,,1,33,,15244,1,,,1,71,,15245,1,,,1,30,,15246,1,,,1,71,,15247,1,,,1,28,,15248,1,,,1,71,,15249,1,,,1,29,,15250,1,,,1,70,,15251,1,,,1,30,,15252,1,,,1,70,,15253,1,,,1,29,,15254,1,,,1,72,,15255,1,,,1,30,,15256,1,,,1,70,,15257,1,,,1,31,,15258,1,,,1,73,,15259,1,,,1,30,,15260,1,,,1,69,,15261,1,,,1,30,,15262,1,,,1,70,,15263,1,,,1,30,,15264,1,,,1,68,,15265,1,,,1,29,,15266,1,,,1,68,,15267,1,,,1,27,,15268,1,,,1,70,,15269,1,,,1,27,,15270,1,,,1,100,,15271,1,,,1
6000,'WKDY/30',2202,,17279,2,,,1,239,,17286,2,,,1
6000,'WKDY/31',2155,,17353,2,,,1,279,,17360,2,,,1
6000,'SAT/30',2159,,17417,2,,,1,267,,17422,2,,,1
6000,'SAT/31',2151,,17480,2,,,1,267,,17485,2,,,1
6000,'SUN/30',2159,,17542,2,,,1,267,,17549,2,,,1
6000,'SUN/31',2151,,17606,2,,,1,267,,17611,2,,,1
6000,'NYE/31',2155,,17679,2,,,1,483,,17690,2,,,1
6001,'WKDY/30',453,,17691,2,0,5 6,1,69,,17692,2,0,5 6,1,29,,17693,2,0,5 6,1,52,,17694,2,0,5 6,1,13,,17695,2,0,5 6,1,14,,17696,2,0,5 6,1,16,,17697,2,0,5 6,1,56,,17698,2,0,5 6,1,15,,17699,2,0,5 6,1,15,,17700,2,0,5 6,1,16,,17701,2,0,5 6,1,55,,17702,2,0,5 6,1,15,,17703,2,0,5 6,1,15,,17704,2,0,5 6,1,15,,17705,2,0,5 6,1,55,,17706,2,0,5 6,1,14,,17707,2,0,5 6,1,15,,17708,2,0,5 6,1,15,,17709,2,0,5 6,1,55,,17710,2,0,5 6,1,16,,17711,2,0,5 6,1,15,,17712,2,0,5 6,1,16,,17713,2,0,5 6,1,55,,17714,2,0,5 6,1,15,,17715,2,0,5 6,1,15,,17716,2,0,5 6,1,15,,17717,2,0,5 6,1,55,,17718,2,0,5 6,1,13,,17719,2,0,5 6,1,15,,17720,2,0,5 6,1,17,,17721,2,0,5 6,1,55,,17722,2,0,5 6,1,15,,17723,2,0,5 6,1,15,,17724,2,0,5 6,1,15,,17725,2,0,5 6,1,55,,17726,2,0,5 6,1,15,,17727,2,0,5 6,1,15,,17728,2,0,5 6,1,15,,17729,2,0,5 6,1,55,,17730,2,0,5 6,1,15,,17731,2,0,5 6,1,15,,17732,2,0,5 6,1,15,,17733,2,0,5 6,1,55,,17734,2,0,5 6,1,15,,17735,2,0,5 6,1,15,,17736,2,0,5 6,1,15,,17737,2,0,5 6,1,55,,17738,2,0,5 6,1,15,,17739,2,0,5 6,1,15,,17740,2,0,5 6,1,15,,17741,2,0,5 6,1,55,,17742,2,0,5 6,1,15,,17743,2,0,5 6,1,15,,17744,2,0,5 6,1,15,,17745,2,0,5 6,1,56,,17746,2,0,5 6,1,14,,17747,2,0,5 6,1,15,,17748,2,0,5 6,1,16,,17749,2,0,5 6,1,55,,17750,2,0,5 6,1,15,,17751,2,0,5 6,1,15,,17752,2,0,5 6,1,15,,17753,2,0,5 6,1,55,,17754,2,0,5 6,1,15,,17755,2,0,5 6,1,14,,17756,2,0,5 6,1,15,,17757,2,0,5 6,1,64,,17758,2,0,5 6,1,31,,17759,2,0,5 6,1,75,,17760,2,0,5 6,1,30,,17761,2,0,5 6,1,65,,17762,2,0,5 6,1
6001,'WKDY/31',453,,17763,2,0,5 6,1,69,,17764,2,0,5 6,1,29,,17765,2,0,5 6,1,52,,17766,2,0,5 6,1,13,,17767,2,0,5 6,1,14,,17768,2,0,5 6,1,16,,17769,2,0,5 6,1,56,,17770,2,0,5 6,1,15,,17771,2,0,5 6,1,15,,17772,2,0,5 6,1,16,,17773,2,0,5 6,1,55,,17774,2,0,5 6,1,15,,17775,2,0,5 6,1,15,,17776,2,0,5 6,1,15,,17777,2,0,5 6,1,55,,17778,2,0,5 6,1,14,,17779,2,0,5 6,1,15,,17780,2,0,5 6,1,15,,17781,2,0,5 6,1,55,,17782,2,0,5 6,1,16,,17783,2,0,5 6,1,15,,17784,2,0,5 6,1,16,,17785,2,0,5 6,1,55,,17786,2,0,5 6,1,15,,17787,2,0,5 6,1,15,,17788,2,0,5 6,1,15,,17789,2,0,5 27,1,55,,17790,2,0,5 27,1,9,,17791,2,0,5 27,1,15,,17792,2,0,5 27,1,12,,17793,2,0,5 27,1,18,,17794,2,0,5 27,1,55,,17795,2,0,5 27,1,15,,17796,2,0,5 27,1,16,,17797,2,0,5 27,1,15,,17798,2,0,5 27,1,54,,17799,2,0,5 27,1,16,,17800,2,0,5 27,1,17,,17801,2,0,5 27,1,55,,17802,2,0,5 27,1,16,,17803,2,0,5 27,1,16,,17804,2,0,5 27,1,14,,17805,2,0,5 27,1,55,,17806,2,0,5 27,1,14,,17807,2,0,5 27,1,16,,17808,2,0,5 27,1,16,,17809,2,0,5 27,1,54,,17810,2,0,5 27,1,16,,17811,2,0,5 27,1,15,,17812,2,0,5 27,1,15,,17813,2,0,5 27,1,55,,17814,2,0,5 27,1,15,,17815,2,0,5 27,1,12,,17816,2,0,5 27,1,14,,17817,2,0,5 27,1,15,,17818,2,0,5 27,1,54,,17819,2,0,5 27,1,15,,17820,2,0,5 27,1,15,,17821,2,0,5 27,1,15,,17822,2,0,5 27,1,55,,17823,2,0,5 27,1,15,,17824,2,0,5 27,1,15,,17825,2,0,5 27,1,15,,17826,2,0,5 27,1,55,,17827,2,0,5 27,1,14,,17828,2,0,5 27,1,15,,17829,2,0,5 27,1,64,,17830,2,0,5 27,1,31,,17831,2,0,5 27,1,69,,17832,2,0,5 27,1,31,,17833,2,0,5 27,1,69,,17834,2,0,5 27,1
6001,'SAT/30',617,,17835,2,0,5 6,1,37,,17836,2,0,5 6,1,70,,17837,2,0,5 6,1,30,,17838,2,0,5 6,1,70,,17839,2,0,5 6,1,31,,17840,2,0,5 6,1,69,,17841,2,0,5 6,1,9,,17842,2,0,5 6,1,21,,17843,2,0,5 6,1,49,,17844,2,0,5 6,1,15,,17845,2,0,5 6,1,16,,17846,2,0,5 6,1,15,,17847,2,0,5 6,1,55,,17848,2,0,5 6,1,15,,17849,2,0,5 6,1,15,,17850,2,0,5 6,1,10,,17851,2,0,5 6,1,14,,17852,2,0,5 6,1,62,,17853,2,0,5 6,1,10,,17854,2,0,5 6,1,15,,17855,2,0,5 6,1,55,,17856,2,0,5 6,1,15,,17857,2,0,5 6,1,15,,17858,2,0,5 6,1,15,,17859,2,0,5 6,1,55,,17860,2,0,5 6,1,15,,17861,2,0,5 6,1,15,,17862,2,0,5 6,1,15,,17863,2,0,5 6,1,55,,17864,2,0,5 6,1,15,,17865,2,0,5 6,1,15,,17866,2,0,5 6,1,15,,17867,2,0,5 6,1,55,,17868,2,0,5 6,1,15,,17869,2,0,5 6,1,15,,17870,2,0,5 6,1,15,,17871,2,0,5 6,1,55,,17872,2,0,5 6,1,15,,17873,2,0,5 6,1,15,,17874,2,0,5 6,1,15,,17875,2,0,5 6,1,55,,17876,2,0,5 6,1,15,,17877,2,0,5 6,1,15,,17878,2,0,5 6,1,15,,17879,2,0,5 6,1,55,,17880,2,0,5 6,1,15,,17881,2,0,5 6,1,15,,17882,2,0,5 6,1,15,,17883,2,0,5 6,1,55,,17884,2,0,5 6,1,15,,17885,2,0,5 6,1,15,,17886,2,0,5 6,1,15,,17887,2,0,5 6,1,55,,17888,2,0,5 6,1,15,,17889,2,0,5 6,1,15,,17890,2,0,5 6,1,15,,17891,2,0,5 6,1,67,,17892,2,0,5 6,1,44,,17893,2,0,5 6,1,71,,17894,2,0,5 6,1,29,,17895,2,0,5 6,1
6001,'SAT/31',617,,17896,2,0,5 6,1,37,,17897,2,0,5 6,1,70,,17898,2,0,5 6,1,30,,17899,2,0,5 6,1,70,,17900,2,0,5 6,1,31,,17901,2,0,5 6,1,69,,17902,2,0,5 6,1,9,,17903,2,0,5 6,1,21,,17904,2,0,5 6,1,49,,17905,2,0,5 6,1,15,,17906,2,0,5 6,1,16,,17907,2,0,5 6,1,15,,17908,2,0,5 6,1,55,,17909,2,0,5 6,1,15,,17910,2,0,5 6,1,15,,17911,2,0,5 6,1,10,,17912,2,0,5 27,1,14,,17913,2,0,5 27,1,57,,17914,2,0,5 27,1,10,,17915,2,0,5 27,1,15,,17916,2,0,5 27,1,16,,17917,2,0,5 27,1,55,,17918,2,0,5 27,1,15,,17919,2,0,5 27,1,15,,17920,2,0,5 27,1,16,,17921,2,0,5 27,1,55,,17922,2,0,5 27,1,15,,17923,2,0,5 27,1,15,,17924,2,0,5 27,1,16,,17925,2,0,5 27,1,55,,17926,2,0,5 27,1,15,,17927,2,0,5 27,1,16,,17928,2,0,5 27,1,15,,17929,2,0,5 27,1,55,,17930,2,0,5 27,1,13,,17931,2,0,5 27,1,15,,17932,2,0,5 27,1,15,,17933,2,0,5 27,1,55,,17934,2,0,5 27,1,15,,17935,2,0,5 27,1,15,,17936,2,0,5 27,1,15,,17937,2,0,5 27,1,54,,17938,2,0,5 27,1,15,,17939,2,0,5 27,1,15,,17940,2,0,5 27,1,13,,17941,2,0,5 27,1,55,,17942,2,0,5 27,1,13,,17943,2,0,5 27,1,15,,17944,2,0,5 27,1,15,,17945,2,0,5 27,1,55,,17946,2,0,5 27,1,15,,17947,2,0,5 27,1,15,,17948,2,0,5 27,1,15,,17949,2,0,5 27,1,55,,17950,2,0,5 27,1,15,,17951,2,0,5 27,1,15,,17952,2,0,5 27,1,67,,17953,2,0,5 27,1,26,,17954,2,0,5 27,1,70,,17955,2,0,5 27,1,48,,17956,2,0,5 27,1
6001,'SUN/30',617,,17957,2,0,5 6,1,37,,17958,2,0,5 6,1,70,,17959,2,0,5 6,1,30,,17960,2,0,5 6,1,70,,17961,2,0,5 6,1,31,,17962,2,0,5 6,1,69,,17963,2,0,5 6,1,9,,17964,2,0,5 6,1,21,,17965,2,0,5 6,1,49,,17966,2,0,5 6,1,15,,17967,2,0,5 6,1,16,,17968,2,0,5 6,1,15,,17969,2,0,5 6,1,55,,17970,2,0,5 6,1,15,,17971,2,0,5 6,1,15,,17972,2,0,5 6,1,10,,17973,2,0,5 6,1,14,,17974,2,0,5 6,1,62,,17975,2,0,5 6,1,10,,17976,2,0,5 6,1,15,,17977,2,0,5 6,1,55,,17978,2,0,5 6,1,15,,17979,2,0,5 6,1,15,,17980,2,0,5 6,1,15,,17981,2,0,5 6,1,55,,17982,2,0,5 6,1,15,,17983,2,0,5 6,1,15,,17984,2,0,5 6,1,15,,17985,2,0,5 6,1,55,,17986,2,0,5 6,1,15,,17987,2,0,5 6,1,15,,17988,2,0,5 6,1,15,,17989,2,0,5 6,1,55,,17990,2,0,5 6,1,15,,17991,2,0,5 6,1,15,,17992,2,0,5 6,1,15,,17993,2,0,5 6,1,55,,17994,2,0,5 6,1,15,,17995,2,0,5 6,1,15,,17996,2,0,5 6,1,15,,17997,2,0,5 6,1,55,,17998,2,0,5 6,1,15,,17999,2,0,5 6,1,15,,18000,2,0,5 6,1,15,,18001,2,0,5 6,1,55,,18002,2,0,5 6,1,15,,18003,2,0,5 6,1,15,,18004,2,0,5 6,1,15,,18005,2,0,5 6,1,55,,18006,2,0,5 6,1,15,,18007,2,0,5 6,1,15,,18008,2,0,5 6,1,15,,18009,2,0,5 6,1,55,,18010,2,0,5 6,1,15,,18011,2,0,5 6,1,15,,18012,2,0,5 6,1,15,,18013,2,0,5 6,1,67,,18014,2,0,5 6,1,44,,18015,2,0,5 6,1,71,,18016,2,0,5 6,1,29,,18017,2,0,5 6,1
6001,'SUN/31',617,,18018,2,0,5 6,1,37,,18019,2,0,5 6,1,70,,18020,2,0,5 6,1,30,,18021,2,0,5 6,1,70,,18022,2,0,5 6,1,31,,18023,2,0,5 6,1,69,,18024,2,0,5 6,1,9,,18025,2,0,5 6,1,21,,18026,2,0,5 6,1,49,,18027,2,0,5 6,1,15,,18028,2,0,5 6,1,16,,18029,2,0,5 6,1,15,,18030,2,0,5 6,1,55,,18031,2,0,5 6,1,15,,18032,2,0,5 6,1,15,,18033,2,0,5 6,1,10,,18034,2,0,5 27,1,14,,18035,2,0,5 27,1,57,,18036,2,0,5 27,1,10,,18037,2,0,5 27,1,15,,18038,2,0,5 27,1,16,,18039,2,0,5 27,1,55,,18040,2,0,5 27,1,15,,18041,2,0,5 27,1,15,,18042,2,0,5 27,1,16,,18043,2,0,5 27,1,55,,18044,2,0,5 27,1,15,,18045,2,0,5 27,1,15,,18046,2,0,5 27,1,16,,18047,2,0,5 27,1,55,,18048,2,0,5 27,1,15,,18049,2,0,5 27,1,16,,18050,2,0,5 27,1,15,,18051,2,0,5 27,1,55,,18052,2,0,5 27,1,13,,18053,2,0,5 27,1,15,,18054,2,0,5 27,1,15,,18055,2,0,5 27,1,55,,18056,2,0,5 27,1,15,,18057,2,0,5 27,1,15,,18058,2,0,5 27,1,15,,18059,2,0,5 27,1,54,,18060,2,0,5 27,1,15,,18061,2,0,5 27,1,15,,18062,2,0,5 27,1,13,,18063,2,0,5 27,1,55,,18064,2,0,5 27,1,13,,18065,2,0,5 27,1,15,,18066,2,0,5 27,1,15,,18067,2,0,5 27,1,55,,18068,2,0,5 27,1,15,,18069,2,0,5 27,1,15,,18070,2,0,5 27,1,15,,18071,2,0,5 27,1,55,,18072,2,0,5 27,1,15,,18073,2,0,5 27,1,15,,18074,2,0,5 27,1,67,,18075,2,0,5 27,1,26,,18076,2,0,5 27,1,70,,18077,2,0,5 27,1,48,,18078,2,0,5 27,1
6001,'NYE/31',453,,18079,2,0,5 6,1,69,,18080,2,0,5 6,1,29,,18081,2,0,5 6,1,52,,18082,2,0,5 6,1,13,,18083,2,0,5 6,1,14,,18084,2,0,5 6,1,16,,18085,2,0,5 6,1,56,,18086,2,0,5 6,1,15,,18087,2,0,5 6,1,15,,18088,2,0,5 6,1,16,,18089,2,0,5 6,1,55,,18090,2,0,5 6,1,15,,18091,2,0,5 6,1,15,,18092,2,0,5 6,1,15,,18093,2,0,5 6,1,55,,18094,2,0,5 6,1,14,,18095,2,0,5 6,1,15,,18096,2,0,5 6,1,15,,18097,2,0,5 6,1,55,,18098,2,0,5 6,1,16,,18099,2,0,5 6,1,15,,18100,2,0,5 6,1,16,,18101,2,0,5 6,1,55,,18102,2,0,5 6,1,15,,18103,2,0,5 6,1,15,,18104,2,0,5 6,1,15,,18105,2,0,5 27,1,55,,18106,2,0,5 27,1,9,,18107,2,0,5 27,1,15,,18108,2,0,5 27,1,12,,18109,2,0,5 27,1,18,,18110,2,0,5 27,1,55,,18111,2,0,5 27,1,15,,18112,2,0,5 27,1,16,,18113,2,0,5 27,1,15,,18114,2,0,5 27,1,54,,18115,2,0,5 27,1,16,,18116,2,0,5 27,1,17,,18117,2,0,5 27,1,55,,18118,2,0,5 27,1,16,,18119,2,0,5 27,1,16,,18120,2,0,5 27,1,14,,18121,2,0,5 27,1,55,,18122,2,0,5 27,1,14,,18123,2,0,5 27,1,16,,18124,2,0,5 27,1,16,,18125,2,0,5 27,1,54,,18126,2,0,5 27,1,16,,18127,2,0,5 27,1,15,,18128,2,0,5 27,1,15,,18129,2,0,5 27,1,55,,18130,2,0,5 27,1,15,,18131,2,0,5 27,1,12,,18132,2,0,5 27,1,14,,18133,2,0,5 27,1,15,,18134,2,0,5 27,1,54,,18135,2,0,5 27,1,15,,18136,2,0,5 27,1,15,,18137,2,0,5 27,1,15,,18138,2,0,5 27,1,55,,18139,2,0,5 27,1,15,,18140,2,0,5 27,1,15,,18141,2,0,5 27,1,15,,18142,2,0,5 27,1,55,,18143,2,0,5 27,1,14,,18144,2,0,5 27,1,15,,18145,2,0,5 27,1,64,,18146,2,0,5 27,1,31,,18147,2,0,5 27,1,69,,18148,2,0,5 27,1,31,,18149,2,0,5 27,1,69,,18150,2,0,5 27,1,29,,18151,2,0,5 27,1,74,,18152,2,0,5 27,1,30,,18153,2,0,5 27,1,70,,18154,2,0,5 27,1
7101,'WKDY/30',739,,18765,4,,,1,104,,18766,4,,,1,116,,18767,4,,,1,157,,18768,4,,,1,117,,18769,4,,,1,115,,18770,4,,,1,155,,18771,4,,,1,116,,18772,4,,,1,129,,18773,4,,,1
7101,'WKDY/31',739,,18774,4,,,1,104,,18775,4,,,1,116,,18776,4,,,1,157,,18777,4,,,1,117,,18778,4,,,1,115,,18779,4,,,1,155,,18780,4,,,1,116,,18781,4,,,1,129,,18782,4,,,1
7101,'WKDY',550,,18783,4,,,1,73,,18784,4,,,1,31,,18785,4,,,1,70,,18786,4,,,1,30,,18787,4,,,1,56,,18788,4,,,1,15,,18789,4,,,1,33,,18790,4,,,1,56,,18791,4,,,1,15,,18792,4,,,1,15,,18793,4,,,1,70,,18794,4,,,1,17,,18795,4,,,1,15,,18796,4,,,1,55,,18797,4,,,1,30,,18798,4,,,1,17,,18799,4,,,1,55,,18800,4,,,1,15,,18801,4,,,1,30,,18802,4,,,1,55,,18803,4,,,1,15,,18804,4,,,1,15,,18805,4,,,1,70,,18806,4,,,1,15,,18807,4,,,1,15,,18808,4,,,1,15,,18809,4,,,1,70,,18810,4,,,1,15,,18811,4,,,1,15,,18812,4,,,1,55,,18813,4,,,1,31,,18814,4,,,1,14,,18815,4,,,1,55,,18816,4,,,1,15,,18817,4,,,1,15,,18818,4,,,1,69,,18819,4,,,1,15,,18820,4,,,1,28,,18821,4,,,1,70,,18822,4,,,1,29,,18823,4,,,1,70,,18824,4,,,1,28,,18825,4,,,1,68,,18826,4,,,1,30,,18827,4,,,1,68,,18828,4,,,1,30,,18829,4,,,1,100,,18830,4,,,1
7101,'SAT',649,,18831,4,,,1,60,,18832,4,,,1,20,,18833,4,,,1,20,,18834,4,,,1,61,,18835,4,,,1,21,,18836,4,,,1,20,,18837,4,,,1,61,,18838,4,,,1,19,,18839,4,,,1,22,,18840,4,,,1,59,,18841,4,,,1,20,,18842,4,,,1,21,,18843,4,,,1,60,,18844,4,,,1,20,,18845,4,,,1,20,,18846,4,,,1,61,,18847,4,,,1,21,,18848,4,,,1,23,,18849,4,,,1,64,,18850,4,,,1,20,,18851,4,,,1,61,,18852,4,,,1,20,,18853,4,,,1,20,,18854,4,,,1,60,,18855,4,,,1,20,,18856,4,,,1,20,,18857,4,,,1,60,,18858,4,,,1,20,,18859,4,,,1,21,,18860,4,,,1,60,,18861,4,,,1,17,,18862,4,,,1,19,,18863,4,,,1,60,,18864,4,,,1,20,,18865,4,,,1,18,,18866,4,,,1,20,,18867,4,,,1,59,,18868,4,,,1,19,,18869,4,,,1,20,,18870,4,,,1,60,,18871,4,,,1,21,,18872,4,,,1,19,,18873,4,,,1,59,,18874,4,,,1,19,,18875,4,,,1,20,,18876,4,,,1,70,,18877,4,,,1,28,,18878,4,,,1,68,,18879,4,,,1
7101,'SUN',649,,18880,4,,,1,70,,18881,4,,,1,30,,18882,4,,,1,71,,18883,4,,,1,32,,18884,4,,,1,70,,18885,4,,,1,32,,18886,4,,,1,70,,18887,4,,,1,30,,18888,4,,,1,71,,18889,4,,,1,30,,18890,4,,,1,72,,18891,4,,,1,73,,18892,4,,,1,30,,18893,4,,,1,70,,18894,4,,,1,30,,18895,4,,,1,70,,18896,4,,,1,30,,18897,4,,,1,70,,18898,4,,,1,30,,18899,4,,,1,70,,18900,4,,,1,26,,18901,4,,,1,30,,18902,4,,,1,70,,18903,4,,,1,29,,18904,4,,,1,70,,18905,4,,,1,28,,18906,4,,,1,70,,18907,4,,,1,29,,18908,4,,,1,69,,18909,4,,,1,29,,18910,4,,,1,69,,18911,4,,,1,30,,18912,4,,,1,70,,18913,4,,,1
7101,'NYE',550,,18914,4,,,1,73,,18915,4,,,1,31,,18916,4,,,1,70,,18917,4,,,1,30,,18918,4,,,1,56,,18919,4,,,1,15,,18920,4,,,1,33,,18921,4,,,1,56,,18922,4,,,1,15,,18923,4,,,1,15,,18924,4,,,1,70,,18925,4,,,1,17,,18926,4,,,1,15,,18927,4,,,1,55,,18928,4,,,1,30,,18929,4,,,1,17,,18930,4,,,1,55,,18931,4,,,1,15,,18932,4,,,1,30,,18933,4,,,1,55,,18934,4,,,1,15,,18935,4,,,1,15,,18936,4,,,1,70,,18937,4,,,1,15,,18938,4,,,1,15,,18939,4,,,1,15,,18940,4,,,1,70,,18941,4,,,1,15,,18942,4,,,1,15,,18943,4,,,1,55,,18944,4,,,1,31,,18945,4,,,1,14,,18946,4,,,1,55,,18947,4,,,1,15,,18948,4,,,1,15,,18949,4,,,1,69,,18950,4,,,1,15,,18951,4,,,1,28,,18952,4,,,1,70,,18953,4,,,1,29,,18954,4,,,1,70,,18955,4,,,1,28,,18956,4,,,1,68,,18957,4,,,1,30,,18958,4,,,1,68,,18959,4,,,1,30,,18960,4,,,1,100,,18961,4,,,1
7101,'NYE/31',739,,18962,4,,,1,104,,18963,4,,,1,116,,18964,4,,,1,157,,18965,4,,,1,117,,18966,4,,,1,115,,18967,4,,,1,155,,18968,4,,,1,116,,18969,4,,,1,129,,18970,4,,,1
10500,'WKDY/31',557,,19970,5,,,1,82,,19971,5,,,1,87,,19972,5,,,1,90,,19973,5,,,1,43,,19974,5,,,1,87,,19975,5,,,1,65,,19976,5,,,1,102,,19977,5,,,1,97,,19978,5,,,1,111,,19979,8,,,1,100,,19980,8,,,1,106,,19981,8,,,1,104,,19982,8,,,1,77,,19983,8,,,1,40,,19984,8,,,1,76,,19985,8,,,1,27,,19986,8,,,1,65,,19987,8,,,1,91,,19988,8,,,1,100,,19989,8,,,1
10500,'NYE/31',557,,19990,5,,,1,82,,19991,5,,,1,87,,19992,5,,,1,90,,19993,5,,,1,43,,19994,5,,,1,87,,19995,5,,,1,65,,19996,5,,,1,102,,19997,5,,,1,97,,19998,5,,,1,111,,19999,8,,,1,100,,20000,8,,,1,106,,20001,8,,,1,104,,20002,8,,,1,77,,20003,8,,,1,40,,20004,8,,,1,76,,20005,8,,,1,27,,20006,8,,,1,65,,20007,8,,,1,91,,20008,8,,,1,100,,20009,8,,,1
50000,'WKDY/30',514,,20223,4,,,1,25,,20224,4,,,1,101,,20225,4,,,1,75,,20226,4,,,1,30,,20227,4,,,1,65,,20228,4,,,1,30,,20229,4,,,1,87,,20230,4,,,1,100,,20231,4,,,1,101,,20232,4,,,1,100,,20233,4,,,1,100,,20234,4,,,1,102,,20235,4,,,1,100,,20236,4,,,1,85,,20237,4,,,1,30,,20238,4,,,1,85,,20239,4,,,1,29,,20240,4,,,1,68,,20241,4,,,1,99,,20242,4,,,1,98,,20243,4,,,1
