10500,'WKDY/31',1241,,19979,2,,,1,100,,19980,2,,,1,100,,19981,2,,,1,100,,19982,2,,,1,80,,19983,2,,,1,80,,19984,2,,,1,40,,19985,2,,,1,70,,19986,2,,,1,30,,19987,2,,,1,100,,19988,2,,,1,100,,19989,2,,,1
10500,'NYE/31',1241,,19999,2,,,1,100,,20000,2,,,1,100,,20001,2,,,1,100,,20002,2,,,1,80,,20003,2,,,1,80,,20004,2,,,1,40,,20005,2,,,1,70,,20006,2,,,1,30,,20007,2,,,1,100,,20008,2,,,1,100,,20009,2,,,1
10600,'WKDY/30',1521,,20052,2,,,1,80,,20053,2,,,1,40,,20054,2,,,1,81,,20055,2,,,1
10600,'WKDY/31',1521,,20056,2,,,1,80,,20057,2,,,1,40,,20058,2,,,1,81,,20059,2,,,1
10600,'NYE/31',1521,,20060,2,,,1,80,,20061,2,,,1,40,,20062,2,,,1,81,,20063,2,,,1
10601,'WKDY/30',544,,20064,3,,,1,86,,20065,3,,,1,85,,20066,3,,,1,44,,20067,3,,,1,75,,20068,3,,,1
16400,'WKDY/30',1331,,20085,2,,,1,100,,20086,2,,,1,70,,20087,2,,,1,30,,20088,2,,,1,20,,20089,2,,,1,60,,20090,2,,,1,20,,20091,2,,,1,20,,20092,2,,,1,60,,20093,2,,,1,20,,20094,2,,,1,70,,20095,2,,,1,30,,20096,2,,,1
16400,'WKDY/31',1331,,20103,2,,,1,100,,20104,2,,,1,70,,20105,2,,,1,30,,20106,2,,,1,20,,20107,2,,,1,60,,20108,2,,,1,20,,20109,2,,,1,20,,20110,2,,,1,60,,20111,2,,,1,20,,20112,2,,,1,70,,20113,2,,,1,30,,20114,2,,,1
16400,'WKDY',1231,,20116,2,,,1,700,,20117,2,,,1,100,,20118,2,,,1
16400,'NYE',1231,,20120,2,,,1,700,,20121,2,,,1,100,,20122,2,,,1
16400,'NYE/31',1331,,20129,2,,,1,100,,20130,2,,,1,70,,20131,2,,,1,30,,20132,2,,,1,20,,20133,2,,,1,60,,20134,2,,,1,20,,20135,2,,,1,20,,20136,2,,,1,60,,20137,2,,,1,20,,20138,2,,,1,70,,20139,2,,,1,30,,20140,2,,,1
