1900,'WKDY',1608,,14764,12,4,,1
1900,'SAT',858,,14771,12,4,,1,142,,14772,12,4,,1,100,,14773,12,4,,1,101,,14774,12,4,,1,102,,14775,12,4,,1,300,,14778,12,4,,1,100,,14779,12,4,,1,198,,14781,12,4,,1,99,,14782,12,4,,1
1900,'SUN',1901,,14793,12,4,,1
1900,'NYE',1608,,14813,12,4,,1
2500,'SAT',806,,14926,36,4,,1,613,,14932,36,4,,1
4800,'WKDY',716,,16001,5,4,,1
4800,'SAT',1042,,16006,5,4,,1,200,,16007,5,4,,1,402,,16009,5,4,,1
4800,'SUN',840,,16011,5,4,,1,202,,16012,5,4,,1,200,,16013,5,4,,1,596,,16016,5,4,,1
4800,'NYE',716,,16022,5,4,,1
7100,'WKDY/30',712,,18559,1,,,1,100,,18560,1,,,1,115,,18561,1,,,1,115,,18562,1,,,1,115,,18563,1,,,1,155,,18564,1,,,1,115,,18565,1,,,1,115,,18566,1,,,1,170,,18567,1,,,1
7100,'WKDY/31',712,,18568,1,,,1,100,,18569,1,,,1,115,,18570,1,,,1,115,,18571,1,,,1,115,,18572,1,,,1,155,,18573,1,,,1,115,,18574,1,,,1,115,,18575,1,,,1,170,,18576,1,,,1
7100,'WKDY',527,,18577,1,,,1,30,,18578,1,,,1,70,,18579,1,,,1,30,,18580,1,,,1,70,,18581,1,,,1,15,,18582,1,,,1,15,,18583,1,,,1,70,,18584,1,,,1,15,,18585,1,,,1,15,,18586,1,,,1,55,,18587,1,,,1,30,,18588,1,,,1,15,,18589,1,,,1,55,,18590,1,,,1,15,,18591,1,,,1,30,,18592,1,,,1,55,,18593,1,,,1,15,,18594,1,,,1,15,,18595,1,,,1,70,,18596,1,,,1,15,,18597,1,,,1,15,,18598,1,,,1,15,,18599,1,,,1,70,,18600,1,,,1,15,,18601,1,,,1,15,,18602,1,,,1,55,,18603,1,,,1,30,,18604,1,,,1,15,,18605,1,,,1,55,,18606,1,,,1,15,,18607,1,,,1,30,,18608,1,,,1,55,,18609,1,,,1,15,,18610,1,,,1,15,,18611,1,,,1,15,,18612,1,,,1,70,,18613,1,,,1,15,,18614,1,,,1,70,,18615,1,,,1,30,,18616,1,,,1,70,,18617,1,,,1,30,,18618,1,,,1,70,,18619,1,,,1,30,,18620,1,,,1,70,,18621,1,,,1,30,,18622,1,,,1,70,,18623,1,,,1,100,,18624,1,,,1
7100,'SAT',623,,18625,1,,,1,20,,18626,1,,,1,60,,18627,1,,,1,20,,18628,1,,,1,20,,18629,1,,,1,61,,18630,1,,,1,20,,18631,1,,,1,20,,18632,1,,,1,58,,18633,1,,,1,20,,18634,1,,,1,19,,18635,1,,,1,59,,18636,1,,,1,20,,18637,1,,,1,20,,18638,1,,,1,60,,18639,1,,,1,20,,18640,1,,,1,21,,18641,1,,,1,61,,18642,1,,,1,21,,18643,1,,,1,21,,18644,1,,,1,60,,18645,1,,,1,21,,18646,1,,,1,20,,18647,1,,,1,60,,18648,1,,,1,20,,18649,1,,,1,20,,18650,1,,,1,61,,18651,1,,,1,20,,18652,1,,,1,20,,18653,1,,,1,60,,18654,1,,,1,20,,18655,1,,,1,20,,18656,1,,,1,59,,18657,1,,,1,20,,18658,1,,,1,20,,18659,1,,,1,60,,18660,1,,,1,20,,18661,1,,,1,20,,18662,1,,,1,61,,18663,1,,,1,20,,18664,1,,,1,20,,18665,1,,,1,61,,18666,1,,,1,20,,18667,1,,,1,19,,18668,1,,,1,60,,18669,1,,,1,20,,18670,1,,,1,30,,18671,1,,,1,70,,18672,1,,,1,30,,18673,1,,,1
7100,'SUN',623,,18674,1,,,1,30,,18675,1,,,1,70,,18676,1,,,1,30,,18677,1,,,1,70,,18678,1,,,1,30,,18679,1,,,1,70,,18680,1,,,1,30,,18681,1,,,1,70,,18682,1,,,1,30,,18683,1,,,1,70,,18684,1,,,1,30,,18685,1,,,1,70,,18686,1,,,1,30,,18687,1,,,1,70,,18688,1,,,1,30,,18689,1,,,1,70,,18690,1,,,1,30,,18691,1,,,1,70,,18692,1,,,1,30,,18693,1,,,1,70,,18694,1,,,1,30,,18695,1,,,1,70,,18696,1,,,1,30,,18697,1,,,1,70,,18698,1,,,1,30,,18699,1,,,1,70,,18700,1,,,1,30,,18701,1,,,1,70,,18702,1,,,1,30,,18703,1,,,1,70,,18704,1,,,1,30,,18705,1,,,1,70,,18706,1,,,1,30,,18707,1,,,1
7100,'NYE',527,,18708,1,,,1,30,,18709,1,,,1,70,,18710,1,,,1,30,,18711,1,,,1,70,,18712,1,,,1,15,,18713,1,,,1,15,,18714,1,,,1,70,,18715,1,,,1,15,,18716,1,,,1,15,,18717,1,,,1,55,,18718,1,,,1,30,,18719,1,,,1,15,,18720,1,,,1,55,,18721,1,,,1,15,,18722,1,,,1,30,,18723,1,,,1,55,,18724,1,,,1,15,,18725,1,,,1,15,,18726,1,,,1,70,,18727,1,,,1,15,,18728,1,,,1,15,,18729,1,,,1,15,,18730,1,,,1,70,,18731,1,,,1,15,,18732,1,,,1,15,,18733,1,,,1,55,,18734,1,,,1,30,,18735,1,,,1,15,,18736,1,,,1,55,,18737,1,,,1,15,,18738,1,,,1,30,,18739,1,,,1,55,,18740,1,,,1,15,,18741,1,,,1,15,,18742,1,,,1,15,,18743,1,,,1,70,,18744,1,,,1,15,,18745,1,,,1,70,,18746,1,,,1,30,,18747,1,,,1,70,,18748,1,,,1,30,,18749,1,,,1,70,,18750,1,,,1,30,,18751,1,,,1,70,,18752,1,,,1,30,,18753,1,,,1,70,,18754,1,,,1,100,,18755,1,,,1
7100,'NYE/31',712,,18756,1,,,1,100,,18757,1,,,1,115,,18758,1,,,1,115,,18759,1,,,1,115,,18760,1,,,1,155,,18761,1,,,1,115,,18762,1,,,1,115,,18763,1,,,1,170,,18764,1,,,1
7101,'WKDY/30',801,,18765,23,4,,1,105,,18766,23,4,,1,117,,18767,23,4,,1,118,,18768,23,4,,1,118,,18769,23,4,,1,155,,18770,23,4,,1,118,,18771,23,4,,1,116,,18772,23,4,,1,166,,18773,23,4,,1
7101,'WKDY/31',801,,18774,23,4,,1,105,,18775,23,4,,1,117,,18776,23,4,,1,118,,18777,23,4,,1,118,,18778,23,4,,1,155,,18779,23,4,,1,118,,18780,23,4,,1,116,,18781,23,4,,1,166,,18782,23,4,,1
7101,'WKDY',610,,18783,23,4,,1,34,,18784,23,4,,1,72,,18785,23,4,,1,30,,18786,23,4,,1,71,,18787,23,4,,1,16,,18788,23,4,,1,15,,18789,23,4,,1,73,,18790,23,4,,1,17,,18791,23,4,,1,15,,18792,23,4,,1,55,,18793,23,4,,1,30,,18794,23,4,,1,18,,18795,23,4,,1,55,,18796,23,4,,1,15,,18797,23,4,,1,30,,18798,23,4,,1,58,,18799,23,4,,1,15,,18800,23,4,,1,15,,18801,23,4,,1,70,,18802,23,4,,1,15,,18803,23,4,,1,15,,18804,23,4,,1,15,,18805,23,4,,1,70,,18806,23,4,,1,16,,18807,23,4,,1,55,,18808,23,4,,1,17,,18809,23,4,,1,30,,18810,23,4,,1,55,,18811,23,4,,1,15,,18812,23,4,,1,15,,18813,23,4,,1,71,,18814,23,4,,1,12,,18815,23,4,,1,15,,18816,23,4,,1,15,,18817,23,4,,1,55,,18818,23,4,,1,26,,18819,23,4,,1,15,,18820,23,4,,1,68,,18821,23,4,,1,30,,18822,23,4,,1,68,,18823,23,4,,1,30,,18824,23,4,,1,68,,18825,23,4,,1,26,,18826,23,4,,1,70,,18827,23,4,,1,26,,18828,23,4,,1,30,,18829,23,4,,1,99,,18830,23,4,,1
7101,'SAT',707,,18831,23,4,,1,328,,18841,23,4,,1,122,,18845,23,4,,1,61,,18846,23,4,,1,82,,18848,23,4,,1,108,,18851,23,4,,1,41,,18853,23,4,,1,60,,18854,23,4,,1,101,,18857,23,4,,1,135,,18862,23,4,,1,59,,18863,23,4,,1,20,,18864,23,4,,1,20,,18865,23,4,,1,58,,18866,23,4,,1,20,,18867,23,4,,1,37,,18869,23,4,,1,60,,18870,23,4,,1,19,,18871,23,4,,1,21,,18872,23,4,,1,59,,18873,23,4,,1,18,,18874,23,4,,1,19,,18875,23,4,,1,59,,18876,23,4,,1,29,,18877,23,4,,1,68,,18878,23,4,,1,27,,18879,23,4,,1
7101,'SUN',707,,18880,23,4,,1,132,,18883,23,4,,1,74,,18884,23,4,,1,30,,18885,23,4,,1,103,,18887,23,4,,1,102,,18889,23,4,,1,71,,18890,23,4,,1,32,,18891,23,4,,1,103,,18893,23,4,,1,70,,18894,23,4,,1,30,,18895,23,4,,1,69,,18896,23,4,,1,30,,18897,23,4,,1,100,,18899,23,4,,1,70,,18900,23,4,,1,26,,18901,23,4,,1,167,,18904,23,4,,1,30,,18905,23,4,,1,68,,18906,23,4,,1,28,,18907,23,4,,1,69,,18908,23,4,,1,29,,18909,23,4,,1,69,,18910,23,4,,1,28,,18911,23,4,,1,69,,18912,23,4,,1,30,,18913,23,4,,1
7101,'NYE',610,,18914,23,4,,1,34,,18915,23,4,,1,72,,18916,23,4,,1,30,,18917,23,4,,1,71,,18918,23,4,,1,16,,18919,23,4,,1,15,,18920,23,4,,1,73,,18921,23,4,,1,17,,18922,23,4,,1,15,,18923,23,4,,1,55,,18924,23,4,,1,30,,18925,23,4,,1,18,,18926,23,4,,1,55,,18927,23,4,,1,15,,18928,23,4,,1,30,,18929,23,4,,1,58,,18930,23,4,,1,15,,18931,23,4,,1,15,,18932,23,4,,1,70,,18933,23,4,,1,15,,18934,23,4,,1,15,,18935,23,4,,1,15,,18936,23,4,,1,70,,18937,23,4,,1,16,,18938,23,4,,1,55,,18939,23,4,,1,17,,18940,23,4,,1,30,,18941,23,4,,1,55,,18942,23,4,,1,15,,18943,23,4,,1,15,,18944,23,4,,1,71,,18945,23,4,,1,12,,18946,23,4,,1,15,,18947,23,4,,1,15,,18948,23,4,,1,55,,18949,23,4,,1,26,,18950,23,4,,1,15,,18951,23,4,,1,68,,18952,23,4,,1,30,,18953,23,4,,1,68,,18954,23,4,,1,30,,18955,23,4,,1,68,,18956,23,4,,1,26,,18957,23,4,,1,70,,18958,23,4,,1,26,,18959,23,4,,1,30,,18960,23,4,,1,99,,18961,23,4,,1
7101,'NYE/31',801,,18962,23,4,,1,105,,18963,23,4,,1,117,,18964,23,4,,1,118,,18965,23,4,,1,118,,18966,23,4,,1,155,,18967,23,4,,1,118,,18968,23,4,,1,116,,18969,23,4,,1,166,,18970,23,4,,1
7801,'SAT',840,,19473,28,4,,1,103,,19474,28,4,,1,407,,19478,28,4,,1,198,,19480,28,4,,1,99,,19481,28,4,,1,99,,19482,28,4,,1,195,,19484,28,4,,1
7801,'SUN',1647,,19493,28,4,,1
