2500,'WKDY',611,,14898,5,,,1,30,,14899,5,,,1,70,,14900,5,,,1,32,,14901,5,,,1,71,,14902,5,,,1,30,,14903,5,,,1,71,,14904,5,,,1,30,,14905,5,,,1,69,,14906,5,,,1,30,,14907,5,,,1,70,,14908,5,,,1,31,,14909,5,,,1,73,,14910,5,,,1,30,,14911,5,,,1,70,,14912,5,,,1,28,,14913,5,,,1,70,,14914,5,,,1,30,,14915,5,,,1,71,,14916,5,,,1,31,,14917,5,,,1,70,,14918,5,,,1,30,,14919,5,,,1,70,,14920,5,,,1,29,,14921,5,,,1,68,,14922,5,,,1,29,,14923,5,,,1,93,,14924,5,,,1,103,,14925,5,,,1
2500,'SAT',741,,14926,5,,,1,101,,14927,5,,,1,101,,14928,5,,,1,102,,14929,5,,,1,100,,14930,5,,,1,104,,14931,5,,,1,100,,14932,5,,,1,100,,14933,5,,,1,99,,14934,5,,,1,99,,14935,5,,,1,96,,14936,5,,,1,99,,14937,5,,,1,99,,14938,5,,,1
2500,'SUN',741,,14939,5,,,1,101,,14940,5,,,1,101,,14941,5,,,1,102,,14942,5,,,1,100,,14943,5,,,1,104,,14944,5,,,1,100,,14945,5,,,1,100,,14946,5,,,1,99,,14947,5,,,1,99,,14948,5,,,1,96,,14949,5,,,1,99,,14950,5,,,1,99,,14951,5,,,1
2500,'NYE',611,,14952,5,,,1,30,,14953,5,,,1,70,,14954,5,,,1,32,,14955,5,,,1,71,,14956,5,,,1,30,,14957,5,,,1,71,,14958,5,,,1,30,,14959,5,,,1,69,,14960,5,,,1,30,,14961,5,,,1,70,,14962,5,,,1,31,,14963,5,,,1,73,,14964,5,,,1,30,,14965,5,,,1,70,,14966,5,,,1,28,,14967,5,,,1,70,,14968,5,,,1,30,,14969,5,,,1,71,,14970,5,,,1,31,,14971,5,,,1,70,,14972,5,,,1,30,,14973,5,,,1,70,,14974,5,,,1,29,,14975,5,,,1,68,,14976,5,,,1,29,,14977,5,,,1,93,,14978,5,,,1,103,,14979,5,,,1
3201,'WKDY/30',644,,15561,4,,,1,197,,15562,4,,,1,199,,15563,4,,,1,198,,15564,4,,,1,200,,15565,4,,,1,199,,15566,4,,,1,204,,15567,4,,,1
3201,'WKDY/31',644,,15568,4,,,1,197,,15569,4,,,1,199,,15570,4,,,1,198,,15571,4,,,1,200,,15572,4,,,1,199,,15573,4,,,1,204,,15574,4,,,1
3201,'WKDY',545,,15575,4,,,1,69,,15576,4,,,1,98,,15577,4,,,1,30,,15578,4,,,1,70,,15579,4,,,1,98,,15580,4,,,1,30,,15581,4,,,1,70,,15582,4,,,1,100,,15583,4,,,1,29,,15584,4,,,1,70,,15585,4,,,1,98,,15586,4,,,1,30,,15587,4,,,1,71,,15588,4,,,1,100,,15589,4,,,1,29,,15590,4,,,1,70,,15591,4,,,1,100,,15592,4,,,1,33,,15593,4,,,1,70,,15594,4,,,1,102,,15595,4,,,1,101,,15596,4,,,1,100,,15597,4,,,1
3201,'SAT',752,,15598,4,,,1,79,,15599,4,,,1,79,,15600,4,,,1,39,,15601,4,,,1,79,,15602,4,,,1,80,,15603,4,,,1,39,,15604,4,,,1,79,,15605,4,,,1,80,,15606,4,,,1,40,,15607,4,,,1,80,,15608,4,,,1,80,,15609,4,,,1,40,,15610,4,,,1,82,,15611,4,,,1,80,,15612,4,,,1,41,,15613,4,,,1,82,,15614,4,,,1,80,,15615,4,,,1,40,,15616,4,,,1
3201,'SUN',752,,15617,4,,,1,100,,15618,4,,,1,98,,15619,4,,,1,100,,15620,4,,,1,96,,15621,4,,,1,101,,15622,4,,,1,100,,15623,4,,,1,100,,15624,4,,,1,100,,15625,4,,,1,100,,15626,4,,,1,101,,15627,4,,,1,102,,15628,4,,,1,101,,15629,4,,,1
3201,'NYE',545,,15630,4,,,1,69,,15631,4,,,1,98,,15632,4,,,1,30,,15633,4,,,1,70,,15634,4,,,1,98,,15635,4,,,1,30,,15636,4,,,1,70,,15637,4,,,1,100,,15638,4,,,1,29,,15639,4,,,1,70,,15640,4,,,1,98,,15641,4,,,1,30,,15642,4,,,1,71,,15643,4,,,1,100,,15644,4,,,1,29,,15645,4,,,1,70,,15646,4,,,1,100,,15647,4,,,1,33,,15648,4,,,1,70,,15649,4,,,1,102,,15650,4,,,1,101,,15651,4,,,1,100,,15652,4,,,1
3201,'NYE/31',644,,15653,4,,,1,197,,15654,4,,,1,199,,15655,4,,,1,198,,15656,4,,,1,200,,15657,4,,,1,199,,15658,4,,,1,204,,15659,4,,,1
