2500,'WKDY',627,,14898,26,,,1,30,,14899,26,,,1,71,,14900,26,,,1,72,,14901,26,,,1,31,,14902,26,,,1,69,,14903,26,,,1,32,,14904,26,,,1,70,,14905,26,,,1,29,,14906,26,,,1,70,,14907,26,,,1,31,,14908,26,,,1,71,,14909,26,,,1,33,,14910,26,,,1,70,,14911,26,,,1,30,,14912,26,,,1,68,,14913,26,,,1,32,,14914,26,,,1,70,,14915,26,,,1,31,,14916,26,,,1,71,,14917,26,,,1,29,,14918,26,,,1,70,,14919,26,,,1,30,,14920,26,,,1,68,,14921,26,,,1,28,,14922,26,,,1,68,,14923,26,,,1,52,,14924,26,,,1,102,,14925,26,,,1
2500,'SAT',757,,14926,26,,,1,101,,14927,26,,,1,101,,14928,26,,,1,142,,14929,26,,,1,101,,14930,26,,,1,105,,14931,26,,,1,100,,14932,26,,,1,99,,14933,26,,,1,99,,14934,26,,,1,99,,14935,26,,,1,96,,14936,26,,,1,58,,14937,26,,,1,99,,14938,26,,,1
2500,'SUN',757,,14939,26,,,1,101,,14940,26,,,1,101,,14941,26,,,1,142,,14942,26,,,1,101,,14943,26,,,1,105,,14944,26,,,1,100,,14945,26,,,1,99,,14946,26,,,1,99,,14947,26,,,1,99,,14948,26,,,1,96,,14949,26,,,1,58,,14950,26,,,1,99,,14951,26,,,1
2500,'NYE',627,,14952,26,,,1,30,,14953,26,,,1,71,,14954,26,,,1,72,,14955,26,,,1,31,,14956,26,,,1,69,,14957,26,,,1,32,,14958,26,,,1,70,,14959,26,,,1,29,,14960,26,,,1,70,,14961,26,,,1,31,,14962,26,,,1,71,,14963,26,,,1,33,,14964,26,,,1,70,,14965,26,,,1,30,,14966,26,,,1,68,,14967,26,,,1,32,,14968,26,,,1,70,,14969,26,,,1,31,,14970,26,,,1,71,,14971,26,,,1,29,,14972,26,,,1,70,,14973,26,,,1,30,,14974,26,,,1,68,,14975,26,,,1,28,,14976,26,,,1,68,,14977,26,,,1,52,,14978,26,,,1,102,,14979,26,,,1
7800,'WKDY/30',1023,,19354,14,,,1,303,,19355,14,,,1
7800,'WKDY/31',1023,,19356,14,,,1,303,,19357,14,,,1
7800,'WKDY',449,,19358,14,,,1,102,,19359,14,,,1,70,,19360,14,,,1,30,,19361,14,,,1,71,,19362,14,,,1,31,,19363,14,,,1,70,,19364,14,,,1,30,,19365,14,,,1,70,,19366,14,,,1,30,,19367,14,,,1,100,,19368,14,,,1,72,,19369,14,,,1,30,,19370,14,,,1,70,,19371,14,,,1,30,,19372,14,,,1,101,,19373,14,,,1,70,,19374,14,,,1,30,,19375,14,,,1,70,,19376,14,,,1,30,,19377,14,,,1,70,,19378,14,,,1,30,,19379,14,,,1,70,,19380,14,,,1,32,,19381,14,,,1,98,,19382,14,,,1,98,,19383,14,,,1,100,,19384,14,,,1,99,,19385,14,,,1
7800,'SAT',753,,19386,14,,,1,101,,19387,14,,,1,100,,19388,14,,,1,100,,19389,14,,,1,100,,19390,14,,,1,101,,19391,14,,,1,100,,19392,14,,,1,100,,19393,14,,,1,100,,19394,14,,,1,100,,19395,14,,,1,100,,19396,14,,,1,99,,19397,14,,,1,99,,19398,14,,,1
7800,'SUN',753,,19399,14,,,1,101,,19400,14,,,1,100,,19401,14,,,1,100,,19402,14,,,1,100,,19403,14,,,1,101,,19404,14,,,1,100,,19405,14,,,1,100,,19406,14,,,1,100,,19407,14,,,1,95,,19408,14,,,1,105,,19409,14,,,1,99,,19410,14,,,1,104,,19411,14,,,1
7800,'NYE',449,,19412,14,,,1,102,,19413,14,,,1,70,,19414,14,,,1,30,,19415,14,,,1,71,,19416,14,,,1,31,,19417,14,,,1,70,,19418,14,,,1,30,,19419,14,,,1,70,,19420,14,,,1,30,,19421,14,,,1,100,,19422,14,,,1,72,,19423,14,,,1,30,,19424,14,,,1,70,,19425,14,,,1,30,,19426,14,,,1,101,,19427,14,,,1,70,,19428,14,,,1,30,,19429,14,,,1,70,,19430,14,,,1,30,,19431,14,,,1,70,,19432,14,,,1,30,,19433,14,,,1,70,,19434,14,,,1,32,,19435,14,,,1,98,,19436,14,,,1,98,,19437,14,,,1,100,,19438,14,,,1,99,,19439,14,,,1
7800,'NYE/31',1023,,19440,14,,,1,303,,19441,14,,,1
