3100,'WKDY/30',747,,15272,10,,,1,202,,15273,10,,,1,200,,15274,10,,,1,202,,15275,10,,,1,202,,15276,10,,,1,197,,15277,10,,,1
3100,'WKDY/31',747,,15278,10,,,1,202,,15279,10,,,1,200,,15280,10,,,1,202,,15281,10,,,1,202,,15282,10,,,1,197,,15283,10,,,1
3100,'WKDY',545,,15284,10,,,1,71,,15285,10,,,1,30,,15286,10,,,1,71,,15287,10,,,1,102,,15288,10,,,1,30,,15289,10,,,1,70,,15290,10,,,1,100,,15291,10,,,1,30,,15292,10,,,1,70,,15293,10,,,1,102,,15294,10,,,1,30,,15295,10,,,1,70,,15296,10,,,1,100,,15297,10,,,1,32,,15298,10,,,1,70,,15299,10,,,1,99,,15300,10,,,1,29,,15301,10,,,1,69,,15302,10,,,1,99,,15303,10,,,1,30,,15304,10,,,1,69,,15305,10,,,1,100,,15306,10,,,1,100,,15307,10,,,1
3100,'SAT',853,,15308,10,,,1,80,,15309,10,,,1,80,,15310,10,,,1,40,,15311,10,,,1,81,,15312,10,,,1,80,,15313,10,,,1,40,,15314,10,,,1,80,,15315,10,,,1,80,,15316,10,,,1,40,,15317,10,,,1,80,,15318,10,,,1,80,,15319,10,,,1,40,,15320,10,,,1,80,,15321,10,,,1,79,,15322,10,,,1,40,,15323,10,,,1,80,,15324,10,,,1,80,,15325,10,,,1
3100,'SUN',851,,15326,10,,,1,100,,15327,10,,,1,101,,15328,10,,,1,100,,15329,10,,,1,100,,15330,10,,,1,100,,15331,10,,,1,100,,15332,10,,,1,100,,15333,10,,,1,100,,15334,10,,,1,100,,15335,10,,,1,99,,15336,10,,,1,100,,15337,10,,,1
3100,'NYE',545,,15338,10,,,1,71,,15339,10,,,1,30,,15340,10,,,1,71,,15341,10,,,1,102,,15342,10,,,1,30,,15343,10,,,1,70,,15344,10,,,1,100,,15345,10,,,1,30,,15346,10,,,1,70,,15347,10,,,1,102,,15348,10,,,1,30,,15349,10,,,1,70,,15350,10,,,1,100,,15351,10,,,1,32,,15352,10,,,1,70,,15353,10,,,1,99,,15354,10,,,1,29,,15355,10,,,1,69,,15356,10,,,1,99,,15357,10,,,1,30,,15358,10,,,1,69,,15359,10,,,1,100,,15360,10,,,1,100,,15361,10,,,1
3100,'NYE/31',747,,15362,10,,,1,202,,15363,10,,,1,200,,15364,10,,,1,202,,15365,10,,,1,202,,15366,10,,,1,197,,15367,10,,,1
7101,'WKDY/30',745,,18765,13,,,1,104,,18766,13,,,1,156,,18767,13,,,1,117,,18768,13,,,1,118,,18769,13,,,1,115,,18770,13,,,1,156,,18771,13,,,1,116,,18772,13,,,1,128,,18773,13,,,1
7101,'WKDY/31',745,,18774,13,,,1,104,,18775,13,,,1,156,,18776,13,,,1,117,,18777,13,,,1,118,,18778,13,,,1,115,,18779,13,,,1,156,,18780,13,,,1,116,,18781,13,,,1,128,,18782,13,,,1
7101,'WKDY',556,,18783,13,,,1,73,,18784,13,,,1,71,,18785,13,,,1,30,,18786,13,,,1,70,,18787,13,,,1,16,,18788,13,,,1,15,,18789,13,,,1,73,,18790,13,,,1,16,,18791,13,,,1,15,,18792,13,,,1,15,,18793,13,,,1,70,,18794,13,,,1,17,,18795,13,,,1,15,,18796,13,,,1,55,,18797,13,,,1,30,,18798,13,,,1,18,,18799,13,,,1,55,,18800,13,,,1,15,,18801,13,,,1,30,,18802,13,,,1,55,,18803,13,,,1,15,,18804,13,,,1,15,,18805,13,,,1,70,,18806,13,,,1,16,,18807,13,,,1,15,,18808,13,,,1,15,,18809,13,,,1,70,,18810,13,,,1,15,,18811,13,,,1,15,,18812,13,,,1,55,,18813,13,,,1,31,,18814,13,,,1,13,,18815,13,,,1,55,,18816,13,,,1,15,,18817,13,,,1,15,,18818,13,,,1,68,,18819,13,,,1,15,,18820,13,,,1,28,,18821,13,,,1,70,,18822,13,,,1,29,,18823,13,,,1,70,,18824,13,,,1,28,,18825,13,,,1,68,,18826,13,,,1,30,,18827,13,,,1,68,,18828,13,,,1,30,,18829,13,,,1,100,,18830,13,,,1
7101,'SAT',654,,18831,13,,,1,60,,18832,13,,,1,20,,18833,13,,,1,20,,18834,13,,,1,62,,18835,13,,,1,21,,18836,13,,,1,20,,18837,13,,,1,61,,18838,13,,,1,19,,18839,13,,,1,22,,18840,13,,,1,59,,18841,13,,,1,20,,18842,13,,,1,21,,18843,13,,,1,60,,18844,13,,,1,20,,18845,13,,,1,20,,18846,13,,,1,61,,18847,13,,,1,21,,18848,13,,,1,63,,18849,13,,,1,25,,18850,13,,,1,20,,18851,13,,,1,61,,18852,13,,,1,20,,18853,13,,,1,20,,18854,13,,,1,60,,18855,13,,,1,20,,18856,13,,,1,20,,18857,13,,,1,61,,18858,13,,,1,19,,18859,13,,,1,21,,18860,13,,,1,60,,18861,13,,,1,16,,18862,13,,,1,19,,18863,13,,,1,60,,18864,13,,,1,20,,18865,13,,,1,18,,18866,13,,,1,60,,18867,13,,,1,19,,18868,13,,,1,19,,18869,13,,,1,60,,18870,13,,,1,20,,18871,13,,,1,21,,18872,13,,,1,59,,18873,13,,,1,19,,18874,13,,,1,19,,18875,13,,,1,60,,18876,13,,,1,30,,18877,13,,,1,28,,18878,13,,,1,67,,18879,13,,,1
7101,'SUN',654,,18880,13,,,1,70,,18881,13,,,1,30,,18882,13,,,1,72,,18883,13,,,1,32,,18884,13,,,1,70,,18885,13,,,1,72,,18886,13,,,1,30,,18887,13,,,1,70,,18888,13,,,1,31,,18889,13,,,1,70,,18890,13,,,1,32,,18891,13,,,1,73,,18892,13,,,1,30,,18893,13,,,1,70,,18894,13,,,1,30,,18895,13,,,1,70,,18896,13,,,1,30,,18897,13,,,1,70,,18898,13,,,1,30,,18899,13,,,1,70,,18900,13,,,1,26,,18901,13,,,1,70,,18902,13,,,1,30,,18903,13,,,1,69,,18904,13,,,1,30,,18905,13,,,1,28,,18906,13,,,1,70,,18907,13,,,1,29,,18908,13,,,1,69,,18909,13,,,1,29,,18910,13,,,1,68,,18911,13,,,1,30,,18912,13,,,1,70,,18913,13,,,1
7101,'NYE',556,,18914,13,,,1,73,,18915,13,,,1,71,,18916,13,,,1,30,,18917,13,,,1,70,,18918,13,,,1,16,,18919,13,,,1,15,,18920,13,,,1,73,,18921,13,,,1,16,,18922,13,,,1,15,,18923,13,,,1,15,,18924,13,,,1,70,,18925,13,,,1,17,,18926,13,,,1,15,,18927,13,,,1,55,,18928,13,,,1,30,,18929,13,,,1,18,,18930,13,,,1,55,,18931,13,,,1,15,,18932,13,,,1,30,,18933,13,,,1,55,,18934,13,,,1,15,,18935,13,,,1,15,,18936,13,,,1,70,,18937,13,,,1,16,,18938,13,,,1,15,,18939,13,,,1,15,,18940,13,,,1,70,,18941,13,,,1,15,,18942,13,,,1,15,,18943,13,,,1,55,,18944,13,,,1,31,,18945,13,,,1,13,,18946,13,,,1,55,,18947,13,,,1,15,,18948,13,,,1,15,,18949,13,,,1,68,,18950,13,,,1,15,,18951,13,,,1,28,,18952,13,,,1,70,,18953,13,,,1,29,,18954,13,,,1,70,,18955,13,,,1,28,,18956,13,,,1,68,,18957,13,,,1,30,,18958,13,,,1,68,,18959,13,,,1,30,,18960,13,,,1,100,,18961,13,,,1
7101,'NYE/31',745,,18962,13,,,1,104,,18963,13,,,1,156,,18964,13,,,1,117,,18965,13,,,1,118,,18966,13,,,1,115,,18967,13,,,1,156,,18968,13,,,1,116,,18969,13,,,1,128,,18970,13,,,1
