200,'WKDY',1211,,14005,42,4,,1
200,'NYE',1211,,14018,42,4,,1
2500,'WKDY',1817,,14921,36,4,,1
2500,'NYE',1817,,14975,36,4,,1
4800,'WKDY/30',917,,15993,5,4,,1,197,,15994,5,4,,1,401,,15995,5,4,,1,204,,15996,5,4,,1
4800,'WKDY/31',917,,15997,5,4,,1,197,,15998,5,4,,1,401,,15999,5,4,,1,204,,16000,5,4,,1
4800,'WKDY',1320,,16002,5,4,,1,597,,16003,5,4,,1,129,,16004,5,4,,1
4800,'SAT',1448,,16008,5,4,,1
4800,'SUN',1448,,16014,5,4,,1
4800,'NYE',1320,,16023,5,4,,1,597,,16024,5,4,,1,129,,16025,5,4,,1,104,,16017,5,4,,1,100,,16018,5,4,,1,100,,16019,5,4,,1,100,,16020,5,4,,1,100,,16021,5,4,,1
4800,'NYE/31',917,,16026,5,4,,1,197,,16027,5,4,,1,401,,16028,5,4,,1,204,,16029,5,4,,1
4801,'WKDY/30',815,,16030,1,,,1,201,,16031,1,,,1,400,,16032,1,,,1,204,,16033,1,,,1
4801,'WKDY/31',815,,16034,1,,,1,201,,16035,1,,,1,400,,16036,1,,,1,204,,16037,1,,,1
4801,'WKDY',620,,16038,1,,,1,601,,16039,1,,,1,600,,16040,1,,,1,130,,16041,1,,,1
4801,'SAT',750,,16042,1,,,1,197,,16043,1,,,1,200,,16044,1,,,1,206,,16045,1,,,1,197,,16046,1,,,1,197,,16047,1,,,1
4801,'SUN',750,,16048,1,,,1,197,,16049,1,,,1,200,,16050,1,,,1,206,,16051,1,,,1,197,,16052,1,,,1,197,,16053,1,,,1
4801,'NYE',620,,16059,1,,,1,601,,16060,1,,,1,600,,16061,1,,,1,130,,16062,1,,,1,104,,16054,1,,,1,100,,16055,1,,,1,100,,16056,1,,,1,100,,16057,1,,,1,100,,16058,1,,,1
4801,'NYE/31',815,,16063,1,,,1,201,,16064,1,,,1,400,,16065,1,,,1,204,,16066,1,,,1
7101,'SAT',933,,18838,23,4,,1,203,,18844,23,4,,1,187,,18849,23,4,,1,206,,18855,23,4,,1,201,,18861,23,4,,1
7101,'SUN',737,,18881,23,4,,1,379,,18888,23,4,,1,208,,18892,23,4,,1
7801,'SUN',943,,19486,28,4,,1,605,,19492,28,4,,1,193,,19494,28,4,,1
10500,'WKDY/31',652,,19971,7,4,,1,87,,19972,7,4,,1,91,,19973,7,4,,1,83,,19974,7,4,,1,112,,19976,7,4,,1,103,,19977,7,4,,1,97,,19978,7,4,,1,108,,19979,10,4,,1,99,,19980,10,4,,1,106,,19981,10,4,,1,105,,19982,10,4,,1,77,,19983,10,4,,1,80,,19984,10,4,,1,35,,19985,10,4,,1,67,,19986,10,4,,1,25,,19987,10,4,,1,89,,19988,10,4,,1,100,,19989,10,4,,1
10500,'NYE/31',652,,19991,7,4,,1,87,,19992,7,4,,1,91,,19993,7,4,,1,83,,19994,7,4,,1,112,,19996,7,4,,1,103,,19997,7,4,,1,97,,19998,7,4,,1,108,,19999,10,4,,1,99,,20000,10,4,,1,106,,20001,10,4,,1,105,,20002,10,4,,1,77,,20003,10,4,,1,80,,20004,10,4,,1,35,,20005,10,4,,1,67,,20006,10,4,,1,25,,20007,10,4,,1,89,,20008,10,4,,1,100,,20009,10,4,,1
10501,'WKDY/31',505,,20010,1,,,1,42,,20011,1,,,1,80,,20012,1,,,1,30,,20013,1,,,1,50,,20014,1,,,1,40,,20015,1,,,1,90,,20016,1,,,1,70,,20017,1,,,1,100,,20018,1,,,1,100,,20019,1,,,1,96,,20020,1,,,1,97,,20021,1,,,1,101,,20022,1,,,1,100,,20023,1,,,1,39,,20024,1,,,1,79,,20025,1,,,1,40,,20026,1,,,1,71,,20027,1,,,1,74,,20028,1,,,1,105,,20029,1,,,1,99,,20030,1,,,1
10501,'NYE/31',505,,20031,1,,,1,42,,20032,1,,,1,80,,20033,1,,,1,30,,20034,1,,,1,50,,20035,1,,,1,40,,20036,1,,,1,90,,20037,1,,,1,70,,20038,1,,,1,100,,20039,1,,,1,100,,20040,1,,,1,96,,20041,1,,,1,97,,20042,1,,,1,101,,20043,1,,,1,100,,20044,1,,,1,39,,20045,1,,,1,79,,20046,1,,,1,40,,20047,1,,,1,71,,20048,1,,,1,74,,20049,1,,,1,105,,20050,1,,,1,99,,20051,1,,,1
10600,'WKDY/30',1612,,20052,7,4,,1,39,,20053,7,4,,1,81,,20054,7,4,,1,77,,20055,7,4,,1
10600,'WKDY/31',1612,,20056,7,4,,1,39,,20057,7,4,,1,81,,20058,7,4,,1,77,,20059,7,4,,1
10600,'NYE/31',1612,,20060,7,4,,1,39,,20061,7,4,,1,81,,20062,7,4,,1,77,,20063,7,4,,1
10601,'WKDY/30',500,,20064,1,,,1,40,,20065,1,,,1,80,,20066,1,,,1,80,,20067,1,,,1,40,,20068,1,,,1
10601,'WKDY/31',527,,20069,1,,,1,80,,20070,1,,,1,40,,20071,1,,,1,80,,20072,1,,,1,80,,20073,1,,,1
10601,'NYE/31',527,,20074,1,,,1,80,,20075,1,,,1,40,,20076,1,,,1,80,,20077,1,,,1,80,,20078,1,,,1
50000,'WKDY/30',527,,20223,7,4,,1,126,,20225,7,4,,1,75,,20226,7,4,,1,30,,20227,7,4,,1
