3001,'WKDY',531,,15166,25,,,1,94,,15167,43,,,1,30,,15168,43,,,1,65,,15169,43,,,1,35,,15170,43,,,1,76,,15171,43,,,1,71,,15172,43,,,1,26,,15173,43,,,1,31,,15174,43,,,1,68,,15175,43,,,1,31,,15176,43,,,1,69,,15177,43,,,1,30,,15178,43,,,1,70,,15179,43,,,1,30,,15180,43,,,1,74,,15181,43,,,1,72,,15182,43,,,1,30,,15183,43,,,1,70,,15184,43,,,1,34,,15185,43,,,1,73,,15186,43,,,1,28,,15187,43,,,1,69,,15188,43,,,1,25,,15189,43,,,1,68,,15190,43,,,1,27,,15191,43,,,1,28,,15192,43,,,1,69,,15193,43,,,1,28,,15194,43,,,1,65,,15195,43,,,1,30,,15196,43,,,1,67,,15197,43,,,1,99,,15198,43,,,1
3001,'SAT',709,,15199,43,,,1,101,,15200,43,,,1,30,,15201,43,,,1,72,,15202,43,,,1,33,,15203,43,,,1,72,,15204,43,,,1,31,,15205,43,,,1,71,,15206,43,,,1,30,,15207,43,,,1,73,,15208,43,,,1,31,,15209,43,,,1,72,,15210,43,,,1,30,,15211,43,,,1,69,,15212,43,,,1,31,,15213,43,,,1,70,,15214,43,,,1,29,,15215,43,,,1,68,,15216,43,,,1,31,,15217,43,,,1,68,,15218,43,,,1,30,,15219,43,,,1,67,,15220,43,,,1,100,,15221,43,,,1,98,,15222,43,,,1,100,,15223,43,,,1
3001,'SUN',710,,15224,43,,,1,101,,15225,43,,,1,106,,15226,43,,,1,100,,15227,43,,,1,102,,15228,43,,,1,101,,15229,43,,,1,102,,15230,43,,,1,100,,15231,43,,,1,100,,15232,43,,,1,99,,15233,43,,,1,100,,15234,43,,,1,99,,15235,43,,,1,97,,15236,43,,,1,98,,15237,43,,,1,100,,15238,43,,,1
3001,'NYE',531,,15239,25,,,1,94,,15240,43,,,1,30,,15241,43,,,1,65,,15242,43,,,1,35,,15243,43,,,1,76,,15244,43,,,1,71,,15245,43,,,1,26,,15246,43,,,1,31,,15247,43,,,1,68,,15248,43,,,1,31,,15249,43,,,1,69,,15250,43,,,1,30,,15251,43,,,1,70,,15252,43,,,1,30,,15253,43,,,1,74,,15254,43,,,1,72,,15255,43,,,1,30,,15256,43,,,1,70,,15257,43,,,1,34,,15258,43,,,1,73,,15259,43,,,1,28,,15260,43,,,1,69,,15261,43,,,1,25,,15262,43,,,1,68,,15263,43,,,1,27,,15264,43,,,1,28,,15265,43,,,1,69,,15266,43,,,1,28,,15267,43,,,1,65,,15268,43,,,1,30,,15269,43,,,1,67,,15270,43,,,1,99,,15271,43,,,1
7400,'WKDY/30',936,,19153,25,,,1,271,,19154,25,,,1,231,,19155,25,,,1,271,,19156,25,,,1,227,,19157,25,,,1,98,,19158,25,,,1,99,,19159,25,,,1
7400,'WKDY/31',936,,19160,25,,,1,271,,19161,25,,,1,231,,19162,25,,,1,271,,19163,25,,,1,227,,19164,25,,,1,98,,19165,25,,,1,99,,19166,25,,,1
7400,'WKDY',502,,19167,25,,,1,102,,19168,25,,,1,29,,19169,25,,,1,72,,19170,25,,,1,31,,19171,25,,,1,70,,19172,25,,,1,30,,19173,25,,,1,70,,19174,25,,,1,100,,19175,25,,,1,31,,19176,25,,,1,70,,19177,25,,,1,30,,19178,25,,,1,100,,19179,25,,,1,70,,19180,25,,,1,31,,19181,25,,,1,70,,19182,25,,,1,100,,19183,25,,,1,30,,19184,25,,,1,71,,19185,25,,,1,30,,19186,25,,,1,100,,19187,25,,,1,69,,19188,25,,,1,29,,19189,25,,,1,69,,19190,25,,,1,100,,19191,25,,,1,98,,19192,25,,,1
7400,'SAT',736,,19193,25,,,1,101,,19194,25,,,1,100,,19195,25,,,1,101,,19196,25,,,1,102,,19197,25,,,1,100,,19198,25,,,1,103,,19199,25,,,1,97,,19200,25,,,1,100,,19201,25,,,1,100,,19202,25,,,1,100,,19203,25,,,1,99,,19204,25,,,1,99,,19205,25,,,1,100,,19206,25,,,1
7400,'SUN',736,,19207,25,,,1,101,,19208,25,,,1,100,,19209,25,,,1,101,,19210,25,,,1,102,,19211,25,,,1,100,,19212,25,,,1,103,,19213,25,,,1,97,,19214,25,,,1,100,,19215,25,,,1,100,,19216,25,,,1,100,,19217,25,,,1,99,,19218,25,,,1,99,,19219,25,,,1,100,,19220,25,,,1
7400,'NYE',502,,19221,25,,,1,102,,19222,25,,,1,29,,19223,25,,,1,72,,19224,25,,,1,31,,19225,25,,,1,70,,19226,25,,,1,30,,19227,25,,,1,70,,19228,25,,,1,100,,19229,25,,,1,31,,19230,25,,,1,70,,19231,25,,,1,30,,19232,25,,,1,100,,19233,25,,,1,70,,19234,25,,,1,31,,19235,25,,,1,70,,19236,25,,,1,100,,19237,25,,,1,30,,19238,25,,,1,71,,19239,25,,,1,30,,19240,25,,,1,100,,19241,25,,,1,69,,19242,25,,,1,29,,19243,25,,,1,69,,19244,25,,,1,100,,19245,25,,,1,98,,19246,25,,,1
7400,'NYE/31',936,,19247,25,,,1,271,,19248,25,,,1,231,,19249,25,,,1,271,,19250,25,,,1,227,,19251,25,,,1,98,,19252,25,,,1,99,,19253,25,,,1
