700,'SAT',751,,14345,28,4,,1,100,,14346,28,4,,1,105,,14347,28,4,,1,103,,14348,28,4,,1,142,,14349,28,4,,1,104,,14350,28,4,,1,100,,14351,28,4,,1,101,,14352,28,4,,1,100,,14353,28,4,,1,99,,14354,28,4,,1,100,,14355,28,4,,1,52,,14356,28,4,,1
700,'SUN',751,,14360,28,4,,1,100,,14361,28,4,,1,105,,14362,28,4,,1,103,,14363,28,4,,1,142,,14364,28,4,,1,104,,14365,28,4,,1,100,,14366,28,4,,1,101,,14367,28,4,,1,100,,14368,28,4,,1,99,,14369,28,4,,1,100,,14370,28,4,,1,52,,14371,28,4,,1
1200,'SAT',733,,14584,29,4,,1,101,,14585,29,4,,1,102,,14586,29,4,,1,101,,14587,29,4,,1,102,,14588,29,4,,1,100,,14589,29,4,,1,100,,14590,29,4,,1,102,,14591,29,4,,1,100,,14592,29,4,,1,100,,14593,29,4,,1,98,,14594,29,4,,1,99,,14595,29,4,,1,99,,14596,29,4,,1,99,,14597,29,4,,1
1200,'SUN',733,,14600,29,4,,1,101,,14601,29,4,,1,102,,14602,29,4,,1,101,,14603,29,4,,1,102,,14604,29,4,,1,100,,14605,29,4,,1,100,,14606,29,4,,1,102,,14607,29,4,,1,100,,14608,29,4,,1,100,,14609,29,4,,1,98,,14610,29,4,,1,99,,14611,29,4,,1,99,,14612,29,4,,1,99,,14613,29,4,,1
8000,'WKDY',520,,19526,1,,,1,30,,19527,1,,,1,70,,19528,1,,,1,30,,19529,1,,,1,70,,19530,1,,,1,30,,19531,1,,,1,70,,19532,1,,,1,30,,19533,1,,,1,70,,19534,1,,,1,30,,19535,1,,,1,70,,19536,1,,,1,30,,19537,1,,,1,70,,19538,1,,,1,30,,19539,1,,,1,70,,19540,1,,,1,30,,19541,1,,,1,70,,19542,1,,,1,30,,19543,1,,,1,70,,19544,1,,,1,30,,19545,1,,,1,70,,19546,1,,,1,30,,19547,1,,,1,70,,19548,1,,,1,27,,19549,1,,,1,70,,19550,1,,,1,30,,19551,1,,,1,70,,19552,1,,,1,33,,19553,1,,,1,70,,19554,1,,,1,30,,19555,1,,,1,70,,19556,1,,,1,30,,19557,1,,,1
8000,'SAT',620,,19558,1,,,1,100,,19559,1,,,1,30,,19560,1,,,1,70,,19561,1,,,1,30,,19562,1,,,1,70,,19563,1,,,1,30,,19564,1,,,1,70,,19565,1,,,1,30,,19566,1,,,1,70,,19567,1,,,1,30,,19568,1,,,1,70,,19569,1,,,1,30,,19570,1,,,1,70,,19571,1,,,1,30,,19572,1,,,1,70,,19573,1,,,1,30,,19574,1,,,1,70,,19575,1,,,1,30,,19576,1,,,1,70,,19577,1,,,1,30,,19578,1,,,1,70,,19579,1,,,1,30,,19580,1,,,1,70,,19581,1,,,1,30,,19582,1,,,1,70,,19583,1,,,1,30,,19584,1,,,1,100,,19585,1,,,1
8000,'SUN',620,,19586,1,,,1,100,,19587,1,,,1,30,,19588,1,,,1,70,,19589,1,,,1,30,,19590,1,,,1,70,,19591,1,,,1,30,,19592,1,,,1,70,,19593,1,,,1,30,,19594,1,,,1,70,,19595,1,,,1,30,,19596,1,,,1,70,,19597,1,,,1,30,,19598,1,,,1,70,,19599,1,,,1,30,,19600,1,,,1,70,,19601,1,,,1,30,,19602,1,,,1,70,,19603,1,,,1,30,,19604,1,,,1,70,,19605,1,,,1,30,,19606,1,,,1,70,,19607,1,,,1,30,,19608,1,,,1,70,,19609,1,,,1,30,,19610,1,,,1,70,,19611,1,,,1,30,,19612,1,,,1,100,,19613,1,,,1
8000,'NYE',520,,19614,1,,,1,30,,19615,1,,,1,70,,19616,1,,,1,30,,19617,1,,,1,70,,19618,1,,,1,30,,19619,1,,,1,70,,19620,1,,,1,30,,19621,1,,,1,70,,19622,1,,,1,30,,19623,1,,,1,70,,19624,1,,,1,30,,19625,1,,,1,70,,19626,1,,,1,30,,19627,1,,,1,70,,19628,1,,,1,30,,19629,1,,,1,70,,19630,1,,,1,30,,19631,1,,,1,70,,19632,1,,,1,30,,19633,1,,,1,70,,19634,1,,,1,30,,19635,1,,,1,70,,19636,1,,,1,27,,19637,1,,,1,70,,19638,1,,,1,30,,19639,1,,,1,70,,19640,1,,,1,33,,19641,1,,,1,70,,19642,1,,,1,30,,19643,1,,,1,70,,19644,1,,,1,30,,19645,1,,,1,70,,19646,1,,,1,30,,19647,1,,,1,70,,19648,1,,,1,30,,19649,1,,,1,70,,19650,1,,,1,30,,19651,1,,,1,70,,19652,1,,,1,30,,19653,1,,,1,70,,19654,1,,,1,30,,19655,1,,,1,70,,19656,1,,,1
8001,'WKDY',632,,19657,36,4,,1,71,,19658,36,4,,1,33,,19659,36,4,,1,71,,19660,36,4,,1,31,,19661,36,4,,1,70,,19662,36,4,,1,29,,19663,36,4,,1,70,,19664,36,4,,1,31,,19665,36,4,,1,70,,19666,36,4,,1,30,,19667,36,4,,1,70,,19668,36,4,,1,30,,19669,36,4,,1,70,,19670,36,4,,1,30,,19671,36,4,,1,72,,19672,36,4,,1,31,,19673,36,4,,1,70,,19674,36,4,,1,33,,19675,36,4,,1,70,,19676,36,4,,1,31,,19677,36,4,,1,68,,19678,36,4,,1,30,,19679,36,4,,1,66,,19680,36,4,,1,30,,19681,36,4,,1,66,,19682,36,4,,1,29,,19683,36,4,,1,70,,19684,36,4,,1,27,,19685,36,4,,1,69,,19686,36,4,,1,30,,19687,36,4,,1
8001,'SAT',2200,,19715,36,4,,1
8001,'SUN',2200,,19743,36,4,,1
8001,'NYE',632,,19744,36,4,,1,71,,19745,36,4,,1,33,,19746,36,4,,1,71,,19747,36,4,,1,31,,19748,36,4,,1,70,,19749,36,4,,1,29,,19750,36,4,,1,70,,19751,36,4,,1,31,,19752,36,4,,1,70,,19753,36,4,,1,30,,19754,36,4,,1,70,,19755,36,4,,1,30,,19756,36,4,,1,70,,19757,36,4,,1,30,,19758,36,4,,1,72,,19759,36,4,,1,31,,19760,36,4,,1,70,,19761,36,4,,1,33,,19762,36,4,,1,70,,19763,36,4,,1,31,,19764,36,4,,1,68,,19765,36,4,,1,30,,19766,36,4,,1,66,,19767,36,4,,1,30,,19768,36,4,,1,66,,19769,36,4,,1,29,,19770,36,4,,1,70,,19771,36,4,,1,27,,19772,36,4,,1,69,,19773,36,4,,1,30,,19774,36,4,,1,70,,19785,36,4,,1,30,,19775,36,4,,1,70,,19776,36,4,,1,30,,19777,36,4,,1,70,,19778,36,4,,1,30,,19779,36,4,,1,70,,19780,36,4,,1,30,,19781,36,4,,1,70,,19782,36,4,,1,30,,19783,36,4,,1,70,,19784,36,4,,1
