7100,'WKDY/30',714,,18559,2,,,1,101,,18560,2,,,1,115,,18561,2,,,1,116,,18562,2,,,1,155,,18563,2,,,1,115,,18564,2,,,1,115,,18565,2,,,1,115,,18566,2,,,1,170,,18567,2,,,1
7100,'WKDY/31',714,,18568,2,,,1,101,,18569,2,,,1,115,,18570,2,,,1,116,,18571,2,,,1,155,,18572,2,,,1,115,,18573,2,,,1,115,,18574,2,,,1,115,,18575,2,,,1,170,,18576,2,,,1
7100,'WKDY',529,,18577,2,,,1,30,,18578,2,,,1,70,,18579,2,,,1,30,,18580,2,,,1,70,,18581,2,,,1,15,,18582,2,,,1,15,,18583,2,,,1,71,,18584,2,,,1,15,,18585,2,,,1,55,,18586,2,,,1,15,,18587,2,,,1,30,,18588,2,,,1,56,,18589,2,,,1,15,,18590,2,,,1,15,,18591,2,,,1,70,,18592,2,,,1,15,,18593,2,,,1,15,,18594,2,,,1,15,,18595,2,,,1,70,,18596,2,,,1,15,,18597,2,,,1,15,,18598,2,,,1,55,,18599,2,,,1,30,,18600,2,,,1,15,,18601,2,,,1,55,,18602,2,,,1,15,,18603,2,,,1,30,,18604,2,,,1,55,,18605,2,,,1,15,,18606,2,,,1,15,,18607,2,,,1,70,,18608,2,,,1,15,,18609,2,,,1,15,,18610,2,,,1,15,,18611,2,,,1,55,,18612,2,,,1,30,,18613,2,,,1,15,,18614,2,,,1,70,,18615,2,,,1,30,,18616,2,,,1,70,,18617,2,,,1,30,,18618,2,,,1,69,,18619,2,,,1,30,,18620,2,,,1,70,,18621,2,,,1,29,,18622,2,,,1,70,,18623,2,,,1,100,,18624,2,,,1
7100,'SAT',625,,18625,2,,,1,20,,18626,2,,,1,60,,18627,2,,,1,20,,18628,2,,,1,20,,18629,2,,,1,61,,18630,2,,,1,20,,18631,2,,,1,20,,18632,2,,,1,58,,18633,2,,,1,21,,18634,2,,,1,19,,18635,2,,,1,59,,18636,2,,,1,20,,18637,2,,,1,20,,18638,2,,,1,60,,18639,2,,,1,20,,18640,2,,,1,21,,18641,2,,,1,61,,18642,2,,,1,21,,18643,2,,,1,22,,18644,2,,,1,60,,18645,2,,,1,21,,18646,2,,,1,20,,18647,2,,,1,60,,18648,2,,,1,20,,18649,2,,,1,20,,18650,2,,,1,61,,18651,2,,,1,20,,18652,2,,,1,20,,18653,2,,,1,60,,18654,2,,,1,20,,18655,2,,,1,20,,18656,2,,,1,59,,18657,2,,,1,20,,18658,2,,,1,20,,18659,2,,,1,59,,18660,2,,,1,20,,18661,2,,,1,20,,18662,2,,,1,61,,18663,2,,,1,20,,18664,2,,,1,20,,18665,2,,,1,61,,18666,2,,,1,20,,18667,2,,,1,19,,18668,2,,,1,60,,18669,2,,,1,20,,18670,2,,,1,30,,18671,2,,,1,70,,18672,2,,,1,29,,18673,2,,,1
7100,'SUN',625,,18674,2,,,1,30,,18675,2,,,1,70,,18676,2,,,1,30,,18677,2,,,1,71,,18678,2,,,1,30,,18679,2,,,1,70,,18680,2,,,1,30,,18681,2,,,1,70,,18682,2,,,1,30,,18683,2,,,1,70,,18684,2,,,1,30,,18685,2,,,1,71,,18686,2,,,1,30,,18687,2,,,1,70,,18688,2,,,1,30,,18689,2,,,1,70,,18690,2,,,1,30,,18691,2,,,1,70,,18692,2,,,1,30,,18693,2,,,1,70,,18694,2,,,1,29,,18695,2,,,1,70,,18696,2,,,1,30,,18697,2,,,1,70,,18698,2,,,1,30,,18699,2,,,1,70,,18700,2,,,1,30,,18701,2,,,1,70,,18702,2,,,1,30,,18703,2,,,1,70,,18704,2,,,1,29,,18705,2,,,1,70,,18706,2,,,1,30,,18707,2,,,1
7100,'NYE',529,,18708,2,,,1,30,,18709,2,,,1,70,,18710,2,,,1,30,,18711,2,,,1,70,,18712,2,,,1,15,,18713,2,,,1,15,,18714,2,,,1,71,,18715,2,,,1,15,,18716,2,,,1,55,,18717,2,,,1,15,,18718,2,,,1,30,,18719,2,,,1,56,,18720,2,,,1,15,,18721,2,,,1,15,,18722,2,,,1,70,,18723,2,,,1,15,,18724,2,,,1,15,,18725,2,,,1,15,,18726,2,,,1,70,,18727,2,,,1,15,,18728,2,,,1,15,,18729,2,,,1,55,,18730,2,,,1,30,,18731,2,,,1,15,,18732,2,,,1,55,,18733,2,,,1,15,,18734,2,,,1,30,,18735,2,,,1,55,,18736,2,,,1,15,,18737,2,,,1,15,,18738,2,,,1,70,,18739,2,,,1,15,,18740,2,,,1,15,,18741,2,,,1,15,,18742,2,,,1,55,,18743,2,,,1,30,,18744,2,,,1,15,,18745,2,,,1,70,,18746,2,,,1,30,,18747,2,,,1,70,,18748,2,,,1,30,,18749,2,,,1,69,,18750,2,,,1,30,,18751,2,,,1,70,,18752,2,,,1,29,,18753,2,,,1,70,,18754,2,,,1,100,,18755,2,,,1
7100,'NYE/31',714,,18756,2,,,1,101,,18757,2,,,1,115,,18758,2,,,1,116,,18759,2,,,1,155,,18760,2,,,1,115,,18761,2,,,1,115,,18762,2,,,1,115,,18763,2,,,1,170,,18764,2,,,1
7800,'WKDY/30',1013,,19354,2,,,1,301,,19355,2,,,1
7800,'WKDY/31',1013,,19356,2,,,1,301,,19357,2,,,1
7800,'WKDY',441,,19358,2,,,1,102,,19359,2,,,1,70,,19360,2,,,1,30,,19361,2,,,1,70,,19362,2,,,1,30,,19363,2,,,1,70,,19364,2,,,1,30,,19365,2,,,1,70,,19366,2,,,1,30,,19367,2,,,1,100,,19368,2,,,1,70,,19369,2,,,1,30,,19370,2,,,1,70,,19371,2,,,1,30,,19372,2,,,1,101,,19373,2,,,1,70,,19374,2,,,1,30,,19375,2,,,1,70,,19376,2,,,1,30,,19377,2,,,1,70,,19378,2,,,1,30,,19379,2,,,1,70,,19380,2,,,1,32,,19381,2,,,1,99,,19382,2,,,1,98,,19383,2,,,1,100,,19384,2,,,1,100,,19385,2,,,1
7800,'SAT',743,,19386,2,,,1,100,,19387,2,,,1,100,,19388,2,,,1,100,,19389,2,,,1,100,,19390,2,,,1,101,,19391,2,,,1,100,,19392,2,,,1,100,,19393,2,,,1,100,,19394,2,,,1,100,,19395,2,,,1,100,,19396,2,,,1,99,,19397,2,,,1,100,,19398,2,,,1
7800,'SUN',743,,19399,2,,,1,100,,19400,2,,,1,100,,19401,2,,,1,100,,19402,2,,,1,100,,19403,2,,,1,101,,19404,2,,,1,100,,19405,2,,,1,100,,19406,2,,,1,100,,19407,2,,,1,95,,19408,2,,,1,105,,19409,2,,,1,99,,19410,2,,,1,105,,19411,2,,,1
7800,'NYE',441,,19412,2,,,1,102,,19413,2,,,1,70,,19414,2,,,1,30,,19415,2,,,1,70,,19416,2,,,1,30,,19417,2,,,1,70,,19418,2,,,1,30,,19419,2,,,1,70,,19420,2,,,1,30,,19421,2,,,1,100,,19422,2,,,1,70,,19423,2,,,1,30,,19424,2,,,1,70,,19425,2,,,1,30,,19426,2,,,1,101,,19427,2,,,1,70,,19428,2,,,1,30,,19429,2,,,1,70,,19430,2,,,1,30,,19431,2,,,1,70,,19432,2,,,1,30,,19433,2,,,1,70,,19434,2,,,1,32,,19435,2,,,1,99,,19436,2,,,1,98,,19437,2,,,1,100,,19438,2,,,1,100,,19439,2,,,1
7800,'NYE/31',1013,,19440,2,,,1,301,,19441,2,,,1
