700,'WKDY/30',754,,14306,23,,,1,172,,14307,23,,,1,130,,14308,23,,,1,172,,14309,23,,,1,131,,14310,23,,,1,174,,14311,23,,,1,169,,14312,23,,,1,126,,14313,23,,,1,123,,14314,23,,,1
700,'WKDY/31',754,,14315,23,,,1,172,,14316,23,,,1,130,,14317,23,,,1,172,,14318,23,,,1,131,,14319,23,,,1,174,,14320,23,,,1,169,,14321,23,,,1,126,,14322,23,,,1,123,,14323,23,,,1
700,'WKDY',644,,14324,23,,,1,60,,14325,23,,,1,119,,14326,23,,,1,33,,14327,23,,,1,100,,14328,23,,,1,70,,14329,23,,,1,100,,14330,23,,,1,30,,14331,23,,,1,102,,14332,23,,,1,70,,14333,23,,,1,102,,14334,23,,,1,70,,14335,23,,,1,103,,14336,23,,,1,30,,14337,23,,,1,99,,14338,23,,,1,70,,14339,23,,,1,56,,14340,23,,,1,63,,14341,23,,,1,98,,14342,23,,,1,100,,14343,23,,,1,96,,14344,23,,,1
700,'SAT',746,,14345,23,,,1,100,,14346,23,,,1,104,,14347,23,,,1,103,,14348,23,,,1,102,,14349,23,,,1,103,,14350,23,,,1,100,,14351,23,,,1,142,,14352,23,,,1,100,,14353,23,,,1,59,,14354,23,,,1,100,,14355,23,,,1,93,,14356,23,,,1,100,,14357,23,,,1,95,,14358,23,,,1,100,,14359,23,,,1
700,'SUN',746,,14360,23,,,1,100,,14361,23,,,1,104,,14362,23,,,1,103,,14363,23,,,1,102,,14364,23,,,1,103,,14365,23,,,1,100,,14366,23,,,1,142,,14367,23,,,1,100,,14368,23,,,1,59,,14369,23,,,1,100,,14370,23,,,1,93,,14371,23,,,1,100,,14372,23,,,1,95,,14373,23,,,1,100,,14374,23,,,1
700,'NYE',644,,14375,23,,,1,60,,14376,23,,,1,119,,14377,23,,,1,33,,14378,23,,,1,100,,14379,23,,,1,70,,14380,23,,,1,100,,14381,23,,,1,30,,14382,23,,,1,102,,14383,23,,,1,70,,14384,23,,,1,102,,14385,23,,,1,70,,14386,23,,,1,103,,14387,23,,,1,30,,14388,23,,,1,99,,14389,23,,,1,70,,14390,23,,,1,56,,14391,23,,,1,63,,14392,23,,,1,98,,14393,23,,,1,100,,14394,23,,,1,96,,14395,23,,,1
700,'NYE/31',754,,14396,23,,,1,172,,14397,23,,,1,130,,14398,23,,,1,172,,14399,23,,,1,131,,14400,23,,,1,174,,14401,23,,,1,169,,14402,23,,,1,126,,14403,23,,,1,123,,14404,23,,,1
7401,'WKDY/30',806,,19254,21,,,1,228,,19255,21,,,1,274,,19256,21,,,1,227,,19257,21,,,1,272,,19258,21,,,1,198,,19259,21,,,1,99,,19260,21,,,1,99,,19261,21,,,1
7401,'WKDY/31',806,,19262,21,,,1,228,,19263,21,,,1,274,,19264,21,,,1,227,,19265,21,,,1,272,,19266,21,,,1,198,,19267,21,,,1,99,,19268,21,,,1,99,,19269,21,,,1
7401,'WKDY',535,,19270,21,,,1,100,,19271,21,,,1,69,,19272,21,,,1,31,,19273,21,,,1,100,,19274,21,,,1,69,,19275,21,,,1,30,,19276,21,,,1,70,,19277,21,,,1,100,,19278,21,,,1,31,,19279,21,,,1,71,,19280,21,,,1,30,,19281,21,,,1,102,,19282,21,,,1,70,,19283,21,,,1,29,,19284,21,,,1,68,,19285,21,,,1,100,,19286,21,,,1,32,,19287,21,,,1,70,,19288,21,,,1,30,,19289,21,,,1,101,,19290,21,,,1,68,,19291,21,,,1,28,,19292,21,,,1,101,,19293,21,,,1
7401,'SAT',805,,19294,21,,,1,101,,19295,21,,,1,100,,19296,21,,,1,101,,19297,21,,,1,103,,19298,21,,,1,101,,19299,21,,,1,103,,19300,21,,,1,97,,19301,21,,,1,99,,19302,21,,,1,101,,19303,21,,,1,99,,19304,21,,,1,99,,19305,21,,,1,99,,19306,21,,,1,98,,19307,21,,,1
7401,'SUN',805,,19308,21,,,1,101,,19309,21,,,1,100,,19310,21,,,1,101,,19311,21,,,1,103,,19312,21,,,1,101,,19313,21,,,1,103,,19314,21,,,1,97,,19315,21,,,1,99,,19316,21,,,1,101,,19317,21,,,1,99,,19318,21,,,1,99,,19319,21,,,1,99,,19320,21,,,1,98,,19321,21,,,1
7401,'NYE',535,,19322,21,,,1,100,,19323,21,,,1,69,,19324,21,,,1,31,,19325,21,,,1,100,,19326,21,,,1,69,,19327,21,,,1,30,,19328,21,,,1,70,,19329,21,,,1,100,,19330,21,,,1,31,,19331,21,,,1,71,,19332,21,,,1,30,,19333,21,,,1,102,,19334,21,,,1,70,,19335,21,,,1,29,,19336,21,,,1,68,,19337,21,,,1,100,,19338,21,,,1,32,,19339,21,,,1,70,,19340,21,,,1,30,,19341,21,,,1,101,,19342,21,,,1,68,,19343,21,,,1,28,,19344,21,,,1,101,,19345,21,,,1
7401,'NYE/31',806,,19346,21,,,1,228,,19347,21,,,1,274,,19348,21,,,1,227,,19349,21,,,1,272,,19350,21,,,1,198,,19351,21,,,1,99,,19352,21,,,1,99,,19353,21,,,1
