7101,'WKDY/30',755,,18765,21,,,1,104,,18766,21,,,1,157,,18767,21,,,1,118,,18768,21,,,1,118,,18769,21,,,1,155,,18770,21,,,1,117,,18771,21,,,1,116,,18772,21,,,1,167,,18773,21,,,1
7101,'WKDY/31',755,,18774,21,,,1,104,,18775,21,,,1,157,,18776,21,,,1,118,,18777,21,,,1,118,,18778,21,,,1,155,,18779,21,,,1,117,,18780,21,,,1,116,,18781,21,,,1,167,,18782,21,,,1
7101,'WKDY',604,,18783,21,,,1,34,,18784,21,,,1,72,,18785,21,,,1,30,,18786,21,,,1,70,,18787,21,,,1,16,,18788,21,,,1,15,,18789,21,,,1,73,,18790,21,,,1,17,,18791,21,,,1,15,,18792,21,,,1,55,,18793,21,,,1,30,,18794,21,,,1,18,,18795,21,,,1,55,,18796,21,,,1,15,,18797,21,,,1,30,,18798,21,,,1,58,,18799,21,,,1,15,,18800,21,,,1,15,,18801,21,,,1,70,,18802,21,,,1,15,,18803,21,,,1,15,,18804,21,,,1,15,,18805,21,,,1,70,,18806,21,,,1,16,,18807,21,,,1,15,,18808,21,,,1,56,,18809,21,,,1,30,,18810,21,,,1,15,,18811,21,,,1,55,,18812,21,,,1,15,,18813,21,,,1,31,,18814,21,,,1,53,,18815,21,,,1,15,,18816,21,,,1,15,,18817,21,,,1,15,,18818,21,,,1,66,,18819,21,,,1,15,,18820,21,,,1,68,,18821,21,,,1,30,,18822,21,,,1,69,,18823,21,,,1,30,,18824,21,,,1,28,,18825,21,,,1,66,,18826,21,,,1,30,,18827,21,,,1,67,,18828,21,,,1,30,,18829,21,,,1,99,,18830,21,,,1
7101,'SAT',702,,18831,21,,,1,21,,18832,21,,,1,19,,18833,21,,,1,61,,18834,21,,,1,22,,18835,21,,,1,21,,18836,21,,,1,60,,18837,21,,,1,21,,18838,21,,,1,19,,18839,21,,,1,63,,18840,21,,,1,19,,18841,21,,,1,20,,18842,21,,,1,61,,18843,21,,,1,20,,18844,21,,,1,21,,18845,21,,,1,61,,18846,21,,,1,21,,18847,21,,,1,21,,18848,21,,,1,63,,18849,21,,,1,25,,18850,21,,,1,60,,18851,21,,,1,21,,18852,21,,,1,20,,18853,21,,,1,60,,18854,21,,,1,20,,18855,21,,,1,20,,18856,21,,,1,60,,18857,21,,,1,21,,18858,21,,,1,19,,18859,21,,,1,61,,18860,21,,,1,20,,18861,21,,,1,15,,18862,21,,,1,19,,18863,21,,,1,60,,18864,21,,,1,20,,18865,21,,,1,18,,18866,21,,,1,60,,18867,21,,,1,18,,18868,21,,,1,19,,18869,21,,,1,60,,18870,21,,,1,20,,18871,21,,,1,21,,18872,21,,,1,59,,18873,21,,,1,18,,18874,21,,,1,19,,18875,21,,,1,59,,18876,21,,,1,30,,18877,21,,,1,68,,18878,21,,,1,27,,18879,21,,,1
7101,'SUN',702,,18880,21,,,1,30,,18881,21,,,1,70,,18882,21,,,1,32,,18883,21,,,1,73,,18884,21,,,1,30,,18885,21,,,1,73,,18886,21,,,1,30,,18887,21,,,1,70,,18888,21,,,1,32,,18889,21,,,1,70,,18890,21,,,1,32,,18891,21,,,1,73,,18892,21,,,1,30,,18893,21,,,1,70,,18894,21,,,1,30,,18895,21,,,1,70,,18896,21,,,1,30,,18897,21,,,1,70,,18898,21,,,1,30,,18899,21,,,1,70,,18900,21,,,1,26,,18901,21,,,1,70,,18902,21,,,1,29,,18903,21,,,1,68,,18904,21,,,1,30,,18905,21,,,1,68,,18906,21,,,1,29,,18907,21,,,1,69,,18908,21,,,1,29,,18909,21,,,1,69,,18910,21,,,1,28,,18911,21,,,1,69,,18912,21,,,1,30,,18913,21,,,1
7101,'NYE',604,,18914,21,,,1,34,,18915,21,,,1,72,,18916,21,,,1,30,,18917,21,,,1,70,,18918,21,,,1,16,,18919,21,,,1,15,,18920,21,,,1,73,,18921,21,,,1,17,,18922,21,,,1,15,,18923,21,,,1,55,,18924,21,,,1,30,,18925,21,,,1,18,,18926,21,,,1,55,,18927,21,,,1,15,,18928,21,,,1,30,,18929,21,,,1,58,,18930,21,,,1,15,,18931,21,,,1,15,,18932,21,,,1,70,,18933,21,,,1,15,,18934,21,,,1,15,,18935,21,,,1,15,,18936,21,,,1,70,,18937,21,,,1,16,,18938,21,,,1,15,,18939,21,,,1,56,,18940,21,,,1,30,,18941,21,,,1,15,,18942,21,,,1,55,,18943,21,,,1,15,,18944,21,,,1,31,,18945,21,,,1,53,,18946,21,,,1,15,,18947,21,,,1,15,,18948,21,,,1,15,,18949,21,,,1,66,,18950,21,,,1,15,,18951,21,,,1,68,,18952,21,,,1,30,,18953,21,,,1,69,,18954,21,,,1,30,,18955,21,,,1,28,,18956,21,,,1,66,,18957,21,,,1,30,,18958,21,,,1,67,,18959,21,,,1,30,,18960,21,,,1,99,,18961,21,,,1
7101,'NYE/31',755,,18962,21,,,1,104,,18963,21,,,1,157,,18964,21,,,1,118,,18965,21,,,1,118,,18966,21,,,1,155,,18967,21,,,1,117,,18968,21,,,1,116,,18969,21,,,1,167,,18970,21,,,1
7801,'WKDY/30',1107,,19442,26,,,1,306,,19443,26,,,1
7801,'WKDY/31',1107,,19444,26,,,1,306,,19445,26,,,1
7801,'WKDY',537,,19446,26,,,1,96,,19447,26,,,1,71,,19448,26,,,1,32,,19449,26,,,1,70,,19450,26,,,1,30,,19451,26,,,1,70,,19452,26,,,1,30,,19453,26,,,1,70,,19454,26,,,1,30,,19455,26,,,1,102,,19456,26,,,1,72,,19457,26,,,1,30,,19458,26,,,1,72,,19459,26,,,1,30,,19460,26,,,1,100,,19461,26,,,1,73,,19462,26,,,1,30,,19463,26,,,1,71,,19464,26,,,1,29,,19465,26,,,1,72,,19466,26,,,1,27,,19467,26,,,1,68,,19468,26,,,1,32,,19469,26,,,1,98,,19470,26,,,1,92,,19471,26,,,1,100,,19472,26,,,1
7801,'SAT',835,,19473,26,,,1,103,,19474,26,,,1,100,,19475,26,,,1,102,,19476,26,,,1,101,,19477,26,,,1,102,,19478,26,,,1,99,,19479,26,,,1,100,,19480,26,,,1,99,,19481,26,,,1,99,,19482,26,,,1,100,,19483,26,,,1,96,,19484,26,,,1
7801,'SUN',835,,19485,26,,,1,103,,19486,26,,,1,100,,19487,26,,,1,102,,19488,26,,,1,101,,19489,26,,,1,102,,19490,26,,,1,99,,19491,26,,,1,100,,19492,26,,,1,99,,19493,26,,,1,94,,19494,26,,,1,105,,19495,26,,,1,96,,19496,26,,,1
7801,'NYE',537,,19497,26,,,1,96,,19498,26,,,1,71,,19499,26,,,1,32,,19500,26,,,1,70,,19501,26,,,1,30,,19502,26,,,1,70,,19503,26,,,1,30,,19504,26,,,1,70,,19505,26,,,1,30,,19506,26,,,1,102,,19507,26,,,1,72,,19508,26,,,1,30,,19509,26,,,1,72,,19510,26,,,1,30,,19511,26,,,1,100,,19512,26,,,1,73,,19513,26,,,1,30,,19514,26,,,1,71,,19515,26,,,1,29,,19516,26,,,1,72,,19517,26,,,1,27,,19518,26,,,1,68,,19519,26,,,1,32,,19520,26,,,1,98,,19521,26,,,1,92,,19522,26,,,1,100,,19523,26,,,1
7801,'NYE/31',1107,,19524,26,,,1,306,,19525,26,,,1
