6000,'WKDY/30',2203,,17279,3,4,,1,239,,17286,3,4,,1
6000,'WKDY/31',2156,,17353,3,4,,1,279,,17360,3,4,,1
6000,'SAT/30',2200,,17417,3,4,,1,227,,17422,3,4,,1
6000,'SAT/31',2152,,17480,3,4,,1,267,,17485,3,4,,1
6000,'SUN/30',2200,,17542,3,4,,1,227,,17549,3,4,,1
6000,'SUN/31',2152,,17606,3,4,,1,267,,17611,3,4,,1
6000,'NYE/31',2156,,17679,3,4,,1,483,,17690,3,4,,1
6001,'WKDY/30',455,,17691,3,0,5 6,1,69,,17692,3,0,5 6,1,29,,17693,3,0,5 6,1,52,,17694,3,0,5 6,1,13,,17695,3,0,5 6,1,14,,17696,3,0,5 6,1,16,,17697,3,0,5 6,1,56,,17698,3,0,5 6,1,15,,17699,3,0,5 6,1,15,,17700,3,0,5 6,1,16,,17701,3,0,5 6,1,55,,17702,3,0,5 6,1,15,,17703,3,0,5 6,1,15,,17704,3,0,5 6,1,15,,17705,3,0,5 6,1,55,,17706,3,0,5 6,1,14,,17707,3,0,5 6,1,15,,17708,3,0,5 6,1,15,,17709,3,0,5 6,1,55,,17710,3,0,5 6,1,16,,17711,3,0,5 6,1,15,,17712,3,0,5 6,1,16,,17713,3,0,5 6,1,55,,17714,3,0,5 6,1,15,,17715,3,0,5 6,1,15,,17716,3,0,5 6,1,15,,17717,3,0,5 6,1,55,,17718,3,0,5 6,1,13,,17719,3,0,5 6,1,15,,17720,3,0,5 6,1,17,,17721,3,0,5 6,1,55,,17722,3,0,5 6,1,15,,17723,3,0,5 6,1,15,,17724,3,0,5 6,1,15,,17725,3,0,5 6,1,55,,17726,3,0,5 6,1,15,,17727,3,0,5 6,1,15,,17728,3,0,5 6,1,15,,17729,3,0,5 6,1,55,,17730,3,0,5 6,1,15,,17731,3,0,5 6,1,15,,17732,3,0,5 6,1,15,,17733,3,0,5 6,1,55,,17734,3,0,5 6,1,15,,17735,3,0,5 6,1,15,,17736,3,0,5 6,1,15,,17737,3,0,5 6,1,55,,17738,3,0,5 6,1,15,,17739,3,0,5 6,1,15,,17740,3,0,5 6,1,15,,17741,3,0,5 6,1,55,,17742,3,0,5 6,1,15,,17743,3,0,5 6,1,15,,17744,3,0,5 6,1,15,,17745,3,0,5 6,1,56,,17746,3,0,5 6,1,14,,17747,3,0,5 6,1,15,,17748,3,0,5 6,1,16,,17749,3,0,5 6,1,55,,17750,3,0,5 6,1,15,,17751,3,0,5 6,1,15,,17752,3,0,5 6,1,15,,17753,3,0,5 6,1,55,,17754,3,0,5 6,1,15,,17755,3,0,5 6,1,14,,17756,3,0,5 6,1,15,,17757,3,0,5 6,1,64,,17758,3,0,5 6,1,31,,17759,3,0,5 6,1,75,,17760,3,0,5 6,1,30,,17761,3,0,5 6,1,65,,17762,3,0,5 6,1
6001,'WKDY/31',455,,17763,3,0,5 6,1,69,,17764,3,0,5 6,1,29,,17765,3,0,5 6,1,52,,17766,3,0,5 6,1,13,,17767,3,0,5 6,1,14,,17768,3,0,5 6,1,16,,17769,3,0,5 6,1,56,,17770,3,0,5 6,1,15,,17771,3,0,5 6,1,15,,17772,3,0,5 6,1,16,,17773,3,0,5 6,1,55,,17774,3,0,5 6,1,15,,17775,3,0,5 6,1,15,,17776,3,0,5 6,1,15,,17777,3,0,5 6,1,55,,17778,3,0,5 6,1,14,,17779,3,0,5 6,1,15,,17780,3,0,5 6,1,15,,17781,3,0,5 6,1,55,,17782,3,0,5 6,1,16,,17783,3,0,5 6,1,15,,17784,3,0,5 6,1,16,,17785,3,0,5 6,1,55,,17786,3,0,5 6,1,15,,17787,3,0,5 6,1,15,,17788,3,0,5 6,1,15,,17789,3,0,5 27,1,55,,17790,3,0,5 27,1,9,,17791,3,0,5 27,1,15,,17792,3,0,5 27,1,12,,17793,3,0,5 27,1,59,,17794,3,0,5 27,1,15,,17795,3,0,5 27,1,15,,17796,3,0,5 27,1,16,,17797,3,0,5 27,1,55,,17798,3,0,5 27,1,14,,17799,3,0,5 27,1,16,,17800,3,0,5 27,1,17,,17801,3,0,5 27,1,55,,17802,3,0,5 27,1,16,,17803,3,0,5 27,1,16,,17804,3,0,5 27,1,14,,17805,3,0,5 27,1,55,,17806,3,0,5 27,1,14,,17807,3,0,5 27,1,16,,17808,3,0,5 27,1,16,,17809,3,0,5 27,1,54,,17810,3,0,5 27,1,16,,17811,3,0,5 27,1,15,,17812,3,0,5 27,1,15,,17813,3,0,5 27,1,55,,17814,3,0,5 27,1,15,,17815,3,0,5 27,1,12,,17816,3,0,5 27,1,14,,17817,3,0,5 27,1,55,,17818,3,0,5 27,1,13,,17819,3,0,5 27,1,15,,17820,3,0,5 27,1,15,,17821,3,0,5 27,1,55,,17822,3,0,5 27,1,15,,17823,3,0,5 27,1,15,,17824,3,0,5 27,1,15,,17825,3,0,5 27,1,55,,17826,3,0,5 27,1,15,,17827,3,0,5 27,1,14,,17828,3,0,5 27,1,15,,17829,3,0,5 27,1,64,,17830,3,0,5 27,1,31,,17831,3,0,5 27,1,69,,17832,3,0,5 27,1,31,,17833,3,0,5 27,1,69,,17834,3,0,5 27,1
6001,'SAT/30',619,,17835,3,0,5 6,1,37,,17836,3,0,5 6,1,70,,17837,3,0,5 6,1,30,,17838,3,0,5 6,1,70,,17839,3,0,5 6,1,31,,17840,3,0,5 6,1,69,,17841,3,0,5 6,1,9,,17842,3,0,5 6,1,21,,17843,3,0,5 6,1,49,,17844,3,0,5 6,1,15,,17845,3,0,5 6,1,16,,17846,3,0,5 6,1,15,,17847,3,0,5 6,1,55,,17848,3,0,5 6,1,15,,17849,3,0,5 6,1,15,,17850,3,0,5 6,1,10,,17851,3,0,5 6,1,54,,17852,3,0,5 6,1,22,,17853,3,0,5 6,1,10,,17854,3,0,5 6,1,15,,17855,3,0,5 6,1,55,,17856,3,0,5 6,1,15,,17857,3,0,5 6,1,15,,17858,3,0,5 6,1,15,,17859,3,0,5 6,1,55,,17860,3,0,5 6,1,15,,17861,3,0,5 6,1,15,,17862,3,0,5 6,1,15,,17863,3,0,5 6,1,55,,17864,3,0,5 6,1,15,,17865,3,0,5 6,1,15,,17866,3,0,5 6,1,15,,17867,3,0,5 6,1,55,,17868,3,0,5 6,1,15,,17869,3,0,5 6,1,15,,17870,3,0,5 6,1,15,,17871,3,0,5 6,1,55,,17872,3,0,5 6,1,15,,17873,3,0,5 6,1,15,,17874,3,0,5 6,1,15,,17875,3,0,5 6,1,55,,17876,3,0,5 6,1,15,,17877,3,0,5 6,1,15,,17878,3,0,5 6,1,15,,17879,3,0,5 6,1,55,,17880,3,0,5 6,1,15,,17881,3,0,5 6,1,15,,17882,3,0,5 6,1,15,,17883,3,0,5 6,1,55,,17884,3,0,5 6,1,15,,17885,3,0,5 6,1,15,,17886,3,0,5 6,1,15,,17887,3,0,5 6,1,55,,17888,3,0,5 6,1,15,,17889,3,0,5 6,1,15,,17890,3,0,5 6,1,15,,17891,3,0,5 6,1,67,,17892,3,0,5 6,1,44,,17893,3,0,5 6,1,71,,17894,3,0,5 6,1,29,,17895,3,0,5 6,1
6001,'SAT/31',619,,17896,3,0,5 6,1,37,,17897,3,0,5 6,1,70,,17898,3,0,5 6,1,30,,17899,3,0,5 6,1,70,,17900,3,0,5 6,1,31,,17901,3,0,5 6,1,69,,17902,3,0,5 6,1,9,,17903,3,0,5 6,1,21,,17904,3,0,5 6,1,49,,17905,3,0,5 6,1,15,,17906,3,0,5 6,1,16,,17907,3,0,5 6,1,15,,17908,3,0,5 6,1,55,,17909,3,0,5 6,1,15,,17910,3,0,5 6,1,15,,17911,3,0,5 6,1,11,,17912,3,0,5 27,1,54,,17913,3,0,5 27,1,17,,17914,3,0,5 27,1,10,,17915,3,0,5 27,1,15,,17916,3,0,5 27,1,16,,17917,3,0,5 27,1,55,,17918,3,0,5 27,1,15,,17919,3,0,5 27,1,15,,17920,3,0,5 27,1,56,,17921,3,0,5 27,1,15,,17922,3,0,5 27,1,15,,17923,3,0,5 27,1,15,,17924,3,0,5 27,1,56,,17925,3,0,5 27,1,15,,17926,3,0,5 27,1,15,,17927,3,0,5 27,1,16,,17928,3,0,5 27,1,55,,17929,3,0,5 27,1,15,,17930,3,0,5 27,1,13,,17931,3,0,5 27,1,15,,17932,3,0,5 27,1,55,,17933,3,0,5 27,1,15,,17934,3,0,5 27,1,15,,17935,3,0,5 27,1,15,,17936,3,0,5 27,1,55,,17937,3,0,5 27,1,14,,17938,3,0,5 27,1,15,,17939,3,0,5 27,1,15,,17940,3,0,5 27,1,13,,17941,3,0,5 27,1,55,,17942,3,0,5 27,1,12,,17943,3,0,5 27,1,15,,17944,3,0,5 27,1,15,,17945,3,0,5 27,1,55,,17946,3,0,5 27,1,15,,17947,3,0,5 27,1,15,,17948,3,0,5 27,1,15,,17949,3,0,5 27,1,55,,17950,3,0,5 27,1,15,,17951,3,0,5 27,1,15,,17952,3,0,5 27,1,67,,17953,3,0,5 27,1,26,,17954,3,0,5 27,1,70,,17955,3,0,5 27,1,48,,17956,3,0,5 27,1
6001,'SUN/30',619,,17957,3,0,5 6,1,37,,17958,3,0,5 6,1,70,,17959,3,0,5 6,1,30,,17960,3,0,5 6,1,70,,17961,3,0,5 6,1,31,,17962,3,0,5 6,1,69,,17963,3,0,5 6,1,9,,17964,3,0,5 6,1,21,,17965,3,0,5 6,1,49,,17966,3,0,5 6,1,15,,17967,3,0,5 6,1,16,,17968,3,0,5 6,1,15,,17969,3,0,5 6,1,55,,17970,3,0,5 6,1,15,,17971,3,0,5 6,1,15,,17972,3,0,5 6,1,10,,17973,3,0,5 6,1,54,,17974,3,0,5 6,1,22,,17975,3,0,5 6,1,10,,17976,3,0,5 6,1,15,,17977,3,0,5 6,1,55,,17978,3,0,5 6,1,15,,17979,3,0,5 6,1,15,,17980,3,0,5 6,1,15,,17981,3,0,5 6,1,55,,17982,3,0,5 6,1,15,,17983,3,0,5 6,1,15,,17984,3,0,5 6,1,15,,17985,3,0,5 6,1,55,,17986,3,0,5 6,1,15,,17987,3,0,5 6,1,15,,17988,3,0,5 6,1,15,,17989,3,0,5 6,1,55,,17990,3,0,5 6,1,15,,17991,3,0,5 6,1,15,,17992,3,0,5 6,1,15,,17993,3,0,5 6,1,55,,17994,3,0,5 6,1,15,,17995,3,0,5 6,1,15,,17996,3,0,5 6,1,15,,17997,3,0,5 6,1,55,,17998,3,0,5 6,1,15,,17999,3,0,5 6,1,15,,18000,3,0,5 6,1,15,,18001,3,0,5 6,1,55,,18002,3,0,5 6,1,15,,18003,3,0,5 6,1,15,,18004,3,0,5 6,1,15,,18005,3,0,5 6,1,55,,18006,3,0,5 6,1,15,,18007,3,0,5 6,1,15,,18008,3,0,5 6,1,15,,18009,3,0,5 6,1,55,,18010,3,0,5 6,1,15,,18011,3,0,5 6,1,15,,18012,3,0,5 6,1,15,,18013,3,0,5 6,1,67,,18014,3,0,5 6,1,44,,18015,3,0,5 6,1,71,,18016,3,0,5 6,1,29,,18017,3,0,5 6,1
6001,'SUN/31',619,,18018,3,0,5 6,1,37,,18019,3,0,5 6,1,70,,18020,3,0,5 6,1,30,,18021,3,0,5 6,1,70,,18022,3,0,5 6,1,31,,18023,3,0,5 6,1,69,,18024,3,0,5 6,1,9,,18025,3,0,5 6,1,21,,18026,3,0,5 6,1,49,,18027,3,0,5 6,1,15,,18028,3,0,5 6,1,16,,18029,3,0,5 6,1,15,,18030,3,0,5 6,1,55,,18031,3,0,5 6,1,15,,18032,3,0,5 6,1,15,,18033,3,0,5 6,1,11,,18034,3,0,5 27,1,54,,18035,3,0,5 27,1,17,,18036,3,0,5 27,1,10,,18037,3,0,5 27,1,15,,18038,3,0,5 27,1,16,,18039,3,0,5 27,1,55,,18040,3,0,5 27,1,15,,18041,3,0,5 27,1,15,,18042,3,0,5 27,1,56,,18043,3,0,5 27,1,15,,18044,3,0,5 27,1,15,,18045,3,0,5 27,1,15,,18046,3,0,5 27,1,56,,18047,3,0,5 27,1,15,,18048,3,0,5 27,1,15,,18049,3,0,5 27,1,16,,18050,3,0,5 27,1,55,,18051,3,0,5 27,1,15,,18052,3,0,5 27,1,13,,18053,3,0,5 27,1,15,,18054,3,0,5 27,1,55,,18055,3,0,5 27,1,15,,18056,3,0,5 27,1,15,,18057,3,0,5 27,1,15,,18058,3,0,5 27,1,55,,18059,3,0,5 27,1,14,,18060,3,0,5 27,1,15,,18061,3,0,5 27,1,15,,18062,3,0,5 27,1,13,,18063,3,0,5 27,1,55,,18064,3,0,5 27,1,12,,18065,3,0,5 27,1,15,,18066,3,0,5 27,1,15,,18067,3,0,5 27,1,55,,18068,3,0,5 27,1,15,,18069,3,0,5 27,1,15,,18070,3,0,5 27,1,15,,18071,3,0,5 27,1,55,,18072,3,0,5 27,1,15,,18073,3,0,5 27,1,15,,18074,3,0,5 27,1,67,,18075,3,0,5 27,1,26,,18076,3,0,5 27,1,70,,18077,3,0,5 27,1,48,,18078,3,0,5 27,1
6001,'NYE/31',455,,18079,3,0,5 6,1,69,,18080,3,0,5 6,1,29,,18081,3,0,5 6,1,52,,18082,3,0,5 6,1,13,,18083,3,0,5 6,1,14,,18084,3,0,5 6,1,16,,18085,3,0,5 6,1,56,,18086,3,0,5 6,1,15,,18087,3,0,5 6,1,15,,18088,3,0,5 6,1,16,,18089,3,0,5 6,1,55,,18090,3,0,5 6,1,15,,18091,3,0,5 6,1,15,,18092,3,0,5 6,1,15,,18093,3,0,5 6,1,55,,18094,3,0,5 6,1,14,,18095,3,0,5 6,1,15,,18096,3,0,5 6,1,15,,18097,3,0,5 6,1,55,,18098,3,0,5 6,1,16,,18099,3,0,5 6,1,15,,18100,3,0,5 6,1,16,,18101,3,0,5 6,1,55,,18102,3,0,5 6,1,15,,18103,3,0,5 6,1,15,,18104,3,0,5 6,1,15,,18105,3,0,5 27,1,55,,18106,3,0,5 27,1,9,,18107,3,0,5 27,1,15,,18108,3,0,5 27,1,12,,18109,3,0,5 27,1,59,,18110,3,0,5 27,1,15,,18111,3,0,5 27,1,15,,18112,3,0,5 27,1,16,,18113,3,0,5 27,1,55,,18114,3,0,5 27,1,14,,18115,3,0,5 27,1,16,,18116,3,0,5 27,1,17,,18117,3,0,5 27,1,55,,18118,3,0,5 27,1,16,,18119,3,0,5 27,1,16,,18120,3,0,5 27,1,14,,18121,3,0,5 27,1,55,,18122,3,0,5 27,1,14,,18123,3,0,5 27,1,16,,18124,3,0,5 27,1,16,,18125,3,0,5 27,1,54,,18126,3,0,5 27,1,16,,18127,3,0,5 27,1,15,,18128,3,0,5 27,1,15,,18129,3,0,5 27,1,55,,18130,3,0,5 27,1,15,,18131,3,0,5 27,1,12,,18132,3,0,5 27,1,14,,18133,3,0,5 27,1,55,,18134,3,0,5 27,1,13,,18135,3,0,5 27,1,15,,18136,3,0,5 27,1,15,,18137,3,0,5 27,1,55,,18138,3,0,5 27,1,15,,18139,3,0,5 27,1,15,,18140,3,0,5 27,1,15,,18141,3,0,5 27,1,55,,18142,3,0,5 27,1,15,,18143,3,0,5 27,1,14,,18144,3,0,5 27,1,15,,18145,3,0,5 27,1,64,,18146,3,0,5 27,1,31,,18147,3,0,5 27,1,69,,18148,3,0,5 27,1,31,,18149,3,0,5 27,1,69,,18150,3,0,5 27,1,29,,18151,3,0,5 27,1,74,,18152,3,0,5 27,1,30,,18153,3,0,5 27,1,70,,18154,3,0,5 27,1
