7200,'WKDY/30',842,,18971,1,,,1,270,,18972,1,,,1,231,,18973,1,,,1,272,,18974,1,,,1,226,,18975,1,,,1
7200,'WKDY/31',842,,18976,1,,,1,270,,18977,1,,,1,231,,18978,1,,,1,272,,18979,1,,,1,226,,18980,1,,,1
7200,'WKDY',520,,18981,1,,,1,90,,18982,1,,,1,30,,18983,1,,,1,70,,18984,1,,,1,33,,18985,1,,,1,70,,18986,1,,,1,99,,18987,1,,,1,30,,18988,1,,,1,70,,18989,1,,,1,30,,18990,1,,,1,100,,18991,1,,,1,70,,18992,1,,,1,30,,18993,1,,,1,70,,18994,1,,,1,101,,18995,1,,,1,30,,18996,1,,,1,70,,18997,1,,,1,32,,18998,1,,,1,99,,18999,1,,,1,70,,19000,1,,,1,30,,19001,1,,,1,68,,19002,1,,,1,99,,19003,1,,,1,99,,19004,1,,,1,110,,19005,1,,,1
7200,'SAT',742,,19006,1,,,1,100,,19007,1,,,1,101,,19008,1,,,1,100,,19009,1,,,1,101,,19010,1,,,1,100,,19011,1,,,1,101,,19012,1,,,1,100,,19013,1,,,1,100,,19014,1,,,1,100,,19015,1,,,1,99,,19016,1,,,1,100,,19017,1,,,1,99,,19018,1,,,1
7200,'SUN',742,,19019,1,,,1,100,,19020,1,,,1,101,,19021,1,,,1,100,,19022,1,,,1,101,,19023,1,,,1,100,,19024,1,,,1,101,,19025,1,,,1,100,,19026,1,,,1,100,,19027,1,,,1,100,,19028,1,,,1,99,,19029,1,,,1,100,,19030,1,,,1,99,,19031,1,,,1
7200,'NYE',520,,19032,1,,,1,90,,19033,1,,,1,30,,19034,1,,,1,70,,19035,1,,,1,33,,19036,1,,,1,70,,19037,1,,,1,99,,19038,1,,,1,30,,19039,1,,,1,70,,19040,1,,,1,30,,19041,1,,,1,100,,19042,1,,,1,70,,19043,1,,,1,30,,19044,1,,,1,70,,19045,1,,,1,101,,19046,1,,,1,30,,19047,1,,,1,70,,19048,1,,,1,32,,19049,1,,,1,99,,19050,1,,,1,70,,19051,1,,,1,30,,19052,1,,,1,68,,19053,1,,,1,99,,19054,1,,,1,99,,19055,1,,,1,110,,19056,1,,,1
7200,'NYE/31',842,,19057,1,,,1,270,,19058,1,,,1,231,,19059,1,,,1,272,,19060,1,,,1,226,,19061,1,,,1
7201,'WKDY/30',842,,19062,24,4,,1,270,,19063,24,4,,1,231,,19064,24,4,,1,272,,19065,24,4,,1,226,,19066,24,4,,1
7201,'WKDY/31',842,,19067,24,4,,1,270,,19068,24,4,,1,231,,19069,24,4,,1,272,,19070,24,4,,1,226,,19071,24,4,,1
7201,'WKDY',520,,19072,24,4,,1,90,,19073,24,4,,1,30,,19074,24,4,,1,70,,19075,24,4,,1,33,,19076,24,4,,1,70,,19077,24,4,,1,99,,19078,24,4,,1,30,,19079,24,4,,1,70,,19080,24,4,,1,30,,19081,24,4,,1,100,,19082,24,4,,1,70,,19083,24,4,,1,30,,19084,24,4,,1,70,,19085,24,4,,1,101,,19086,24,4,,1,30,,19087,24,4,,1,70,,19088,24,4,,1,32,,19089,24,4,,1,99,,19090,24,4,,1,70,,19091,24,4,,1,30,,19092,24,4,,1,68,,19093,24,4,,1,99,,19094,24,4,,1,99,,19095,24,4,,1,110,,19096,24,4,,1
7201,'SAT',742,,19097,24,4,,1,100,,19098,24,4,,1,101,,19099,24,4,,1,100,,19100,24,4,,1,101,,19101,24,4,,1,100,,19102,24,4,,1,101,,19103,24,4,,1,100,,19104,24,4,,1,100,,19105,24,4,,1,100,,19106,24,4,,1,99,,19107,24,4,,1,100,,19108,24,4,,1,99,,19109,24,4,,1
7201,'SUN',742,,19110,24,4,,1,100,,19111,24,4,,1,101,,19112,24,4,,1,100,,19113,24,4,,1,101,,19114,24,4,,1,100,,19115,24,4,,1,101,,19116,24,4,,1,100,,19117,24,4,,1,100,,19118,24,4,,1,100,,19119,24,4,,1,99,,19120,24,4,,1,100,,19121,24,4,,1,99,,19122,24,4,,1
7201,'NYE',520,,19123,24,4,,1,90,,19124,24,4,,1,30,,19125,24,4,,1,70,,19126,24,4,,1,33,,19127,24,4,,1,70,,19128,24,4,,1,99,,19129,24,4,,1,30,,19130,24,4,,1,70,,19131,24,4,,1,30,,19132,24,4,,1,100,,19133,24,4,,1,70,,19134,24,4,,1,30,,19135,24,4,,1,70,,19136,24,4,,1,101,,19137,24,4,,1,30,,19138,24,4,,1,70,,19139,24,4,,1,32,,19140,24,4,,1,99,,19141,24,4,,1,70,,19142,24,4,,1,30,,19143,24,4,,1,68,,19144,24,4,,1,99,,19145,24,4,,1,99,,19146,24,4,,1,110,,19147,24,4,,1
7201,'NYE/31',842,,19148,24,4,,1,270,,19149,24,4,,1,231,,19150,24,4,,1,272,,19151,24,4,,1,226,,19152,24,4,,1
