3001,'WKDY',530,,15166,24,,,1,94,,15167,42,,,1,30,,15168,42,,,1,66,,15169,42,,,1,34,,15170,42,,,1,76,,15171,42,,,1,71,,15172,42,,,1,26,,15173,42,,,1,31,,15174,42,,,1,68,,15175,42,,,1,31,,15176,42,,,1,69,,15177,42,,,1,30,,15178,42,,,1,70,,15179,42,,,1,30,,15180,42,,,1,74,,15181,42,,,1,72,,15182,42,,,1,30,,15183,42,,,1,70,,15184,42,,,1,34,,15185,42,,,1,73,,15186,42,,,1,28,,15187,42,,,1,69,,15188,42,,,1,25,,15189,42,,,1,28,,15190,42,,,1,68,,15191,42,,,1,28,,15192,42,,,1,68,,15193,42,,,1,28,,15194,42,,,1,65,,15195,42,,,1,30,,15196,42,,,1,67,,15197,42,,,1,99,,15198,42,,,1
3001,'SAT',708,,15199,42,,,1,101,,15200,42,,,1,30,,15201,42,,,1,72,,15202,42,,,1,33,,15203,42,,,1,72,,15204,42,,,1,31,,15205,42,,,1,71,,15206,42,,,1,30,,15207,42,,,1,73,,15208,42,,,1,31,,15209,42,,,1,72,,15210,42,,,1,30,,15211,42,,,1,69,,15212,42,,,1,31,,15213,42,,,1,70,,15214,42,,,1,29,,15215,42,,,1,69,,15216,42,,,1,31,,15217,42,,,1,67,,15218,42,,,1,30,,15219,42,,,1,67,,15220,42,,,1,100,,15221,42,,,1,98,,15222,42,,,1,100,,15223,42,,,1
3001,'SUN',710,,15224,42,,,1,101,,15225,42,,,1,105,,15226,42,,,1,100,,15227,42,,,1,102,,15228,42,,,1,101,,15229,42,,,1,102,,15230,42,,,1,100,,15231,42,,,1,100,,15232,42,,,1,99,,15233,42,,,1,100,,15234,42,,,1,99,,15235,42,,,1,97,,15236,42,,,1,98,,15237,42,,,1,100,,15238,42,,,1
3001,'NYE',530,,15239,24,,,1,94,,15240,42,,,1,30,,15241,42,,,1,66,,15242,42,,,1,34,,15243,42,,,1,76,,15244,42,,,1,71,,15245,42,,,1,26,,15246,42,,,1,31,,15247,42,,,1,68,,15248,42,,,1,31,,15249,42,,,1,69,,15250,42,,,1,30,,15251,42,,,1,70,,15252,42,,,1,30,,15253,42,,,1,74,,15254,42,,,1,72,,15255,42,,,1,30,,15256,42,,,1,70,,15257,42,,,1,34,,15258,42,,,1,73,,15259,42,,,1,28,,15260,42,,,1,69,,15261,42,,,1,25,,15262,42,,,1,28,,15263,42,,,1,68,,15264,42,,,1,28,,15265,42,,,1,68,,15266,42,,,1,28,,15267,42,,,1,65,,15268,42,,,1,30,,15269,42,,,1,67,,15270,42,,,1,99,,15271,42,,,1
7400,'WKDY/30',935,,19153,24,,,1,271,,19154,24,,,1,231,,19155,24,,,1,271,,19156,24,,,1,227,,19157,24,,,1,98,,19158,24,,,1,99,,19159,24,,,1
7400,'WKDY/31',935,,19160,24,,,1,271,,19161,24,,,1,231,,19162,24,,,1,271,,19163,24,,,1,227,,19164,24,,,1,98,,19165,24,,,1,99,,19166,24,,,1
7400,'WKDY',501,,19167,24,,,1,102,,19168,24,,,1,29,,19169,24,,,1,72,,19170,24,,,1,31,,19171,24,,,1,70,,19172,24,,,1,30,,19173,24,,,1,70,,19174,24,,,1,100,,19175,24,,,1,31,,19176,24,,,1,70,,19177,24,,,1,30,,19178,24,,,1,100,,19179,24,,,1,70,,19180,24,,,1,31,,19181,24,,,1,70,,19182,24,,,1,100,,19183,24,,,1,30,,19184,24,,,1,71,,19185,24,,,1,30,,19186,24,,,1,100,,19187,24,,,1,69,,19188,24,,,1,29,,19189,24,,,1,69,,19190,24,,,1,100,,19191,24,,,1,98,,19192,24,,,1
7400,'SAT',736,,19193,24,,,1,101,,19194,24,,,1,100,,19195,24,,,1,100,,19196,24,,,1,102,,19197,24,,,1,100,,19198,24,,,1,103,,19199,24,,,1,97,,19200,24,,,1,100,,19201,24,,,1,100,,19202,24,,,1,100,,19203,24,,,1,99,,19204,24,,,1,99,,19205,24,,,1,100,,19206,24,,,1
7400,'SUN',736,,19207,24,,,1,101,,19208,24,,,1,100,,19209,24,,,1,100,,19210,24,,,1,102,,19211,24,,,1,100,,19212,24,,,1,103,,19213,24,,,1,97,,19214,24,,,1,100,,19215,24,,,1,100,,19216,24,,,1,100,,19217,24,,,1,99,,19218,24,,,1,99,,19219,24,,,1,100,,19220,24,,,1
7400,'NYE',501,,19221,24,,,1,102,,19222,24,,,1,29,,19223,24,,,1,72,,19224,24,,,1,31,,19225,24,,,1,70,,19226,24,,,1,30,,19227,24,,,1,70,,19228,24,,,1,100,,19229,24,,,1,31,,19230,24,,,1,70,,19231,24,,,1,30,,19232,24,,,1,100,,19233,24,,,1,70,,19234,24,,,1,31,,19235,24,,,1,70,,19236,24,,,1,100,,19237,24,,,1,30,,19238,24,,,1,71,,19239,24,,,1,30,,19240,24,,,1,100,,19241,24,,,1,69,,19242,24,,,1,29,,19243,24,,,1,69,,19244,24,,,1,100,,19245,24,,,1,98,,19246,24,,,1
7400,'NYE/31',935,,19247,24,,,1,271,,19248,24,,,1,231,,19249,24,,,1,271,,19250,24,,,1,227,,19251,24,,,1,98,,19252,24,,,1,99,,19253,24,,,1
