3101,'WKDY/30',636,,15368,16,,,1,197,,15369,16,,,1,198,,15370,16,,,1,197,,15371,16,,,1,200,,15372,16,,,1,199,,15373,16,,,1,205,,15374,16,,,1
3101,'WKDY/31',636,,15375,16,,,1,197,,15376,16,,,1,198,,15377,16,,,1,197,,15378,16,,,1,200,,15379,16,,,1,199,,15380,16,,,1,205,,15381,16,,,1
3101,'WKDY',537,,15382,16,,,1,69,,15383,16,,,1,98,,15384,16,,,1,30,,15385,16,,,1,70,,15386,16,,,1,97,,15387,16,,,1,30,,15388,16,,,1,70,,15389,16,,,1,100,,15390,16,,,1,28,,15391,16,,,1,30,,15392,16,,,1,98,,15393,16,,,1,70,,15394,16,,,1,31,,15395,16,,,1,100,,15396,16,,,1,69,,15397,16,,,1,30,,15398,16,,,1,100,,15399,16,,,1,74,,15400,16,,,1,70,,15401,16,,,1,103,,15402,16,,,1,101,,15403,16,,,1,100,,15404,16,,,1
3101,'SAT',744,,15405,16,,,1,79,,15406,16,,,1,79,,15407,16,,,1,39,,15408,16,,,1,79,,15409,16,,,1,80,,15410,16,,,1,39,,15411,16,,,1,79,,15412,16,,,1,40,,15413,16,,,1,80,,15414,16,,,1,80,,15415,16,,,1,40,,15416,16,,,1,80,,15417,16,,,1,82,,15418,16,,,1,80,,15419,16,,,1,41,,15420,16,,,1,82,,15421,16,,,1,80,,15422,16,,,1,40,,15423,16,,,1
3101,'SUN',744,,15424,16,,,1,100,,15425,16,,,1,98,,15426,16,,,1,100,,15427,16,,,1,96,,15428,16,,,1,101,,15429,16,,,1,100,,15430,16,,,1,100,,15431,16,,,1,100,,15432,16,,,1,100,,15433,16,,,1,101,,15434,16,,,1,102,,15435,16,,,1,101,,15436,16,,,1
3101,'NYE',537,,15437,16,,,1,69,,15438,16,,,1,98,,15439,16,,,1,30,,15440,16,,,1,70,,15441,16,,,1,97,,15442,16,,,1,30,,15443,16,,,1,70,,15444,16,,,1,100,,15445,16,,,1,28,,15446,16,,,1,30,,15447,16,,,1,98,,15448,16,,,1,70,,15449,16,,,1,31,,15450,16,,,1,100,,15451,16,,,1,69,,15452,16,,,1,30,,15453,16,,,1,100,,15454,16,,,1,74,,15455,16,,,1,70,,15456,16,,,1,103,,15457,16,,,1,101,,15458,16,,,1,100,,15459,16,,,1
3101,'NYE/31',636,,15460,16,,,1,197,,15461,16,,,1,198,,15462,16,,,1,197,,15463,16,,,1,200,,15464,16,,,1,199,,15465,16,,,1,205,,15466,16,,,1
7100,'WKDY/30',725,,18559,14,,,1,103,,18560,14,,,1,115,,18561,14,,,1,116,,18562,14,,,1,157,,18563,14,,,1,115,,18564,14,,,1,115,,18565,14,,,1,156,,18566,14,,,1,129,,18567,14,,,1
7100,'WKDY/31',725,,18568,14,,,1,103,,18569,14,,,1,115,,18570,14,,,1,116,,18571,14,,,1,157,,18572,14,,,1,115,,18573,14,,,1,115,,18574,14,,,1,156,,18575,14,,,1,129,,18576,14,,,1
7100,'WKDY',538,,18577,14,,,1,71,,18578,14,,,1,31,,18579,14,,,1,70,,18580,14,,,1,30,,18581,14,,,1,16,,18582,14,,,1,55,,18583,14,,,1,32,,18584,14,,,1,15,,18585,14,,,1,55,,18586,14,,,1,15,,18587,14,,,1,30,,18588,14,,,1,56,,18589,14,,,1,15,,18590,14,,,1,15,,18591,14,,,1,70,,18592,14,,,1,17,,18593,14,,,1,15,,18594,14,,,1,55,,18595,14,,,1,30,,18596,14,,,1,15,,18597,14,,,1,55,,18598,14,,,1,15,,18599,14,,,1,30,,18600,14,,,1,55,,18601,14,,,1,15,,18602,14,,,1,15,,18603,14,,,1,70,,18604,14,,,1,15,,18605,14,,,1,15,,18606,14,,,1,15,,18607,14,,,1,71,,18608,14,,,1,14,,18609,14,,,1,15,,18610,14,,,1,55,,18611,14,,,1,15,,18612,14,,,1,30,,18613,14,,,1,55,,18614,14,,,1,28,,18615,14,,,1,30,,18616,14,,,1,70,,18617,14,,,1,30,,18618,14,,,1,68,,18619,14,,,1,29,,18620,14,,,1,70,,18621,14,,,1,28,,18622,14,,,1,70,,18623,14,,,1,100,,18624,14,,,1
7100,'SAT',634,,18625,14,,,1,20,,18626,14,,,1,60,,18627,14,,,1,20,,18628,14,,,1,21,,18629,14,,,1,61,,18630,14,,,1,20,,18631,14,,,1,21,,18632,14,,,1,58,,18633,14,,,1,22,,18634,14,,,1,19,,18635,14,,,1,60,,18636,14,,,1,20,,18637,14,,,1,20,,18638,14,,,1,60,,18639,14,,,1,20,,18640,14,,,1,21,,18641,14,,,1,61,,18642,14,,,1,21,,18643,14,,,1,63,,18644,14,,,1,20,,18645,14,,,1,21,,18646,14,,,1,60,,18647,14,,,1,20,,18648,14,,,1,21,,18649,14,,,1,60,,18650,14,,,1,20,,18651,14,,,1,20,,18652,14,,,1,60,,18653,14,,,1,21,,18654,14,,,1,20,,18655,14,,,1,59,,18656,14,,,1,19,,18657,14,,,1,20,,18658,14,,,1,60,,18659,14,,,1,18,,18660,14,,,1,20,,18661,14,,,1,59,,18662,14,,,1,20,,18663,14,,,1,20,,18664,14,,,1,60,,18665,14,,,1,21,,18666,14,,,1,20,,18667,14,,,1,59,,18668,14,,,1,20,,18669,14,,,1,20,,18670,14,,,1,70,,18671,14,,,1,29,,18672,14,,,1,68,,18673,14,,,1
7100,'SUN',635,,18674,14,,,1,70,,18675,14,,,1,30,,18676,14,,,1,70,,18677,14,,,1,32,,18678,14,,,1,70,,18679,14,,,1,31,,18680,14,,,1,70,,18681,14,,,1,30,,18682,14,,,1,71,,18683,14,,,1,30,,18684,14,,,1,70,,18685,14,,,1,32,,18686,14,,,1,70,,18687,14,,,1,30,,18688,14,,,1,70,,18689,14,,,1,30,,18690,14,,,1,70,,18691,14,,,1,30,,18692,14,,,1,70,,18693,14,,,1,30,,18694,14,,,1,68,,18695,14,,,1,30,,18696,14,,,1,70,,18697,14,,,1,30,,18698,14,,,1,70,,18699,14,,,1,28,,18700,14,,,1,70,,18701,14,,,1,30,,18702,14,,,1,70,,18703,14,,,1,29,,18704,14,,,1,69,,18705,14,,,1,30,,18706,14,,,1,70,,18707,14,,,1
7100,'NYE',538,,18708,14,,,1,71,,18709,14,,,1,31,,18710,14,,,1,70,,18711,14,,,1,30,,18712,14,,,1,16,,18713,14,,,1,55,,18714,14,,,1,32,,18715,14,,,1,15,,18716,14,,,1,55,,18717,14,,,1,15,,18718,14,,,1,30,,18719,14,,,1,56,,18720,14,,,1,15,,18721,14,,,1,15,,18722,14,,,1,70,,18723,14,,,1,17,,18724,14,,,1,15,,18725,14,,,1,55,,18726,14,,,1,30,,18727,14,,,1,15,,18728,14,,,1,55,,18729,14,,,1,15,,18730,14,,,1,30,,18731,14,,,1,55,,18732,14,,,1,15,,18733,14,,,1,15,,18734,14,,,1,70,,18735,14,,,1,15,,18736,14,,,1,15,,18737,14,,,1,15,,18738,14,,,1,71,,18739,14,,,1,14,,18740,14,,,1,15,,18741,14,,,1,55,,18742,14,,,1,15,,18743,14,,,1,30,,18744,14,,,1,55,,18745,14,,,1,28,,18746,14,,,1,30,,18747,14,,,1,70,,18748,14,,,1,30,,18749,14,,,1,68,,18750,14,,,1,29,,18751,14,,,1,70,,18752,14,,,1,28,,18753,14,,,1,70,,18754,14,,,1,100,,18755,14,,,1
7100,'NYE/31',725,,18756,14,,,1,103,,18757,14,,,1,115,,18758,14,,,1,116,,18759,14,,,1,157,,18760,14,,,1,115,,18761,14,,,1,115,,18762,14,,,1,156,,18763,14,,,1,129,,18764,14,,,1
