701,'WKDY/30',648,,14405,4,,,1,173,,14406,4,,,1,130,,14407,4,,,1,170,,14408,4,,,1,130,,14409,4,,,1,170,,14410,4,,,1,130,,14411,4,,,1,170,,14412,4,,,1,130,,14413,4,,,1
701,'WKDY/31',648,,14414,4,,,1,173,,14415,4,,,1,130,,14416,4,,,1,170,,14417,4,,,1,130,,14418,4,,,1,170,,14419,4,,,1,130,,14420,4,,,1,170,,14421,4,,,1,130,,14422,4,,,1
701,'WKDY',547,,14423,4,,,1,170,,14424,4,,,1,34,,14425,4,,,1,100,,14426,4,,,1,70,,14427,4,,,1,100,,14428,4,,,1,30,,14429,4,,,1,100,,14430,4,,,1,70,,14431,4,,,1,100,,14432,4,,,1,30,,14433,4,,,1,100,,14434,4,,,1,70,,14435,4,,,1,100,,14436,4,,,1,30,,14437,4,,,1,100,,14438,4,,,1,70,,14439,4,,,1,100,,14440,4,,,1,100,,14441,4,,,1,99,,14442,4,,,1
701,'SAT',650,,14443,4,,,1,100,,14444,4,,,1,100,,14445,4,,,1,100,,14446,4,,,1,101,,14447,4,,,1,100,,14448,4,,,1,100,,14449,4,,,1,100,,14450,4,,,1,100,,14451,4,,,1,100,,14452,4,,,1,100,,14453,4,,,1,100,,14454,4,,,1,100,,14455,4,,,1,100,,14456,4,,,1,100,,14457,4,,,1
701,'SUN',650,,14458,4,,,1,100,,14459,4,,,1,100,,14460,4,,,1,100,,14461,4,,,1,101,,14462,4,,,1,100,,14463,4,,,1,100,,14464,4,,,1,100,,14465,4,,,1,100,,14466,4,,,1,100,,14467,4,,,1,100,,14468,4,,,1,100,,14469,4,,,1,100,,14470,4,,,1,100,,14471,4,,,1,100,,14472,4,,,1
701,'NYE',547,,14473,4,,,1,170,,14474,4,,,1,34,,14475,4,,,1,100,,14476,4,,,1,70,,14477,4,,,1,100,,14478,4,,,1,30,,14479,4,,,1,100,,14480,4,,,1,70,,14481,4,,,1,100,,14482,4,,,1,30,,14483,4,,,1,100,,14484,4,,,1,70,,14485,4,,,1,100,,14486,4,,,1,30,,14487,4,,,1,100,,14488,4,,,1,70,,14489,4,,,1,100,,14490,4,,,1,100,,14491,4,,,1,99,,14492,4,,,1
701,'NYE/31',648,,14493,4,,,1,173,,14494,4,,,1,130,,14495,4,,,1,170,,14496,4,,,1,130,,14497,4,,,1,170,,14498,4,,,1,130,,14499,4,,,1,170,,14500,4,,,1,130,,14501,4,,,1
1201,'WKDY',526,,14648,4,,,1,30,,14649,4,,,1,71,,14650,4,,,1,30,,14651,4,,,1,70,,14652,4,,,1,30,,14653,4,,,1,70,,14654,4,,,1,30,,14655,4,,,1,70,,14656,4,,,1,30,,14657,4,,,1,70,,14658,4,,,1,30,,14659,4,,,1,70,,14660,4,,,1,30,,14661,4,,,1,70,,14662,4,,,1,30,,14663,4,,,1,70,,14664,4,,,1,30,,14665,4,,,1,70,,14666,4,,,1,30,,14667,4,,,1,70,,14668,4,,,1,30,,14669,4,,,1,70,,14670,4,,,1,30,,14671,4,,,1,70,,14672,4,,,1,30,,14673,4,,,1,70,,14674,4,,,1,30,,14675,4,,,1,70,,14676,4,,,1,29,,14677,4,,,1,70,,14678,4,,,1,30,,14679,4,,,1
1201,'SAT',619,,14680,4,,,1,100,,14681,4,,,1,100,,14682,4,,,1,100,,14683,4,,,1,100,,14684,4,,,1,100,,14685,4,,,1,100,,14686,4,,,1,100,,14687,4,,,1,101,,14688,4,,,1,100,,14689,4,,,1,100,,14690,4,,,1,99,,14691,4,,,1,100,,14692,4,,,1,100,,14693,4,,,1,100,,14694,4,,,1,100,,14695,4,,,1
1201,'SUN',619,,14696,4,,,1,100,,14697,4,,,1,100,,14698,4,,,1,100,,14699,4,,,1,100,,14700,4,,,1,100,,14701,4,,,1,100,,14702,4,,,1,100,,14703,4,,,1,101,,14704,4,,,1,100,,14705,4,,,1,100,,14706,4,,,1,99,,14707,4,,,1,100,,14708,4,,,1,100,,14709,4,,,1,100,,14710,4,,,1,100,,14711,4,,,1
1201,'NYE',526,,14712,4,,,1,30,,14713,4,,,1,71,,14714,4,,,1,30,,14715,4,,,1,70,,14716,4,,,1,30,,14717,4,,,1,70,,14718,4,,,1,30,,14719,4,,,1,70,,14720,4,,,1,30,,14721,4,,,1,70,,14722,4,,,1,30,,14723,4,,,1,70,,14724,4,,,1,30,,14725,4,,,1,70,,14726,4,,,1,30,,14727,4,,,1,70,,14728,4,,,1,30,,14729,4,,,1,70,,14730,4,,,1,30,,14731,4,,,1,70,,14732,4,,,1,30,,14733,4,,,1,70,,14734,4,,,1,30,,14735,4,,,1,70,,14736,4,,,1,30,,14737,4,,,1,70,,14738,4,,,1,30,,14739,4,,,1,70,,14740,4,,,1,29,,14741,4,,,1,70,,14742,4,,,1,30,,14743,4,,,1
7400,'WKDY/30',919,,19153,4,,,1,230,,19154,4,,,1,271,,19155,4,,,1,230,,19156,4,,,1,269,,19157,4,,,1,100,,19158,4,,,1,99,,19159,4,,,1
7400,'WKDY/31',919,,19160,4,,,1,230,,19161,4,,,1,271,,19162,4,,,1,230,,19163,4,,,1,269,,19164,4,,,1,100,,19165,4,,,1,99,,19166,4,,,1
7400,'WKDY',447,,19167,4,,,1,102,,19168,4,,,1,69,,19169,4,,,1,32,,19170,4,,,1,69,,19171,4,,,1,30,,19172,4,,,1,70,,19173,4,,,1,30,,19174,4,,,1,100,,19175,4,,,1,70,,19176,4,,,1,30,,19177,4,,,1,70,,19178,4,,,1,100,,19179,4,,,1,30,,19180,4,,,1,71,,19181,4,,,1,30,,19182,4,,,1,100,,19183,4,,,1,70,,19184,4,,,1,30,,19185,4,,,1,70,,19186,4,,,1,100,,19187,4,,,1,30,,19188,4,,,1,70,,19189,4,,,1,29,,19190,4,,,1,100,,19191,4,,,1,100,,19192,4,,,1
7400,'SAT',722,,19193,4,,,1,101,,19194,4,,,1,100,,19195,4,,,1,100,,19196,4,,,1,100,,19197,4,,,1,100,,19198,4,,,1,103,,19199,4,,,1,97,,19200,4,,,1,100,,19201,4,,,1,100,,19202,4,,,1,100,,19203,4,,,1,100,,19204,4,,,1,100,,19205,4,,,1,100,,19206,4,,,1
7400,'SUN',722,,19207,4,,,1,101,,19208,4,,,1,100,,19209,4,,,1,100,,19210,4,,,1,100,,19211,4,,,1,100,,19212,4,,,1,103,,19213,4,,,1,97,,19214,4,,,1,100,,19215,4,,,1,100,,19216,4,,,1,100,,19217,4,,,1,100,,19218,4,,,1,100,,19219,4,,,1,100,,19220,4,,,1
7400,'NYE',447,,19221,4,,,1,102,,19222,4,,,1,69,,19223,4,,,1,32,,19224,4,,,1,69,,19225,4,,,1,30,,19226,4,,,1,70,,19227,4,,,1,30,,19228,4,,,1,100,,19229,4,,,1,70,,19230,4,,,1,30,,19231,4,,,1,70,,19232,4,,,1,100,,19233,4,,,1,30,,19234,4,,,1,71,,19235,4,,,1,30,,19236,4,,,1,100,,19237,4,,,1,70,,19238,4,,,1,30,,19239,4,,,1,70,,19240,4,,,1,100,,19241,4,,,1,30,,19242,4,,,1,70,,19243,4,,,1,29,,19244,4,,,1,100,,19245,4,,,1,100,,19246,4,,,1
7400,'NYE/31',919,,19247,4,,,1,230,,19248,4,,,1,271,,19249,4,,,1,230,,19250,4,,,1,269,,19251,4,,,1,100,,19252,4,,,1,99,,19253,4,,,1
8000,'WKDY',524,,19526,4,,,1,30,,19527,4,,,1,70,,19528,4,,,1,30,,19529,4,,,1,70,,19530,4,,,1,30,,19531,4,,,1,70,,19532,4,,,1,30,,19533,4,,,1,70,,19534,4,,,1,30,,19535,4,,,1,71,,19536,4,,,1,30,,19537,4,,,1,70,,19538,4,,,1,30,,19539,4,,,1,70,,19540,4,,,1,30,,19541,4,,,1,71,,19542,4,,,1,30,,19543,4,,,1,70,,19544,4,,,1,30,,19545,4,,,1,70,,19546,4,,,1,30,,19547,4,,,1,70,,19548,4,,,1,27,,19549,4,,,1,70,,19550,4,,,1,29,,19551,4,,,1,70,,19552,4,,,1,32,,19553,4,,,1,70,,19554,4,,,1,30,,19555,4,,,1,70,,19556,4,,,1,30,,19557,4,,,1
8000,'SAT',624,,19558,4,,,1,100,,19559,4,,,1,30,,19560,4,,,1,70,,19561,4,,,1,30,,19562,4,,,1,70,,19563,4,,,1,30,,19564,4,,,1,70,,19565,4,,,1,30,,19566,4,,,1,71,,19567,4,,,1,30,,19568,4,,,1,70,,19569,4,,,1,30,,19570,4,,,1,70,,19571,4,,,1,30,,19572,4,,,1,70,,19573,4,,,1,30,,19574,4,,,1,70,,19575,4,,,1,30,,19576,4,,,1,70,,19577,4,,,1,30,,19578,4,,,1,70,,19579,4,,,1,29,,19580,4,,,1,70,,19581,4,,,1,30,,19582,4,,,1,70,,19583,4,,,1,30,,19584,4,,,1,100,,19585,4,,,1
8000,'SUN',624,,19586,4,,,1,100,,19587,4,,,1,30,,19588,4,,,1,70,,19589,4,,,1,30,,19590,4,,,1,70,,19591,4,,,1,30,,19592,4,,,1,70,,19593,4,,,1,30,,19594,4,,,1,71,,19595,4,,,1,30,,19596,4,,,1,70,,19597,4,,,1,30,,19598,4,,,1,70,,19599,4,,,1,30,,19600,4,,,1,70,,19601,4,,,1,30,,19602,4,,,1,70,,19603,4,,,1,30,,19604,4,,,1,70,,19605,4,,,1,30,,19606,4,,,1,70,,19607,4,,,1,29,,19608,4,,,1,70,,19609,4,,,1,30,,19610,4,,,1,70,,19611,4,,,1,30,,19612,4,,,1,100,,19613,4,,,1
8000,'NYE',524,,19614,4,,,1,30,,19615,4,,,1,70,,19616,4,,,1,30,,19617,4,,,1,70,,19618,4,,,1,30,,19619,4,,,1,70,,19620,4,,,1,30,,19621,4,,,1,70,,19622,4,,,1,30,,19623,4,,,1,71,,19624,4,,,1,30,,19625,4,,,1,70,,19626,4,,,1,30,,19627,4,,,1,70,,19628,4,,,1,30,,19629,4,,,1,71,,19630,4,,,1,30,,19631,4,,,1,70,,19632,4,,,1,30,,19633,4,,,1,70,,19634,4,,,1,30,,19635,4,,,1,70,,19636,4,,,1,27,,19637,4,,,1,70,,19638,4,,,1,29,,19639,4,,,1,70,,19640,4,,,1,32,,19641,4,,,1,70,,19642,4,,,1,30,,19643,4,,,1,70,,19644,4,,,1,30,,19645,4,,,1,70,,19646,4,,,1,30,,19647,4,,,1,70,,19648,4,,,1,30,,19649,4,,,1,70,,19650,4,,,1,30,,19651,4,,,1,70,,19652,4,,,1,30,,19653,4,,,1,70,,19654,4,,,1,30,,19655,4,,,1,70,,19656,4,,,1
