700,'WKDY/30',801,,14306,28,4,,1,131,,14307,28,4,,1,170,,14308,28,4,,1,132,,14309,28,4,,1,172,,14310,28,4,,1,134,,14311,28,4,,1,169,,14312,28,4,,1,125,,14313,28,4,,1,122,,14314,28,4,,1
700,'WKDY/31',801,,14315,28,4,,1,131,,14316,28,4,,1,170,,14317,28,4,,1,132,,14318,28,4,,1,172,,14319,28,4,,1,134,,14320,28,4,,1,169,,14321,28,4,,1,125,,14322,28,4,,1,122,,14323,28,4,,1
700,'WKDY',649,,14324,28,4,,1,60,,14325,28,4,,1,121,,14326,28,4,,1,73,,14327,28,4,,1,99,,14328,28,4,,1,30,,14329,28,4,,1,100,,14330,28,4,,1,70,,14331,28,4,,1,102,,14332,28,4,,1,30,,14333,28,4,,1,103,,14334,28,4,,1,70,,14335,28,4,,1,103,,14336,28,4,,1,30,,14337,28,4,,1,98,,14338,28,4,,1,70,,14339,28,4,,1,96,,14340,28,4,,1,22,,14341,28,4,,1,98,,14342,28,4,,1,100,,14343,28,4,,1,96,,14344,28,4,,1
700,'SAT',1957,,14357,28,4,,1,95,,14358,28,4,,1,100,,14359,28,4,,1
700,'SUN',1957,,14372,28,4,,1,95,,14373,28,4,,1,100,,14374,28,4,,1
700,'NYE',649,,14375,28,4,,1,60,,14376,28,4,,1,121,,14377,28,4,,1,73,,14378,28,4,,1,99,,14379,28,4,,1,30,,14380,28,4,,1,100,,14381,28,4,,1,70,,14382,28,4,,1,102,,14383,28,4,,1,30,,14384,28,4,,1,103,,14385,28,4,,1,70,,14386,28,4,,1,103,,14387,28,4,,1,30,,14388,28,4,,1,98,,14389,28,4,,1,70,,14390,28,4,,1,96,,14391,28,4,,1,22,,14392,28,4,,1,98,,14393,28,4,,1,100,,14394,28,4,,1,96,,14395,28,4,,1
700,'NYE/31',801,,14396,28,4,,1,131,,14397,28,4,,1,170,,14398,28,4,,1,132,,14399,28,4,,1,172,,14400,28,4,,1,134,,14401,28,4,,1,169,,14402,28,4,,1,125,,14403,28,4,,1,122,,14404,28,4,,1
701,'WKDY/30',643,,14405,1,,,1,173,,14406,1,,,1,130,,14407,1,,,1,170,,14408,1,,,1,130,,14409,1,,,1,170,,14410,1,,,1,130,,14411,1,,,1,170,,14412,1,,,1,130,,14413,1,,,1
701,'WKDY/31',643,,14414,1,,,1,173,,14415,1,,,1,130,,14416,1,,,1,170,,14417,1,,,1,130,,14418,1,,,1,170,,14419,1,,,1,130,,14420,1,,,1,170,,14421,1,,,1,130,,14422,1,,,1
701,'WKDY',543,,14423,1,,,1,169,,14424,1,,,1,34,,14425,1,,,1,100,,14426,1,,,1,70,,14427,1,,,1,100,,14428,1,,,1,30,,14429,1,,,1,100,,14430,1,,,1,70,,14431,1,,,1,100,,14432,1,,,1,30,,14433,1,,,1,100,,14434,1,,,1,70,,14435,1,,,1,100,,14436,1,,,1,30,,14437,1,,,1,100,,14438,1,,,1,70,,14439,1,,,1,100,,14440,1,,,1,100,,14441,1,,,1,100,,14442,1,,,1
701,'SAT',646,,14443,1,,,1,100,,14444,1,,,1,100,,14445,1,,,1,100,,14446,1,,,1,100,,14447,1,,,1,100,,14448,1,,,1,100,,14449,1,,,1,100,,14450,1,,,1,100,,14451,1,,,1,100,,14452,1,,,1,100,,14453,1,,,1,100,,14454,1,,,1,100,,14455,1,,,1,100,,14456,1,,,1,100,,14457,1,,,1
701,'SUN',646,,14458,1,,,1,100,,14459,1,,,1,100,,14460,1,,,1,100,,14461,1,,,1,100,,14462,1,,,1,100,,14463,1,,,1,100,,14464,1,,,1,100,,14465,1,,,1,100,,14466,1,,,1,100,,14467,1,,,1,100,,14468,1,,,1,100,,14469,1,,,1,100,,14470,1,,,1,100,,14471,1,,,1,100,,14472,1,,,1
701,'NYE',543,,14473,1,,,1,169,,14474,1,,,1,34,,14475,1,,,1,100,,14476,1,,,1,70,,14477,1,,,1,100,,14478,1,,,1,30,,14479,1,,,1,100,,14480,1,,,1,70,,14481,1,,,1,100,,14482,1,,,1,30,,14483,1,,,1,100,,14484,1,,,1,70,,14485,1,,,1,100,,14486,1,,,1,30,,14487,1,,,1,100,,14488,1,,,1,70,,14489,1,,,1,100,,14490,1,,,1,100,,14491,1,,,1,100,,14492,1,,,1
701,'NYE/31',643,,14493,1,,,1,173,,14494,1,,,1,130,,14495,1,,,1,170,,14496,1,,,1,130,,14497,1,,,1,170,,14498,1,,,1,130,,14499,1,,,1,170,,14500,1,,,1,130,,14501,1,,,1
1200,'WKDY',2116,,14581,29,4,,1
1200,'NYE',2116,,14645,29,4,,1
4700,'WKDY/30',1150,,15977,1,,,1,605,,15978,1,,,1
4700,'WKDY/31',1150,,15979,1,,,1,605,,15980,1,,,1
4700,'WKDY',515,,15981,1,,,1
4700,'NYE',515,,15982,1,,,1
4700,'NYE/31',1150,,15983,1,,,1,605,,15984,1,,,1
4701,'WKDY/30',1340,,15985,5,4,,1,600,,15986,5,4,,1
4701,'WKDY/31',1340,,15987,5,4,,1,600,,15988,5,4,,1
4701,'NYE/31',1340,,15991,5,4,,1,600,,15992,5,4,,1
8001,'SAT',730,,19688,36,4,,1,101,,19689,36,4,,1,101,,19691,36,4,,1,101,,19693,36,4,,1,100,,19695,36,4,,1,102,,19697,36,4,,1,101,,19699,36,4,,1,100,,19701,36,4,,1,100,,19703,36,4,,1,98,,19705,36,4,,1,100,,19707,36,4,,1,100,,19709,36,4,,1,97,,19711,36,4,,1,100,,19713,36,4,,1
8001,'SUN',730,,19716,36,4,,1,101,,19717,36,4,,1,101,,19719,36,4,,1,101,,19721,36,4,,1,100,,19723,36,4,,1,102,,19725,36,4,,1,101,,19727,36,4,,1,100,,19729,36,4,,1,100,,19731,36,4,,1,98,,19733,36,4,,1,100,,19735,36,4,,1,100,,19737,36,4,,1,97,,19739,36,4,,1,100,,19741,36,4,,1
