1900,'WKDY/30',1646,,14744,1,,,1
1900,'WKDY/31',1646,,14745,1,,,1
1900,'WKDY',606,,14746,1,,,1,103,,14747,1,,,1,30,,14748,1,,,1,72,,14749,1,,,1,30,,14750,1,,,1,70,,14751,1,,,1,30,,14752,1,,,1,70,,14753,1,,,1,30,,14754,1,,,1,70,,14755,1,,,1,30,,14756,1,,,1,71,,14757,1,,,1,30,,14758,1,,,1,70,,14759,1,,,1,30,,14760,1,,,1,72,,14761,1,,,1,30,,14762,1,,,1,70,,14763,1,,,1,30,,14764,1,,,1,70,,14765,1,,,1,105,,14766,1,,,1,98,,14767,1,,,1,93,,14768,1,,,1,100,,14769,1,,,1,100,,14770,1,,,1
1900,'SAT',838,,14771,1,,,1,102,,14772,1,,,1,100,,14773,1,,,1,100,,14774,1,,,1,102,,14775,1,,,1,100,,14776,1,,,1,100,,14777,1,,,1,99,,14778,1,,,1,100,,14779,1,,,1,100,,14780,1,,,1,100,,14781,1,,,1,99,,14782,1,,,1
1900,'SUN',838,,14783,1,,,1,102,,14784,1,,,1,100,,14785,1,,,1,100,,14786,1,,,1,102,,14787,1,,,1,100,,14788,1,,,1,100,,14789,1,,,1,99,,14790,1,,,1,100,,14791,1,,,1,100,,14792,1,,,1,100,,14793,1,,,1,99,,14794,1,,,1
1900,'NYE',606,,14795,1,,,1,103,,14796,1,,,1,30,,14797,1,,,1,72,,14798,1,,,1,30,,14799,1,,,1,70,,14800,1,,,1,30,,14801,1,,,1,70,,14802,1,,,1,30,,14803,1,,,1,70,,14804,1,,,1,30,,14805,1,,,1,71,,14806,1,,,1,30,,14807,1,,,1,70,,14808,1,,,1,30,,14809,1,,,1,72,,14810,1,,,1,30,,14811,1,,,1,70,,14812,1,,,1,30,,14813,1,,,1,70,,14814,1,,,1,105,,14815,1,,,1,98,,14816,1,,,1,93,,14817,1,,,1,100,,14818,1,,,1,100,,14819,1,,,1
1900,'NYE/31',1646,,14820,1,,,1
1901,'WKDY/30',1646,,14821,13,4,,1
1901,'WKDY/31',1646,,14822,13,4,,1
1901,'WKDY',606,,14823,13,4,,1,103,,14824,13,4,,1,30,,14825,13,4,,1,72,,14826,13,4,,1,30,,14827,13,4,,1,70,,14828,13,4,,1,30,,14829,13,4,,1,70,,14830,13,4,,1,30,,14831,13,4,,1,70,,14832,13,4,,1,30,,14833,13,4,,1,71,,14834,13,4,,1,30,,14835,13,4,,1,70,,14836,13,4,,1,30,,14837,13,4,,1,72,,14838,13,4,,1,30,,14839,13,4,,1,70,,14840,13,4,,1,30,,14841,13,4,,1,70,,14842,13,4,,1,105,,14843,13,4,,1,98,,14844,13,4,,1,93,,14845,13,4,,1,100,,14846,13,4,,1,100,,14847,13,4,,1
1901,'SAT',838,,14848,13,4,,1,102,,14849,13,4,,1,100,,14850,13,4,,1,100,,14851,13,4,,1,102,,14852,13,4,,1,100,,14853,13,4,,1,100,,14854,13,4,,1,99,,14855,13,4,,1,100,,14856,13,4,,1,100,,14857,13,4,,1,100,,14858,13,4,,1,99,,14859,13,4,,1
1901,'SUN',838,,14860,13,4,,1,102,,14861,13,4,,1,100,,14862,13,4,,1,100,,14863,13,4,,1,102,,14864,13,4,,1,100,,14865,13,4,,1,100,,14866,13,4,,1,99,,14867,13,4,,1,100,,14868,13,4,,1,100,,14869,13,4,,1,100,,14870,13,4,,1,99,,14871,13,4,,1
1901,'NYE',606,,14872,13,4,,1,103,,14873,13,4,,1,30,,14874,13,4,,1,72,,14875,13,4,,1,30,,14876,13,4,,1,70,,14877,13,4,,1,30,,14878,13,4,,1,70,,14879,13,4,,1,30,,14880,13,4,,1,70,,14881,13,4,,1,30,,14882,13,4,,1,71,,14883,13,4,,1,30,,14884,13,4,,1,70,,14885,13,4,,1,30,,14886,13,4,,1,72,,14887,13,4,,1,30,,14888,13,4,,1,70,,14889,13,4,,1,30,,14890,13,4,,1,70,,14891,13,4,,1,105,,14892,13,4,,1,98,,14893,13,4,,1,93,,14894,13,4,,1,100,,14895,13,4,,1,100,,14896,13,4,,1
1901,'NYE/31',1646,,14897,13,4,,1
