701,'WKDY/30',649,,14405,6,,,1,173,,14406,6,,,1,130,,14407,6,,,1,170,,14408,6,,,1,130,,14409,6,,,1,171,,14410,6,,,1,130,,14411,6,,,1,170,,14412,6,,,1,129,,14413,6,,,1
701,'WKDY/31',649,,14414,6,,,1,173,,14415,6,,,1,130,,14416,6,,,1,170,,14417,6,,,1,130,,14418,6,,,1,171,,14419,6,,,1,130,,14420,6,,,1,170,,14421,6,,,1,129,,14422,6,,,1
701,'WKDY',548,,14423,6,,,1,170,,14424,6,,,1,34,,14425,6,,,1,100,,14426,6,,,1,70,,14427,6,,,1,100,,14428,6,,,1,30,,14429,6,,,1,100,,14430,6,,,1,70,,14431,6,,,1,100,,14432,6,,,1,30,,14433,6,,,1,101,,14434,6,,,1,70,,14435,6,,,1,100,,14436,6,,,1,30,,14437,6,,,1,100,,14438,6,,,1,69,,14439,6,,,1,100,,14440,6,,,1,100,,14441,6,,,1,99,,14442,6,,,1
701,'SAT',651,,14443,6,,,1,100,,14444,6,,,1,100,,14445,6,,,1,100,,14446,6,,,1,101,,14447,6,,,1,100,,14448,6,,,1,100,,14449,6,,,1,101,,14450,6,,,1,100,,14451,6,,,1,100,,14452,6,,,1,100,,14453,6,,,1,99,,14454,6,,,1,100,,14455,6,,,1,100,,14456,6,,,1,100,,14457,6,,,1
701,'SUN',651,,14458,6,,,1,100,,14459,6,,,1,100,,14460,6,,,1,100,,14461,6,,,1,101,,14462,6,,,1,100,,14463,6,,,1,100,,14464,6,,,1,101,,14465,6,,,1,100,,14466,6,,,1,100,,14467,6,,,1,100,,14468,6,,,1,99,,14469,6,,,1,100,,14470,6,,,1,100,,14471,6,,,1,100,,14472,6,,,1
701,'NYE',548,,14473,6,,,1,170,,14474,6,,,1,34,,14475,6,,,1,100,,14476,6,,,1,70,,14477,6,,,1,100,,14478,6,,,1,30,,14479,6,,,1,100,,14480,6,,,1,70,,14481,6,,,1,100,,14482,6,,,1,30,,14483,6,,,1,101,,14484,6,,,1,70,,14485,6,,,1,100,,14486,6,,,1,30,,14487,6,,,1,100,,14488,6,,,1,69,,14489,6,,,1,100,,14490,6,,,1,100,,14491,6,,,1,99,,14492,6,,,1
701,'NYE/31',649,,14493,6,,,1,173,,14494,6,,,1,130,,14495,6,,,1,170,,14496,6,,,1,130,,14497,6,,,1,171,,14498,6,,,1,130,,14499,6,,,1,170,,14500,6,,,1,129,,14501,6,,,1
7400,'WKDY/30',920,,19153,6,,,1,230,,19154,6,,,1,271,,19155,6,,,1,231,,19156,6,,,1,268,,19157,6,,,1,100,,19158,6,,,1,99,,19159,6,,,1
7400,'WKDY/31',920,,19160,6,,,1,230,,19161,6,,,1,271,,19162,6,,,1,231,,19163,6,,,1,268,,19164,6,,,1,100,,19165,6,,,1,99,,19166,6,,,1
7400,'WKDY',448,,19167,6,,,1,102,,19168,6,,,1,69,,19169,6,,,1,32,,19170,6,,,1,69,,19171,6,,,1,30,,19172,6,,,1,70,,19173,6,,,1,30,,19174,6,,,1,100,,19175,6,,,1,70,,19176,6,,,1,30,,19177,6,,,1,70,,19178,6,,,1,100,,19179,6,,,1,30,,19180,6,,,1,71,,19181,6,,,1,30,,19182,6,,,1,100,,19183,6,,,1,70,,19184,6,,,1,31,,19185,6,,,1,70,,19186,6,,,1,100,,19187,6,,,1,29,,19188,6,,,1,70,,19189,6,,,1,29,,19190,6,,,1,100,,19191,6,,,1,100,,19192,6,,,1
7400,'SAT',723,,19193,6,,,1,101,,19194,6,,,1,100,,19195,6,,,1,100,,19196,6,,,1,100,,19197,6,,,1,100,,19198,6,,,1,103,,19199,6,,,1,97,,19200,6,,,1,100,,19201,6,,,1,100,,19202,6,,,1,100,,19203,6,,,1,100,,19204,6,,,1,100,,19205,6,,,1,100,,19206,6,,,1
7400,'SUN',723,,19207,6,,,1,101,,19208,6,,,1,100,,19209,6,,,1,100,,19210,6,,,1,100,,19211,6,,,1,100,,19212,6,,,1,103,,19213,6,,,1,97,,19214,6,,,1,100,,19215,6,,,1,100,,19216,6,,,1,100,,19217,6,,,1,100,,19218,6,,,1,100,,19219,6,,,1,100,,19220,6,,,1
7400,'NYE',448,,19221,6,,,1,102,,19222,6,,,1,69,,19223,6,,,1,32,,19224,6,,,1,69,,19225,6,,,1,30,,19226,6,,,1,70,,19227,6,,,1,30,,19228,6,,,1,100,,19229,6,,,1,70,,19230,6,,,1,30,,19231,6,,,1,70,,19232,6,,,1,100,,19233,6,,,1,30,,19234,6,,,1,71,,19235,6,,,1,30,,19236,6,,,1,100,,19237,6,,,1,70,,19238,6,,,1,31,,19239,6,,,1,70,,19240,6,,,1,100,,19241,6,,,1,29,,19242,6,,,1,70,,19243,6,,,1,29,,19244,6,,,1,100,,19245,6,,,1,100,,19246,6,,,1
7400,'NYE/31',920,,19247,6,,,1,230,,19248,6,,,1,271,,19249,6,,,1,231,,19250,6,,,1,268,,19251,6,,,1,100,,19252,6,,,1,99,,19253,6,,,1
