701,'WKDY/30',648,,14405,5,,,1,173,,14406,5,,,1,130,,14407,5,,,1,170,,14408,5,,,1,130,,14409,5,,,1,171,,14410,5,,,1,130,,14411,5,,,1,170,,14412,5,,,1,129,,14413,5,,,1
701,'WKDY/31',648,,14414,5,,,1,173,,14415,5,,,1,130,,14416,5,,,1,170,,14417,5,,,1,130,,14418,5,,,1,171,,14419,5,,,1,130,,14420,5,,,1,170,,14421,5,,,1,129,,14422,5,,,1
701,'WKDY',547,,14423,5,,,1,170,,14424,5,,,1,34,,14425,5,,,1,100,,14426,5,,,1,70,,14427,5,,,1,100,,14428,5,,,1,30,,14429,5,,,1,100,,14430,5,,,1,70,,14431,5,,,1,100,,14432,5,,,1,30,,14433,5,,,1,101,,14434,5,,,1,70,,14435,5,,,1,100,,14436,5,,,1,30,,14437,5,,,1,100,,14438,5,,,1,69,,14439,5,,,1,100,,14440,5,,,1,100,,14441,5,,,1,99,,14442,5,,,1
701,'SAT',650,,14443,5,,,1,100,,14444,5,,,1,101,,14445,5,,,1,100,,14446,5,,,1,100,,14447,5,,,1,101,,14448,5,,,1,100,,14449,5,,,1,100,,14450,5,,,1,100,,14451,5,,,1,100,,14452,5,,,1,100,,14453,5,,,1,99,,14454,5,,,1,100,,14455,5,,,1,100,,14456,5,,,1,100,,14457,5,,,1
701,'SUN',650,,14458,5,,,1,100,,14459,5,,,1,101,,14460,5,,,1,100,,14461,5,,,1,100,,14462,5,,,1,101,,14463,5,,,1,100,,14464,5,,,1,100,,14465,5,,,1,100,,14466,5,,,1,100,,14467,5,,,1,100,,14468,5,,,1,99,,14469,5,,,1,100,,14470,5,,,1,100,,14471,5,,,1,100,,14472,5,,,1
701,'NYE',547,,14473,5,,,1,170,,14474,5,,,1,34,,14475,5,,,1,100,,14476,5,,,1,70,,14477,5,,,1,100,,14478,5,,,1,30,,14479,5,,,1,100,,14480,5,,,1,70,,14481,5,,,1,100,,14482,5,,,1,30,,14483,5,,,1,101,,14484,5,,,1,70,,14485,5,,,1,100,,14486,5,,,1,30,,14487,5,,,1,100,,14488,5,,,1,69,,14489,5,,,1,100,,14490,5,,,1,100,,14491,5,,,1,99,,14492,5,,,1
701,'NYE/31',648,,14493,5,,,1,173,,14494,5,,,1,130,,14495,5,,,1,170,,14496,5,,,1,130,,14497,5,,,1,171,,14498,5,,,1,130,,14499,5,,,1,170,,14500,5,,,1,129,,14501,5,,,1
7400,'WKDY/30',919,,19153,5,,,1,231,,19154,5,,,1,270,,19155,5,,,1,231,,19156,5,,,1,269,,19157,5,,,1,99,,19158,5,,,1,99,,19159,5,,,1
7400,'WKDY/31',919,,19160,5,,,1,231,,19161,5,,,1,270,,19162,5,,,1,231,,19163,5,,,1,269,,19164,5,,,1,99,,19165,5,,,1,99,,19166,5,,,1
7400,'WKDY',448,,19167,5,,,1,101,,19168,5,,,1,69,,19169,5,,,1,32,,19170,5,,,1,69,,19171,5,,,1,30,,19172,5,,,1,70,,19173,5,,,1,30,,19174,5,,,1,100,,19175,5,,,1,71,,19176,5,,,1,30,,19177,5,,,1,70,,19178,5,,,1,100,,19179,5,,,1,30,,19180,5,,,1,70,,19181,5,,,1,30,,19182,5,,,1,100,,19183,5,,,1,70,,19184,5,,,1,31,,19185,5,,,1,70,,19186,5,,,1,100,,19187,5,,,1,29,,19188,5,,,1,70,,19189,5,,,1,30,,19190,5,,,1,100,,19191,5,,,1,99,,19192,5,,,1
7400,'SAT',722,,19193,5,,,1,101,,19194,5,,,1,100,,19195,5,,,1,100,,19196,5,,,1,101,,19197,5,,,1,100,,19198,5,,,1,103,,19199,5,,,1,97,,19200,5,,,1,100,,19201,5,,,1,100,,19202,5,,,1,100,,19203,5,,,1,100,,19204,5,,,1,99,,19205,5,,,1,100,,19206,5,,,1
7400,'SUN',722,,19207,5,,,1,101,,19208,5,,,1,100,,19209,5,,,1,100,,19210,5,,,1,101,,19211,5,,,1,100,,19212,5,,,1,103,,19213,5,,,1,97,,19214,5,,,1,100,,19215,5,,,1,100,,19216,5,,,1,100,,19217,5,,,1,100,,19218,5,,,1,99,,19219,5,,,1,100,,19220,5,,,1
7400,'NYE',448,,19221,5,,,1,101,,19222,5,,,1,69,,19223,5,,,1,32,,19224,5,,,1,69,,19225,5,,,1,30,,19226,5,,,1,70,,19227,5,,,1,30,,19228,5,,,1,100,,19229,5,,,1,71,,19230,5,,,1,30,,19231,5,,,1,70,,19232,5,,,1,100,,19233,5,,,1,30,,19234,5,,,1,70,,19235,5,,,1,30,,19236,5,,,1,100,,19237,5,,,1,70,,19238,5,,,1,31,,19239,5,,,1,70,,19240,5,,,1,100,,19241,5,,,1,29,,19242,5,,,1,70,,19243,5,,,1,30,,19244,5,,,1,100,,19245,5,,,1,99,,19246,5,,,1
7400,'NYE/31',919,,19247,5,,,1,231,,19248,5,,,1,270,,19249,5,,,1,231,,19250,5,,,1,269,,19251,5,,,1,99,,19252,5,,,1,99,,19253,5,,,1
