7800,'WKDY/30',1038,,19354,27,4,,1,304,,19355,27,4,,1
7800,'WKDY/31',1038,,19356,27,4,,1,304,,19357,27,4,,1
7800,'WKDY',500,,19358,27,4,,1,102,,19359,27,4,,1,32,,19360,27,4,,1,70,,19361,27,4,,1,31,,19362,27,4,,1,73,,19363,27,4,,1,30,,19364,27,4,,1,70,,19365,27,4,,1,30,,19366,27,4,,1,70,,19367,27,4,,1,100,,19368,27,4,,1,32,,19369,27,4,,1,70,,19370,27,4,,1,31,,19371,27,4,,1,70,,19372,27,4,,1,101,,19373,27,4,,1,30,,19374,27,4,,1,70,,19375,27,4,,1,30,,19376,27,4,,1,70,,19377,27,4,,1,31,,19378,27,4,,1,70,,19379,27,4,,1,30,,19380,27,4,,1,72,,19381,27,4,,1,98,,19382,27,4,,1,96,,19383,27,4,,1,100,,19384,27,4,,1,97,,19385,27,4,,1
7800,'SAT',807,,19386,27,4,,1,102,,19387,27,4,,1,100,,19388,27,4,,1,101,,19389,27,4,,1,100,,19390,27,4,,1,102,,19391,27,4,,1,100,,19392,27,4,,1,100,,19393,27,4,,1,99,,19394,27,4,,1,100,,19395,27,4,,1,100,,19396,27,4,,1,97,,19397,27,4,,1,99,,19398,27,4,,1
7800,'SUN',807,,19399,27,4,,1,102,,19400,27,4,,1,100,,19401,27,4,,1,101,,19402,27,4,,1,100,,19403,27,4,,1,102,,19404,27,4,,1,100,,19405,27,4,,1,100,,19406,27,4,,1,99,,19407,27,4,,1,95,,19408,27,4,,1,105,,19409,27,4,,1,97,,19410,27,4,,1,104,,19411,27,4,,1
7800,'NYE',500,,19412,27,4,,1,102,,19413,27,4,,1,32,,19414,27,4,,1,70,,19415,27,4,,1,31,,19416,27,4,,1,73,,19417,27,4,,1,30,,19418,27,4,,1,70,,19419,27,4,,1,30,,19420,27,4,,1,70,,19421,27,4,,1,100,,19422,27,4,,1,32,,19423,27,4,,1,70,,19424,27,4,,1,31,,19425,27,4,,1,70,,19426,27,4,,1,101,,19427,27,4,,1,30,,19428,27,4,,1,70,,19429,27,4,,1,30,,19430,27,4,,1,70,,19431,27,4,,1,31,,19432,27,4,,1,70,,19433,27,4,,1,30,,19434,27,4,,1,72,,19435,27,4,,1,98,,19436,27,4,,1,96,,19437,27,4,,1,100,,19438,27,4,,1,97,,19439,27,4,,1
7800,'NYE/31',1038,,19440,27,4,,1,304,,19441,27,4,,1
7801,'WKDY/30',1042,,19442,1,,,1,304,,19443,1,,,1
7801,'WKDY/31',1042,,19444,1,,,1,304,,19445,1,,,1
7801,'WKDY',516,,19446,1,,,1,96,,19447,1,,,1,30,,19448,1,,,1,70,,19449,1,,,1,30,,19450,1,,,1,70,,19451,1,,,1,30,,19452,1,,,1,70,,19453,1,,,1,30,,19454,1,,,1,70,,19455,1,,,1,100,,19456,1,,,1,32,,19457,1,,,1,70,,19458,1,,,1,31,,19459,1,,,1,70,,19460,1,,,1,101,,19461,1,,,1,30,,19462,1,,,1,70,,19463,1,,,1,31,,19464,1,,,1,70,,19465,1,,,1,31,,19466,1,,,1,69,,19467,1,,,1,30,,19468,1,,,1,72,,19469,1,,,1,98,,19470,1,,,1,96,,19471,1,,,1,100,,19472,1,,,1
7801,'SAT',812,,19473,1,,,1,102,,19474,1,,,1,100,,19475,1,,,1,101,,19476,1,,,1,100,,19477,1,,,1,102,,19478,1,,,1,100,,19479,1,,,1,100,,19480,1,,,1,99,,19481,1,,,1,100,,19482,1,,,1,100,,19483,1,,,1,97,,19484,1,,,1
7801,'SUN',812,,19485,1,,,1,102,,19486,1,,,1,100,,19487,1,,,1,101,,19488,1,,,1,100,,19489,1,,,1,102,,19490,1,,,1,100,,19491,1,,,1,100,,19492,1,,,1,99,,19493,1,,,1,95,,19494,1,,,1,105,,19495,1,,,1,97,,19496,1,,,1
7801,'NYE',516,,19497,1,,,1,96,,19498,1,,,1,30,,19499,1,,,1,70,,19500,1,,,1,30,,19501,1,,,1,70,,19502,1,,,1,30,,19503,1,,,1,70,,19504,1,,,1,30,,19505,1,,,1,70,,19506,1,,,1,100,,19507,1,,,1,32,,19508,1,,,1,70,,19509,1,,,1,31,,19510,1,,,1,70,,19511,1,,,1,101,,19512,1,,,1,30,,19513,1,,,1,70,,19514,1,,,1,31,,19515,1,,,1,70,,19516,1,,,1,31,,19517,1,,,1,69,,19518,1,,,1,30,,19519,1,,,1,72,,19520,1,,,1,98,,19521,1,,,1,96,,19522,1,,,1,100,,19523,1,,,1
7801,'NYE/31',1042,,19524,1,,,1,304,,19525,1,,,1
