701,'WKDY/30',716,,14405,25,,,1,133,,14406,25,,,1,170,,14407,25,,,1,132,,14408,25,,,1,170,,14409,25,,,1,133,,14410,25,,,1,170,,14411,25,,,1,130,,14412,25,,,1,165,,14413,25,,,1
701,'WKDY/31',716,,14414,25,,,1,133,,14415,25,,,1,170,,14416,25,,,1,132,,14417,25,,,1,170,,14418,25,,,1,133,,14419,25,,,1,170,,14420,25,,,1,130,,14421,25,,,1,165,,14422,25,,,1
701,'WKDY',611,,14423,25,,,1,134,,14424,25,,,1,74,,14425,25,,,1,100,,14426,25,,,1,30,,14427,25,,,1,100,,14428,25,,,1,70,,14429,25,,,1,102,,14430,25,,,1,30,,14431,25,,,1,100,,14432,25,,,1,70,,14433,25,,,1,103,,14434,25,,,1,30,,14435,25,,,1,100,,14436,25,,,1,70,,14437,25,,,1,100,,14438,25,,,1,25,,14439,25,,,1,100,,14440,25,,,1,100,,14441,25,,,1,96,,14442,25,,,1
701,'SAT',715,,14443,25,,,1,100,,14444,25,,,1,103,,14445,25,,,1,100,,14446,25,,,1,102,,14447,25,,,1,102,,14448,25,,,1,100,,14449,25,,,1,102,,14450,25,,,1,100,,14451,25,,,1,100,,14452,25,,,1,100,,14453,25,,,1,95,,14454,25,,,1,100,,14455,25,,,1,98,,14456,25,,,1,100,,14457,25,,,1
701,'SUN',715,,14458,25,,,1,100,,14459,25,,,1,103,,14460,25,,,1,100,,14461,25,,,1,102,,14462,25,,,1,102,,14463,25,,,1,100,,14464,25,,,1,102,,14465,25,,,1,100,,14466,25,,,1,100,,14467,25,,,1,100,,14468,25,,,1,95,,14469,25,,,1,100,,14470,25,,,1,98,,14471,25,,,1,100,,14472,25,,,1
701,'NYE',611,,14473,25,,,1,134,,14474,25,,,1,74,,14475,25,,,1,100,,14476,25,,,1,30,,14477,25,,,1,100,,14478,25,,,1,70,,14479,25,,,1,102,,14480,25,,,1,30,,14481,25,,,1,100,,14482,25,,,1,70,,14483,25,,,1,103,,14484,25,,,1,30,,14485,25,,,1,100,,14486,25,,,1,70,,14487,25,,,1,100,,14488,25,,,1,25,,14489,25,,,1,100,,14490,25,,,1,100,,14491,25,,,1,96,,14492,25,,,1
701,'NYE/31',716,,14493,25,,,1,133,,14494,25,,,1,170,,14495,25,,,1,132,,14496,25,,,1,170,,14497,25,,,1,133,,14498,25,,,1,170,,14499,25,,,1,130,,14500,25,,,1,165,,14501,25,,,1
4700,'WKDY/30',1214,,15977,4,,,1,606,,15978,4,,,1
4700,'WKDY/31',1214,,15979,4,,,1,606,,15980,4,,,1
4700,'WKDY',537,,15981,4,,,1
4700,'NYE',537,,15982,4,,,1
4700,'NYE/31',1214,,15983,4,,,1,606,,15984,4,,,1
