1900,'WKDY',624,,14746,12,4,,1,105,,14747,12,4,,1,30,,14748,12,4,,1,72,,14749,12,4,,1,70,,14750,12,4,,1,30,,14751,12,4,,1,202,,14755,12,4,,1,70,,14756,12,4,,1,31,,14757,12,4,,1,202,,14761,12,4,,1,70,,14762,12,4,,1,132,,14765,12,4,,1,202,,14767,12,4,,1,90,,14768,12,4,,1
1900,'NYE',624,,14795,12,4,,1,105,,14796,12,4,,1,30,,14797,12,4,,1,72,,14798,12,4,,1,70,,14799,12,4,,1,30,,14800,12,4,,1,202,,14804,12,4,,1,70,,14805,12,4,,1,31,,14806,12,4,,1,202,,14810,12,4,,1,70,,14811,12,4,,1,132,,14814,12,4,,1,202,,14816,12,4,,1,90,,14817,12,4,,1
2500,'SAT',908,,14927,36,4,,1,306,,14930,36,4,,1,105,,14931,36,4,,1,198,,14933,36,4,,1,198,,14935,36,4,,1
2500,'SUN',908,,14940,36,4,,1,205,,14942,36,4,,1,101,,14943,36,4,,1,105,,14944,36,4,,1,100,,14945,36,4,,1,98,,14946,36,4,,1,198,,14948,36,4,,1
4800,'SAT',1838,,16010,5,4,,1
7101,'SAT',728,,18832,23,4,,1,103,,18835,23,4,,1,185,,18840,23,4,,1,100,,18843,23,4,,1,313,,18852,23,4,,1,202,,18858,23,4,,1,309,,18868,23,4,,1
7101,'SUN',807,,18882,23,4,,1,209,,18886,23,4,,1,607,,18898,23,4,,1,195,,18902,23,4,,1
7800,'WKDY/30',1010,,19354,1,,,1,300,,19355,1,,,1
7800,'WKDY/31',1010,,19356,1,,,1,300,,19357,1,,,1
7800,'WKDY',438,,19358,1,,,1,102,,19359,1,,,1,70,,19360,1,,,1,30,,19361,1,,,1,70,,19362,1,,,1,30,,19363,1,,,1,70,,19364,1,,,1,30,,19365,1,,,1,70,,19366,1,,,1,30,,19367,1,,,1,100,,19368,1,,,1,70,,19369,1,,,1,30,,19370,1,,,1,70,,19371,1,,,1,30,,19372,1,,,1,100,,19373,1,,,1,70,,19374,1,,,1,30,,19375,1,,,1,70,,19376,1,,,1,30,,19377,1,,,1,70,,19378,1,,,1,30,,19379,1,,,1,70,,19380,1,,,1,32,,19381,1,,,1,100,,19382,1,,,1,98,,19383,1,,,1,100,,19384,1,,,1,100,,19385,1,,,1
7800,'SAT',740,,19386,1,,,1,100,,19387,1,,,1,100,,19388,1,,,1,100,,19389,1,,,1,100,,19390,1,,,1,100,,19391,1,,,1,100,,19392,1,,,1,100,,19393,1,,,1,100,,19394,1,,,1,100,,19395,1,,,1,100,,19396,1,,,1,100,,19397,1,,,1,100,,19398,1,,,1
7800,'SUN',740,,19399,1,,,1,100,,19400,1,,,1,100,,19401,1,,,1,100,,19402,1,,,1,100,,19403,1,,,1,100,,19404,1,,,1,100,,19405,1,,,1,100,,19406,1,,,1,100,,19407,1,,,1,95,,19408,1,,,1,105,,19409,1,,,1,100,,19410,1,,,1,105,,19411,1,,,1
7800,'NYE',438,,19412,1,,,1,102,,19413,1,,,1,70,,19414,1,,,1,30,,19415,1,,,1,70,,19416,1,,,1,30,,19417,1,,,1,70,,19418,1,,,1,30,,19419,1,,,1,70,,19420,1,,,1,30,,19421,1,,,1,100,,19422,1,,,1,70,,19423,1,,,1,30,,19424,1,,,1,70,,19425,1,,,1,30,,19426,1,,,1,100,,19427,1,,,1,70,,19428,1,,,1,30,,19429,1,,,1,70,,19430,1,,,1,30,,19431,1,,,1,70,,19432,1,,,1,30,,19433,1,,,1,70,,19434,1,,,1,32,,19435,1,,,1,100,,19436,1,,,1,98,,19437,1,,,1,100,,19438,1,,,1,100,,19439,1,,,1
7800,'NYE/31',1010,,19440,1,,,1,300,,19441,1,,,1
7801,'WKDY/30',1113,,19442,28,4,,1,306,,19443,28,4,,1
7801,'WKDY/31',1113,,19444,28,4,,1,306,,19445,28,4,,1
7801,'WKDY',1012,,19454,28,4,,1,30,,19455,28,4,,1,276,,19459,28,4,,1,30,,19460,28,4,,1,173,,19462,28,4,,1,30,,19463,28,4,,1,71,,19464,28,4,,1,101,,19466,28,4,,1,27,,19467,28,4,,1,67,,19468,28,4,,1,222,,19471,28,4,,1,100,,19472,28,4,,1
7801,'SAT',1044,,19475,28,4,,1
7801,'SUN',1846,,19495,28,4,,1,95,,19496,28,4,,1
7801,'NYE',1012,,19505,28,4,,1,30,,19506,28,4,,1,276,,19510,28,4,,1,30,,19511,28,4,,1,173,,19513,28,4,,1,30,,19514,28,4,,1,71,,19515,28,4,,1,101,,19517,28,4,,1,27,,19518,28,4,,1,67,,19519,28,4,,1,222,,19522,28,4,,1,100,,19523,28,4,,1
7801,'NYE/31',1113,,19524,28,4,,1,306,,19525,28,4,,1
10500,'WKDY/31',1000,,19975,7,4,,1
10500,'NYE/31',1000,,19995,7,4,,1
50000,'WKDY/30',853,,20229,7,4,,1
