3100,'WKDY/30',746,,15272,7,,,1,202,,15273,7,,,1,200,,15274,7,,,1,201,,15275,7,,,1,202,,15276,7,,,1,198,,15277,7,,,1
3100,'WKDY/31',746,,15278,7,,,1,202,,15279,7,,,1,200,,15280,7,,,1,201,,15281,7,,,1,202,,15282,7,,,1,198,,15283,7,,,1
3100,'WKDY',543,,15284,7,,,1,71,,15285,7,,,1,30,,15286,7,,,1,71,,15287,7,,,1,103,,15288,7,,,1,30,,15289,7,,,1,70,,15290,7,,,1,100,,15291,7,,,1,30,,15292,7,,,1,70,,15293,7,,,1,101,,15294,7,,,1,30,,15295,7,,,1,70,,15296,7,,,1,100,,15297,7,,,1,32,,15298,7,,,1,70,,15299,7,,,1,99,,15300,7,,,1,30,,15301,7,,,1,69,,15302,7,,,1,99,,15303,7,,,1,30,,15304,7,,,1,68,,15305,7,,,1,100,,15306,7,,,1,100,,15307,7,,,1
3100,'SAT',851,,15308,7,,,1,80,,15309,7,,,1,80,,15310,7,,,1,40,,15311,7,,,1,81,,15312,7,,,1,80,,15313,7,,,1,40,,15314,7,,,1,80,,15315,7,,,1,80,,15316,7,,,1,40,,15317,7,,,1,80,,15318,7,,,1,80,,15319,7,,,1,40,,15320,7,,,1,80,,15321,7,,,1,79,,15322,7,,,1,40,,15323,7,,,1,80,,15324,7,,,1,80,,15325,7,,,1
3100,'SUN',849,,15326,7,,,1,100,,15327,7,,,1,101,,15328,7,,,1,100,,15329,7,,,1,100,,15330,7,,,1,100,,15331,7,,,1,100,,15332,7,,,1,100,,15333,7,,,1,100,,15334,7,,,1,100,,15335,7,,,1,99,,15336,7,,,1,100,,15337,7,,,1
3100,'NYE',543,,15338,7,,,1,71,,15339,7,,,1,30,,15340,7,,,1,71,,15341,7,,,1,103,,15342,7,,,1,30,,15343,7,,,1,70,,15344,7,,,1,100,,15345,7,,,1,30,,15346,7,,,1,70,,15347,7,,,1,101,,15348,7,,,1,30,,15349,7,,,1,70,,15350,7,,,1,100,,15351,7,,,1,32,,15352,7,,,1,70,,15353,7,,,1,99,,15354,7,,,1,30,,15355,7,,,1,69,,15356,7,,,1,99,,15357,7,,,1,30,,15358,7,,,1,68,,15359,7,,,1,100,,15360,7,,,1,100,,15361,7,,,1
3100,'NYE/31',746,,15362,7,,,1,202,,15363,7,,,1,200,,15364,7,,,1,201,,15365,7,,,1,202,,15366,7,,,1,198,,15367,7,,,1
7101,'WKDY/30',743,,18765,10,,,1,104,,18766,10,,,1,157,,18767,10,,,1,117,,18768,10,,,1,117,,18769,10,,,1,115,,18770,10,,,1,156,,18771,10,,,1,116,,18772,10,,,1,128,,18773,10,,,1
7101,'WKDY/31',743,,18774,10,,,1,104,,18775,10,,,1,157,,18776,10,,,1,117,,18777,10,,,1,117,,18778,10,,,1,115,,18779,10,,,1,156,,18780,10,,,1,116,,18781,10,,,1,128,,18782,10,,,1
7101,'WKDY',554,,18783,10,,,1,73,,18784,10,,,1,31,,18785,10,,,1,70,,18786,10,,,1,30,,18787,10,,,1,56,,18788,10,,,1,15,,18789,10,,,1,73,,18790,10,,,1,17,,18791,10,,,1,15,,18792,10,,,1,15,,18793,10,,,1,70,,18794,10,,,1,17,,18795,10,,,1,15,,18796,10,,,1,55,,18797,10,,,1,30,,18798,10,,,1,17,,18799,10,,,1,55,,18800,10,,,1,15,,18801,10,,,1,30,,18802,10,,,1,55,,18803,10,,,1,15,,18804,10,,,1,15,,18805,10,,,1,70,,18806,10,,,1,16,,18807,10,,,1,15,,18808,10,,,1,15,,18809,10,,,1,70,,18810,10,,,1,15,,18811,10,,,1,15,,18812,10,,,1,55,,18813,10,,,1,31,,18814,10,,,1,13,,18815,10,,,1,55,,18816,10,,,1,15,,18817,10,,,1,15,,18818,10,,,1,69,,18819,10,,,1,15,,18820,10,,,1,28,,18821,10,,,1,70,,18822,10,,,1,29,,18823,10,,,1,70,,18824,10,,,1,28,,18825,10,,,1,67,,18826,10,,,1,30,,18827,10,,,1,68,,18828,10,,,1,30,,18829,10,,,1,100,,18830,10,,,1
7101,'SAT',653,,18831,10,,,1,60,,18832,10,,,1,20,,18833,10,,,1,20,,18834,10,,,1,61,,18835,10,,,1,21,,18836,10,,,1,20,,18837,10,,,1,61,,18838,10,,,1,19,,18839,10,,,1,22,,18840,10,,,1,59,,18841,10,,,1,20,,18842,10,,,1,21,,18843,10,,,1,60,,18844,10,,,1,20,,18845,10,,,1,21,,18846,10,,,1,61,,18847,10,,,1,21,,18848,10,,,1,63,,18849,10,,,1,25,,18850,10,,,1,20,,18851,10,,,1,61,,18852,10,,,1,20,,18853,10,,,1,20,,18854,10,,,1,60,,18855,10,,,1,20,,18856,10,,,1,20,,18857,10,,,1,60,,18858,10,,,1,19,,18859,10,,,1,21,,18860,10,,,1,60,,18861,10,,,1,16,,18862,10,,,1,19,,18863,10,,,1,60,,18864,10,,,1,20,,18865,10,,,1,18,,18866,10,,,1,60,,18867,10,,,1,19,,18868,10,,,1,19,,18869,10,,,1,60,,18870,10,,,1,20,,18871,10,,,1,21,,18872,10,,,1,59,,18873,10,,,1,19,,18874,10,,,1,19,,18875,10,,,1,20,,18876,10,,,1,70,,18877,10,,,1,28,,18878,10,,,1,68,,18879,10,,,1
7101,'SUN',653,,18880,10,,,1,70,,18881,10,,,1,30,,18882,10,,,1,71,,18883,10,,,1,32,,18884,10,,,1,70,,18885,10,,,1,32,,18886,10,,,1,70,,18887,10,,,1,30,,18888,10,,,1,72,,18889,10,,,1,70,,18890,10,,,1,32,,18891,10,,,1,73,,18892,10,,,1,30,,18893,10,,,1,70,,18894,10,,,1,30,,18895,10,,,1,70,,18896,10,,,1,30,,18897,10,,,1,70,,18898,10,,,1,30,,18899,10,,,1,70,,18900,10,,,1,26,,18901,10,,,1,70,,18902,10,,,1,30,,18903,10,,,1,28,,18904,10,,,1,70,,18905,10,,,1,28,,18906,10,,,1,70,,18907,10,,,1,29,,18908,10,,,1,69,,18909,10,,,1,29,,18910,10,,,1,69,,18911,10,,,1,30,,18912,10,,,1,70,,18913,10,,,1
7101,'NYE',554,,18914,10,,,1,73,,18915,10,,,1,31,,18916,10,,,1,70,,18917,10,,,1,30,,18918,10,,,1,56,,18919,10,,,1,15,,18920,10,,,1,73,,18921,10,,,1,17,,18922,10,,,1,15,,18923,10,,,1,15,,18924,10,,,1,70,,18925,10,,,1,17,,18926,10,,,1,15,,18927,10,,,1,55,,18928,10,,,1,30,,18929,10,,,1,17,,18930,10,,,1,55,,18931,10,,,1,15,,18932,10,,,1,30,,18933,10,,,1,55,,18934,10,,,1,15,,18935,10,,,1,15,,18936,10,,,1,70,,18937,10,,,1,16,,18938,10,,,1,15,,18939,10,,,1,15,,18940,10,,,1,70,,18941,10,,,1,15,,18942,10,,,1,15,,18943,10,,,1,55,,18944,10,,,1,31,,18945,10,,,1,13,,18946,10,,,1,55,,18947,10,,,1,15,,18948,10,,,1,15,,18949,10,,,1,69,,18950,10,,,1,15,,18951,10,,,1,28,,18952,10,,,1,70,,18953,10,,,1,29,,18954,10,,,1,70,,18955,10,,,1,28,,18956,10,,,1,67,,18957,10,,,1,30,,18958,10,,,1,68,,18959,10,,,1,30,,18960,10,,,1,100,,18961,10,,,1
7101,'NYE/31',743,,18962,10,,,1,104,,18963,10,,,1,157,,18964,10,,,1,117,,18965,10,,,1,117,,18966,10,,,1,115,,18967,10,,,1,156,,18968,10,,,1,116,,18969,10,,,1,128,,18970,10,,,1
