3100,'WKDY/30',744,,15272,5,,,1,202,,15273,5,,,1,200,,15274,5,,,1,201,,15275,5,,,1,202,,15276,5,,,1,198,,15277,5,,,1
3100,'WKDY/31',744,,15278,5,,,1,202,,15279,5,,,1,200,,15280,5,,,1,201,,15281,5,,,1,202,,15282,5,,,1,198,,15283,5,,,1
3100,'WKDY',542,,15284,5,,,1,71,,15285,5,,,1,30,,15286,5,,,1,71,,15287,5,,,1,102,,15288,5,,,1,30,,15289,5,,,1,70,,15290,5,,,1,100,,15291,5,,,1,30,,15292,5,,,1,70,,15293,5,,,1,101,,15294,5,,,1,30,,15295,5,,,1,70,,15296,5,,,1,100,,15297,5,,,1,32,,15298,5,,,1,70,,15299,5,,,1,99,,15300,5,,,1,30,,15301,5,,,1,69,,15302,5,,,1,99,,15303,5,,,1,30,,15304,5,,,1,69,,15305,5,,,1,100,,15306,5,,,1,100,,15307,5,,,1
3100,'SAT',850,,15308,5,,,1,80,,15309,5,,,1,80,,15310,5,,,1,40,,15311,5,,,1,81,,15312,5,,,1,80,,15313,5,,,1,40,,15314,5,,,1,80,,15315,5,,,1,80,,15316,5,,,1,40,,15317,5,,,1,80,,15318,5,,,1,80,,15319,5,,,1,40,,15320,5,,,1,80,,15321,5,,,1,79,,15322,5,,,1,40,,15323,5,,,1,80,,15324,5,,,1,80,,15325,5,,,1
3100,'SUN',848,,15326,5,,,1,100,,15327,5,,,1,101,,15328,5,,,1,100,,15329,5,,,1,100,,15330,5,,,1,100,,15331,5,,,1,100,,15332,5,,,1,100,,15333,5,,,1,100,,15334,5,,,1,100,,15335,5,,,1,99,,15336,5,,,1,100,,15337,5,,,1
3100,'NYE',542,,15338,5,,,1,71,,15339,5,,,1,30,,15340,5,,,1,71,,15341,5,,,1,102,,15342,5,,,1,30,,15343,5,,,1,70,,15344,5,,,1,100,,15345,5,,,1,30,,15346,5,,,1,70,,15347,5,,,1,101,,15348,5,,,1,30,,15349,5,,,1,70,,15350,5,,,1,100,,15351,5,,,1,32,,15352,5,,,1,70,,15353,5,,,1,99,,15354,5,,,1,30,,15355,5,,,1,69,,15356,5,,,1,99,,15357,5,,,1,30,,15358,5,,,1,69,,15359,5,,,1,100,,15360,5,,,1,100,,15361,5,,,1
3100,'NYE/31',744,,15362,5,,,1,202,,15363,5,,,1,200,,15364,5,,,1,201,,15365,5,,,1,202,,15366,5,,,1,198,,15367,5,,,1
7101,'WKDY/30',742,,18765,8,,,1,104,,18766,8,,,1,156,,18767,8,,,1,117,,18768,8,,,1,117,,18769,8,,,1,115,,18770,8,,,1,156,,18771,8,,,1,116,,18772,8,,,1,128,,18773,8,,,1
7101,'WKDY/31',742,,18774,8,,,1,104,,18775,8,,,1,156,,18776,8,,,1,117,,18777,8,,,1,117,,18778,8,,,1,115,,18779,8,,,1,156,,18780,8,,,1,116,,18781,8,,,1,128,,18782,8,,,1
7101,'WKDY',553,,18783,8,,,1,73,,18784,8,,,1,31,,18785,8,,,1,70,,18786,8,,,1,30,,18787,8,,,1,56,,18788,8,,,1,15,,18789,8,,,1,73,,18790,8,,,1,16,,18791,8,,,1,15,,18792,8,,,1,15,,18793,8,,,1,70,,18794,8,,,1,17,,18795,8,,,1,15,,18796,8,,,1,55,,18797,8,,,1,30,,18798,8,,,1,17,,18799,8,,,1,55,,18800,8,,,1,15,,18801,8,,,1,30,,18802,8,,,1,55,,18803,8,,,1,15,,18804,8,,,1,15,,18805,8,,,1,70,,18806,8,,,1,16,,18807,8,,,1,15,,18808,8,,,1,15,,18809,8,,,1,70,,18810,8,,,1,15,,18811,8,,,1,15,,18812,8,,,1,55,,18813,8,,,1,31,,18814,8,,,1,13,,18815,8,,,1,55,,18816,8,,,1,15,,18817,8,,,1,15,,18818,8,,,1,69,,18819,8,,,1,15,,18820,8,,,1,28,,18821,8,,,1,70,,18822,8,,,1,29,,18823,8,,,1,70,,18824,8,,,1,28,,18825,8,,,1,68,,18826,8,,,1,30,,18827,8,,,1,68,,18828,8,,,1,30,,18829,8,,,1,100,,18830,8,,,1
7101,'SAT',652,,18831,8,,,1,60,,18832,8,,,1,20,,18833,8,,,1,20,,18834,8,,,1,61,,18835,8,,,1,21,,18836,8,,,1,20,,18837,8,,,1,61,,18838,8,,,1,19,,18839,8,,,1,22,,18840,8,,,1,59,,18841,8,,,1,20,,18842,8,,,1,21,,18843,8,,,1,60,,18844,8,,,1,20,,18845,8,,,1,20,,18846,8,,,1,61,,18847,8,,,1,21,,18848,8,,,1,63,,18849,8,,,1,25,,18850,8,,,1,20,,18851,8,,,1,61,,18852,8,,,1,20,,18853,8,,,1,20,,18854,8,,,1,60,,18855,8,,,1,20,,18856,8,,,1,20,,18857,8,,,1,60,,18858,8,,,1,19,,18859,8,,,1,21,,18860,8,,,1,60,,18861,8,,,1,17,,18862,8,,,1,19,,18863,8,,,1,60,,18864,8,,,1,20,,18865,8,,,1,18,,18866,8,,,1,60,,18867,8,,,1,19,,18868,8,,,1,19,,18869,8,,,1,20,,18870,8,,,1,60,,18871,8,,,1,21,,18872,8,,,1,19,,18873,8,,,1,59,,18874,8,,,1,19,,18875,8,,,1,20,,18876,8,,,1,70,,18877,8,,,1,28,,18878,8,,,1,68,,18879,8,,,1
7101,'SUN',652,,18880,8,,,1,70,,18881,8,,,1,30,,18882,8,,,1,71,,18883,8,,,1,32,,18884,8,,,1,70,,18885,8,,,1,32,,18886,8,,,1,70,,18887,8,,,1,30,,18888,8,,,1,71,,18889,8,,,1,30,,18890,8,,,1,72,,18891,8,,,1,73,,18892,8,,,1,30,,18893,8,,,1,70,,18894,8,,,1,30,,18895,8,,,1,70,,18896,8,,,1,30,,18897,8,,,1,70,,18898,8,,,1,30,,18899,8,,,1,70,,18900,8,,,1,26,,18901,8,,,1,30,,18902,8,,,1,70,,18903,8,,,1,29,,18904,8,,,1,70,,18905,8,,,1,28,,18906,8,,,1,70,,18907,8,,,1,29,,18908,8,,,1,69,,18909,8,,,1,29,,18910,8,,,1,69,,18911,8,,,1,30,,18912,8,,,1,70,,18913,8,,,1
7101,'NYE',553,,18914,8,,,1,73,,18915,8,,,1,31,,18916,8,,,1,70,,18917,8,,,1,30,,18918,8,,,1,56,,18919,8,,,1,15,,18920,8,,,1,73,,18921,8,,,1,16,,18922,8,,,1,15,,18923,8,,,1,15,,18924,8,,,1,70,,18925,8,,,1,17,,18926,8,,,1,15,,18927,8,,,1,55,,18928,8,,,1,30,,18929,8,,,1,17,,18930,8,,,1,55,,18931,8,,,1,15,,18932,8,,,1,30,,18933,8,,,1,55,,18934,8,,,1,15,,18935,8,,,1,15,,18936,8,,,1,70,,18937,8,,,1,16,,18938,8,,,1,15,,18939,8,,,1,15,,18940,8,,,1,70,,18941,8,,,1,15,,18942,8,,,1,15,,18943,8,,,1,55,,18944,8,,,1,31,,18945,8,,,1,13,,18946,8,,,1,55,,18947,8,,,1,15,,18948,8,,,1,15,,18949,8,,,1,69,,18950,8,,,1,15,,18951,8,,,1,28,,18952,8,,,1,70,,18953,8,,,1,29,,18954,8,,,1,70,,18955,8,,,1,28,,18956,8,,,1,68,,18957,8,,,1,30,,18958,8,,,1,68,,18959,8,,,1,30,,18960,8,,,1,100,,18961,8,,,1
7101,'NYE/31',742,,18962,8,,,1,104,,18963,8,,,1,156,,18964,8,,,1,117,,18965,8,,,1,117,,18966,8,,,1,115,,18967,8,,,1,156,,18968,8,,,1,116,,18969,8,,,1,128,,18970,8,,,1
