6501,'WKDY',1350,,18367,2,4,,1
6501,'NYE',1350,,18493,2,4,,1
8000,'WKDY',550,,19526,34,4,,1,70,,19527,34,4,,1,33,,19528,34,4,,1,70,,19529,34,4,,1,32,,19530,34,4,,1,70,,19531,34,4,,1,31,,19532,34,4,,1,70,,19533,34,4,,1,31,,19534,34,4,,1,70,,19535,34,4,,1,31,,19536,34,4,,1,70,,19537,34,4,,1,30,,19538,34,4,,1,70,,19539,34,4,,1,30,,19540,34,4,,1,70,,19541,34,4,,1,31,,19542,34,4,,1,70,,19543,34,4,,1,71,,19544,34,4,,1,31,,19545,34,4,,1,70,,19546,34,4,,1,30,,19547,34,4,,1,70,,19548,34,4,,1,27,,19549,34,4,,1,27,,19550,34,4,,1,69,,19551,34,4,,1,28,,19552,34,4,,1,72,,19553,34,4,,1,30,,19554,34,4,,1,69,,19555,34,4,,1,27,,19556,34,4,,1,70,,19557,34,4,,1
8000,'SAT',650,,19558,34,4,,1,100,,19559,34,4,,1,70,,19560,34,4,,1,31,,19561,34,4,,1,72,,19562,34,4,,1,30,,19563,34,4,,1,70,,19564,34,4,,1,30,,19565,34,4,,1,70,,19566,34,4,,1,32,,19567,34,4,,1,70,,19568,34,4,,1,30,,19569,34,4,,1,70,,19570,34,4,,1,30,,19571,34,4,,1,70,,19572,34,4,,1,30,,19573,34,4,,1,71,,19574,34,4,,1,30,,19575,34,4,,1,70,,19576,34,4,,1,30,,19577,34,4,,1,70,,19578,34,4,,1,29,,19579,34,4,,1,69,,19580,34,4,,1,28,,19581,34,4,,1,70,,19582,34,4,,1,30,,19583,34,4,,1,69,,19584,34,4,,1,99,,19585,34,4,,1
8000,'SUN',650,,19586,34,4,,1,100,,19587,34,4,,1,70,,19588,34,4,,1,31,,19589,34,4,,1,72,,19590,34,4,,1,30,,19591,34,4,,1,70,,19592,34,4,,1,30,,19593,34,4,,1,70,,19594,34,4,,1,32,,19595,34,4,,1,70,,19596,34,4,,1,30,,19597,34,4,,1,70,,19598,34,4,,1,30,,19599,34,4,,1,70,,19600,34,4,,1,30,,19601,34,4,,1,71,,19602,34,4,,1,30,,19603,34,4,,1,70,,19604,34,4,,1,30,,19605,34,4,,1,70,,19606,34,4,,1,29,,19607,34,4,,1,69,,19608,34,4,,1,28,,19609,34,4,,1,70,,19610,34,4,,1,30,,19611,34,4,,1,69,,19612,34,4,,1,99,,19613,34,4,,1
8000,'NYE',550,,19614,34,4,,1,70,,19615,34,4,,1,33,,19616,34,4,,1,70,,19617,34,4,,1,32,,19618,34,4,,1,70,,19619,34,4,,1,31,,19620,34,4,,1,70,,19621,34,4,,1,31,,19622,34,4,,1,70,,19623,34,4,,1,31,,19624,34,4,,1,70,,19625,34,4,,1,30,,19626,34,4,,1,70,,19627,34,4,,1,30,,19628,34,4,,1,70,,19629,34,4,,1,31,,19630,34,4,,1,70,,19631,34,4,,1,71,,19632,34,4,,1,31,,19633,34,4,,1,70,,19634,34,4,,1,30,,19635,34,4,,1,70,,19636,34,4,,1,27,,19637,34,4,,1,27,,19638,34,4,,1,69,,19639,34,4,,1,28,,19640,34,4,,1,72,,19641,34,4,,1,30,,19642,34,4,,1,69,,19643,34,4,,1,27,,19644,34,4,,1,70,,19645,34,4,,1,30,,19646,34,4,,1,70,,19647,34,4,,1,30,,19648,34,4,,1,70,,19649,34,4,,1,30,,19650,34,4,,1,70,,19651,34,4,,1,30,,19652,34,4,,1,70,,19653,34,4,,1,30,,19654,34,4,,1,70,,19655,34,4,,1,30,,19656,34,4,,1
8001,'WKDY',558,,19657,1,,,1,70,,19658,1,,,1,30,,19659,1,,,1,70,,19660,1,,,1,30,,19661,1,,,1,70,,19662,1,,,1,30,,19663,1,,,1,70,,19664,1,,,1,30,,19665,1,,,1,70,,19666,1,,,1,30,,19667,1,,,1,70,,19668,1,,,1,30,,19669,1,,,1,70,,19670,1,,,1,30,,19671,1,,,1,70,,19672,1,,,1,30,,19673,1,,,1,70,,19674,1,,,1,30,,19675,1,,,1,70,,19676,1,,,1,30,,19677,1,,,1,70,,19678,1,,,1,30,,19679,1,,,1,70,,19680,1,,,1,30,,19681,1,,,1,70,,19682,1,,,1,30,,19683,1,,,1,70,,19684,1,,,1,30,,19685,1,,,1,70,,19686,1,,,1,30,,19687,1,,,1
8001,'SAT',658,,19688,1,,,1,100,,19689,1,,,1,70,,19690,1,,,1,30,,19691,1,,,1,70,,19692,1,,,1,30,,19693,1,,,1,70,,19694,1,,,1,30,,19695,1,,,1,70,,19696,1,,,1,30,,19697,1,,,1,70,,19698,1,,,1,30,,19699,1,,,1,70,,19700,1,,,1,30,,19701,1,,,1,70,,19702,1,,,1,30,,19703,1,,,1,70,,19704,1,,,1,30,,19705,1,,,1,70,,19706,1,,,1,30,,19707,1,,,1,70,,19708,1,,,1,30,,19709,1,,,1,70,,19710,1,,,1,30,,19711,1,,,1,70,,19712,1,,,1,30,,19713,1,,,1,70,,19714,1,,,1,100,,19715,1,,,1
8001,'SUN',658,,19716,1,,,1,100,,19717,1,,,1,70,,19718,1,,,1,30,,19719,1,,,1,70,,19720,1,,,1,30,,19721,1,,,1,70,,19722,1,,,1,30,,19723,1,,,1,70,,19724,1,,,1,30,,19725,1,,,1,70,,19726,1,,,1,30,,19727,1,,,1,70,,19728,1,,,1,30,,19729,1,,,1,70,,19730,1,,,1,30,,19731,1,,,1,70,,19732,1,,,1,30,,19733,1,,,1,70,,19734,1,,,1,30,,19735,1,,,1,70,,19736,1,,,1,30,,19737,1,,,1,70,,19738,1,,,1,30,,19739,1,,,1,70,,19740,1,,,1,30,,19741,1,,,1,70,,19742,1,,,1,100,,19743,1,,,1
8001,'NYE',558,,19744,1,,,1,70,,19745,1,,,1,30,,19746,1,,,1,70,,19747,1,,,1,30,,19748,1,,,1,70,,19749,1,,,1,30,,19750,1,,,1,70,,19751,1,,,1,30,,19752,1,,,1,70,,19753,1,,,1,30,,19754,1,,,1,70,,19755,1,,,1,30,,19756,1,,,1,70,,19757,1,,,1,30,,19758,1,,,1,70,,19759,1,,,1,30,,19760,1,,,1,70,,19761,1,,,1,30,,19762,1,,,1,70,,19763,1,,,1,30,,19764,1,,,1,70,,19765,1,,,1,30,,19766,1,,,1,70,,19767,1,,,1,30,,19768,1,,,1,70,,19769,1,,,1,30,,19770,1,,,1,70,,19771,1,,,1,30,,19772,1,,,1,70,,19773,1,,,1,30,,19774,1,,,1,70,,19785,1,,,1,30,,19775,1,,,1,70,,19776,1,,,1,30,,19777,1,,,1,70,,19778,1,,,1,30,,19779,1,,,1,70,,19780,1,,,1,30,,19781,1,,,1,70,,19782,1,,,1,30,,19783,1,,,1,70,,19784,1,,,1
