900,'WKDY',624,,14502,1,,,1,97,,14503,1,,,1,102,,14504,1,,,1,100,,14505,1,,,1,98,,14506,1,,,1,99,,14507,1,,,1,100,,14508,1,,,1,100,,14509,1,,,1,102,,14510,1,,,1,100,,14511,1,,,1,101,,14512,1,,,1,100,,14513,1,,,1,104,,14514,1,,,1
900,'NYE',624,,14515,1,,,1,97,,14516,1,,,1,102,,14517,1,,,1,100,,14518,1,,,1,98,,14519,1,,,1,99,,14520,1,,,1,100,,14521,1,,,1,100,,14522,1,,,1,102,,14523,1,,,1,100,,14524,1,,,1,101,,14525,1,,,1,100,,14526,1,,,1,104,,14527,1,,,1
901,'WKDY',721,,14528,31,4,,1,102,,14529,31,4,,1,100,,14530,31,4,,1,98,,14531,31,4,,1,99,,14532,31,4,,1,100,,14533,31,4,,1,100,,14534,31,4,,1,102,,14535,31,4,,1,100,,14536,31,4,,1,101,,14537,31,4,,1,100,,14538,31,4,,1,104,,14539,31,4,,1
901,'NYE',721,,14540,31,4,,1,102,,14541,31,4,,1,100,,14542,31,4,,1,98,,14543,31,4,,1,99,,14544,31,4,,1,100,,14545,31,4,,1,100,,14546,31,4,,1,102,,14547,31,4,,1,100,,14548,31,4,,1,101,,14549,31,4,,1,100,,14550,31,4,,1,104,,14551,31,4,,1
1901,'WKDY/30',1642,,14821,9,,,1
1901,'WKDY/31',1642,,14822,9,,,1
1901,'WKDY',602,,14823,9,,,1,103,,14824,9,,,1,30,,14825,9,,,1,72,,14826,9,,,1,30,,14827,9,,,1,70,,14828,9,,,1,30,,14829,9,,,1,70,,14830,9,,,1,30,,14831,9,,,1,70,,14832,9,,,1,30,,14833,9,,,1,71,,14834,9,,,1,30,,14835,9,,,1,70,,14836,9,,,1,30,,14837,9,,,1,72,,14838,9,,,1,30,,14839,9,,,1,70,,14840,9,,,1,30,,14841,9,,,1,70,,14842,9,,,1,105,,14843,9,,,1,98,,14844,9,,,1,93,,14845,9,,,1,100,,14846,9,,,1,100,,14847,9,,,1
1901,'SAT',836,,14848,9,,,1,102,,14849,9,,,1,100,,14850,9,,,1,100,,14851,9,,,1,102,,14852,9,,,1,100,,14853,9,,,1,100,,14854,9,,,1,99,,14855,9,,,1,100,,14856,9,,,1,100,,14857,9,,,1,100,,14858,9,,,1,99,,14859,9,,,1
1901,'SUN',836,,14860,9,,,1,102,,14861,9,,,1,100,,14862,9,,,1,100,,14863,9,,,1,102,,14864,9,,,1,100,,14865,9,,,1,100,,14866,9,,,1,99,,14867,9,,,1,100,,14868,9,,,1,100,,14869,9,,,1,100,,14870,9,,,1,99,,14871,9,,,1
1901,'NYE',602,,14872,9,,,1,103,,14873,9,,,1,30,,14874,9,,,1,72,,14875,9,,,1,30,,14876,9,,,1,70,,14877,9,,,1,30,,14878,9,,,1,70,,14879,9,,,1,30,,14880,9,,,1,70,,14881,9,,,1,30,,14882,9,,,1,71,,14883,9,,,1,30,,14884,9,,,1,70,,14885,9,,,1,30,,14886,9,,,1,72,,14887,9,,,1,30,,14888,9,,,1,70,,14889,9,,,1,30,,14890,9,,,1,70,,14891,9,,,1,105,,14892,9,,,1,98,,14893,9,,,1,93,,14894,9,,,1,100,,14895,9,,,1,100,,14896,9,,,1
1901,'NYE/31',1642,,14897,9,,,1
