7100,'WKDY/30',717,,18559,5,,,1,101,,18560,5,,,1,115,,18561,5,,,1,116,,18562,5,,,1,156,,18563,5,,,1,115,,18564,5,,,1,115,,18565,5,,,1,116,,18566,5,,,1,170,,18567,5,,,1
7100,'WKDY/31',717,,18568,5,,,1,101,,18569,5,,,1,115,,18570,5,,,1,116,,18571,5,,,1,156,,18572,5,,,1,115,,18573,5,,,1,115,,18574,5,,,1,116,,18575,5,,,1,170,,18576,5,,,1
7100,'WKDY',531,,18577,5,,,1,70,,18578,5,,,1,31,,18579,5,,,1,70,,18580,5,,,1,30,,18581,5,,,1,15,,18582,5,,,1,55,,18583,5,,,1,31,,18584,5,,,1,15,,18585,5,,,1,55,,18586,5,,,1,15,,18587,5,,,1,30,,18588,5,,,1,56,,18589,5,,,1,15,,18590,5,,,1,15,,18591,5,,,1,70,,18592,5,,,1,16,,18593,5,,,1,15,,18594,5,,,1,15,,18595,5,,,1,70,,18596,5,,,1,15,,18597,5,,,1,15,,18598,5,,,1,55,,18599,5,,,1,30,,18600,5,,,1,15,,18601,5,,,1,55,,18602,5,,,1,15,,18603,5,,,1,30,,18604,5,,,1,55,,18605,5,,,1,15,,18606,5,,,1,15,,18607,5,,,1,71,,18608,5,,,1,15,,18609,5,,,1,15,,18610,5,,,1,15,,18611,5,,,1,55,,18612,5,,,1,30,,18613,5,,,1,15,,18614,5,,,1,68,,18615,5,,,1,30,,18616,5,,,1,70,,18617,5,,,1,30,,18618,5,,,1,69,,18619,5,,,1,30,,18620,5,,,1,70,,18621,5,,,1,29,,18622,5,,,1,70,,18623,5,,,1,100,,18624,5,,,1
7100,'SAT',627,,18625,5,,,1,20,,18626,5,,,1,60,,18627,5,,,1,20,,18628,5,,,1,21,,18629,5,,,1,61,,18630,5,,,1,20,,18631,5,,,1,20,,18632,5,,,1,58,,18633,5,,,1,21,,18634,5,,,1,19,,18635,5,,,1,59,,18636,5,,,1,20,,18637,5,,,1,20,,18638,5,,,1,60,,18639,5,,,1,20,,18640,5,,,1,21,,18641,5,,,1,61,,18642,5,,,1,21,,18643,5,,,1,23,,18644,5,,,1,60,,18645,5,,,1,21,,18646,5,,,1,20,,18647,5,,,1,60,,18648,5,,,1,20,,18649,5,,,1,20,,18650,5,,,1,61,,18651,5,,,1,20,,18652,5,,,1,20,,18653,5,,,1,61,,18654,5,,,1,20,,18655,5,,,1,19,,18656,5,,,1,59,,18657,5,,,1,20,,18658,5,,,1,20,,18659,5,,,1,58,,18660,5,,,1,20,,18661,5,,,1,20,,18662,5,,,1,61,,18663,5,,,1,20,,18664,5,,,1,20,,18665,5,,,1,61,,18666,5,,,1,20,,18667,5,,,1,19,,18668,5,,,1,60,,18669,5,,,1,20,,18670,5,,,1,70,,18671,5,,,1,30,,18672,5,,,1,68,,18673,5,,,1
7100,'SUN',627,,18674,5,,,1,30,,18675,5,,,1,70,,18676,5,,,1,30,,18677,5,,,1,72,,18678,5,,,1,30,,18679,5,,,1,70,,18680,5,,,1,30,,18681,5,,,1,70,,18682,5,,,1,30,,18683,5,,,1,70,,18684,5,,,1,30,,18685,5,,,1,72,,18686,5,,,1,70,,18687,5,,,1,30,,18688,5,,,1,70,,18689,5,,,1,30,,18690,5,,,1,70,,18691,5,,,1,30,,18692,5,,,1,70,,18693,5,,,1,30,,18694,5,,,1,28,,18695,5,,,1,70,,18696,5,,,1,30,,18697,5,,,1,70,,18698,5,,,1,30,,18699,5,,,1,70,,18700,5,,,1,30,,18701,5,,,1,70,,18702,5,,,1,30,,18703,5,,,1,70,,18704,5,,,1,29,,18705,5,,,1,70,,18706,5,,,1,30,,18707,5,,,1
7100,'NYE',531,,18708,5,,,1,70,,18709,5,,,1,31,,18710,5,,,1,70,,18711,5,,,1,30,,18712,5,,,1,15,,18713,5,,,1,55,,18714,5,,,1,31,,18715,5,,,1,15,,18716,5,,,1,55,,18717,5,,,1,15,,18718,5,,,1,30,,18719,5,,,1,56,,18720,5,,,1,15,,18721,5,,,1,15,,18722,5,,,1,70,,18723,5,,,1,16,,18724,5,,,1,15,,18725,5,,,1,15,,18726,5,,,1,70,,18727,5,,,1,15,,18728,5,,,1,15,,18729,5,,,1,55,,18730,5,,,1,30,,18731,5,,,1,15,,18732,5,,,1,55,,18733,5,,,1,15,,18734,5,,,1,30,,18735,5,,,1,55,,18736,5,,,1,15,,18737,5,,,1,15,,18738,5,,,1,71,,18739,5,,,1,15,,18740,5,,,1,15,,18741,5,,,1,15,,18742,5,,,1,55,,18743,5,,,1,30,,18744,5,,,1,15,,18745,5,,,1,68,,18746,5,,,1,30,,18747,5,,,1,70,,18748,5,,,1,30,,18749,5,,,1,69,,18750,5,,,1,30,,18751,5,,,1,70,,18752,5,,,1,29,,18753,5,,,1,70,,18754,5,,,1,100,,18755,5,,,1
7100,'NYE/31',717,,18756,5,,,1,101,,18757,5,,,1,115,,18758,5,,,1,116,,18759,5,,,1,156,,18760,5,,,1,115,,18761,5,,,1,115,,18762,5,,,1,116,,18763,5,,,1,170,,18764,5,,,1
7800,'WKDY/30',1016,,19354,5,,,1,301,,19355,5,,,1
7800,'WKDY/31',1016,,19356,5,,,1,301,,19357,5,,,1
7800,'WKDY',443,,19358,5,,,1,102,,19359,5,,,1,70,,19360,5,,,1,30,,19361,5,,,1,70,,19362,5,,,1,31,,19363,5,,,1,70,,19364,5,,,1,30,,19365,5,,,1,70,,19366,5,,,1,30,,19367,5,,,1,100,,19368,5,,,1,71,,19369,5,,,1,30,,19370,5,,,1,70,,19371,5,,,1,30,,19372,5,,,1,100,,19373,5,,,1,70,,19374,5,,,1,30,,19375,5,,,1,70,,19376,5,,,1,30,,19377,5,,,1,70,,19378,5,,,1,30,,19379,5,,,1,70,,19380,5,,,1,32,,19381,5,,,1,100,,19382,5,,,1,98,,19383,5,,,1,100,,19384,5,,,1,99,,19385,5,,,1
7800,'SAT',746,,19386,5,,,1,101,,19387,5,,,1,100,,19388,5,,,1,100,,19389,5,,,1,100,,19390,5,,,1,100,,19391,5,,,1,100,,19392,5,,,1,100,,19393,5,,,1,100,,19394,5,,,1,100,,19395,5,,,1,100,,19396,5,,,1,100,,19397,5,,,1,99,,19398,5,,,1
7800,'SUN',746,,19399,5,,,1,101,,19400,5,,,1,100,,19401,5,,,1,100,,19402,5,,,1,100,,19403,5,,,1,100,,19404,5,,,1,100,,19405,5,,,1,100,,19406,5,,,1,100,,19407,5,,,1,95,,19408,5,,,1,105,,19409,5,,,1,100,,19410,5,,,1,104,,19411,5,,,1
7800,'NYE',443,,19412,5,,,1,102,,19413,5,,,1,70,,19414,5,,,1,30,,19415,5,,,1,70,,19416,5,,,1,31,,19417,5,,,1,70,,19418,5,,,1,30,,19419,5,,,1,70,,19420,5,,,1,30,,19421,5,,,1,100,,19422,5,,,1,71,,19423,5,,,1,30,,19424,5,,,1,70,,19425,5,,,1,30,,19426,5,,,1,100,,19427,5,,,1,70,,19428,5,,,1,30,,19429,5,,,1,70,,19430,5,,,1,30,,19431,5,,,1,70,,19432,5,,,1,30,,19433,5,,,1,70,,19434,5,,,1,32,,19435,5,,,1,100,,19436,5,,,1,98,,19437,5,,,1,100,,19438,5,,,1,99,,19439,5,,,1
7800,'NYE/31',1016,,19440,5,,,1,301,,19441,5,,,1
