200,'WKDY',647,,14000,2,,,1,100,,14001,2,,,1,100,,14002,2,,,1,100,,14003,2,,,1,100,,14004,2,,,1,100,,14005,2,,,1,100,,14006,2,,,1,100,,14007,2,,,1,102,,14008,2,,,1,101,,14009,2,,,1,97,,14010,2,,,1,101,,14011,2,,,1,97,,14012,2,,,1
200,'NYE',647,,14013,2,,,1,100,,14014,2,,,1,100,,14015,2,,,1,100,,14016,2,,,1,100,,14017,2,,,1,100,,14018,2,,,1,100,,14019,2,,,1,100,,14020,2,,,1,102,,14021,2,,,1,101,,14022,2,,,1,97,,14023,2,,,1,101,,14024,2,,,1,97,,14025,2,,,1
3001,'WKDY',554,,15167,2,,,1,70,,15168,2,,,1,21,,15169,2,,,1,72,,15170,2,,,1,33,,15171,2,,,1,71,,15172,2,,,1,29,,15173,2,,,1,71,,15174,2,,,1,29,,15175,2,,,1,71,,15176,2,,,1,29,,15177,2,,,1,70,,15178,2,,,1,30,,15179,2,,,1,70,,15180,2,,,1,29,,15181,2,,,1,72,,15182,2,,,1,30,,15183,2,,,1,70,,15184,2,,,1,31,,15185,2,,,1,73,,15186,2,,,1,30,,15187,2,,,1,69,,15188,2,,,1,29,,15189,2,,,1,70,,15190,2,,,1,30,,15191,2,,,1,68,,15192,2,,,1,29,,15193,2,,,1,68,,15194,2,,,1,27,,15195,2,,,1,70,,15196,2,,,1,27,,15197,2,,,1,100,,15198,2,,,1
3001,'SAT',639,,15199,2,,,1,100,,15200,2,,,1,70,,15201,2,,,1,32,,15202,2,,,1,71,,15203,2,,,1,31,,15204,2,,,1,70,,15205,2,,,1,31,,15206,2,,,1,70,,15207,2,,,1,33,,15208,2,,,1,71,,15209,2,,,1,31,,15210,2,,,1,70,,15211,2,,,1,29,,15212,2,,,1,71,,15213,2,,,1,30,,15214,2,,,1,69,,15215,2,,,1,30,,15216,2,,,1,72,,15217,2,,,1,28,,15218,2,,,1,70,,15219,2,,,1,28,,15220,2,,,1,100,,15221,2,,,1,98,,15222,2,,,1,100,,15223,2,,,1
3001,'SUN',640,,15224,2,,,1,100,,15225,2,,,1,104,,15226,2,,,1,100,,15227,2,,,1,102,,15228,2,,,1,100,,15229,2,,,1,101,,15230,2,,,1,101,,15231,2,,,1,100,,15232,2,,,1,99,,15233,2,,,1,100,,15234,2,,,1,99,,15235,2,,,1,99,,15236,2,,,1,99,,15237,2,,,1,100,,15238,2,,,1
3001,'NYE',554,,15240,2,,,1,70,,15241,2,,,1,21,,15242,2,,,1,72,,15243,2,,,1,33,,15244,2,,,1,71,,15245,2,,,1,29,,15246,2,,,1,71,,15247,2,,,1,29,,15248,2,,,1,71,,15249,2,,,1,29,,15250,2,,,1,70,,15251,2,,,1,30,,15252,2,,,1,70,,15253,2,,,1,29,,15254,2,,,1,72,,15255,2,,,1,30,,15256,2,,,1,70,,15257,2,,,1,31,,15258,2,,,1,73,,15259,2,,,1,30,,15260,2,,,1,69,,15261,2,,,1,29,,15262,2,,,1,70,,15263,2,,,1,30,,15264,2,,,1,68,,15265,2,,,1,29,,15266,2,,,1,68,,15267,2,,,1,27,,15268,2,,,1,70,,15269,2,,,1,27,,15270,2,,,1,100,,15271,2,,,1
3100,'WKDY/30',741,,15272,2,,,1,202,,15273,2,,,1,200,,15274,2,,,1,201,,15275,2,,,1,202,,15276,2,,,1,198,,15277,2,,,1
3100,'WKDY/31',741,,15278,2,,,1,202,,15279,2,,,1,200,,15280,2,,,1,201,,15281,2,,,1,202,,15282,2,,,1,198,,15283,2,,,1
3100,'WKDY',539,,15284,2,,,1,71,,15285,2,,,1,30,,15286,2,,,1,71,,15287,2,,,1,102,,15288,2,,,1,30,,15289,2,,,1,70,,15290,2,,,1,100,,15291,2,,,1,30,,15292,2,,,1,70,,15293,2,,,1,101,,15294,2,,,1,30,,15295,2,,,1,70,,15296,2,,,1,100,,15297,2,,,1,32,,15298,2,,,1,70,,15299,2,,,1,99,,15300,2,,,1,30,,15301,2,,,1,69,,15302,2,,,1,99,,15303,2,,,1,30,,15304,2,,,1,69,,15305,2,,,1,100,,15306,2,,,1,100,,15307,2,,,1
3100,'SAT',848,,15308,2,,,1,80,,15309,2,,,1,80,,15310,2,,,1,40,,15311,2,,,1,81,,15312,2,,,1,80,,15313,2,,,1,40,,15314,2,,,1,80,,15315,2,,,1,80,,15316,2,,,1,40,,15317,2,,,1,80,,15318,2,,,1,80,,15319,2,,,1,40,,15320,2,,,1,80,,15321,2,,,1,79,,15322,2,,,1,40,,15323,2,,,1,80,,15324,2,,,1,80,,15325,2,,,1
3100,'SUN',846,,15326,2,,,1,100,,15327,2,,,1,101,,15328,2,,,1,100,,15329,2,,,1,100,,15330,2,,,1,100,,15331,2,,,1,100,,15332,2,,,1,100,,15333,2,,,1,100,,15334,2,,,1,100,,15335,2,,,1,99,,15336,2,,,1,100,,15337,2,,,1
3100,'NYE',539,,15338,2,,,1,71,,15339,2,,,1,30,,15340,2,,,1,71,,15341,2,,,1,102,,15342,2,,,1,30,,15343,2,,,1,70,,15344,2,,,1,100,,15345,2,,,1,30,,15346,2,,,1,70,,15347,2,,,1,101,,15348,2,,,1,30,,15349,2,,,1,70,,15350,2,,,1,100,,15351,2,,,1,32,,15352,2,,,1,70,,15353,2,,,1,99,,15354,2,,,1,30,,15355,2,,,1,69,,15356,2,,,1,99,,15357,2,,,1,30,,15358,2,,,1,69,,15359,2,,,1,100,,15360,2,,,1,100,,15361,2,,,1
3100,'NYE/31',741,,15362,2,,,1,202,,15363,2,,,1,200,,15364,2,,,1,201,,15365,2,,,1,202,,15366,2,,,1,198,,15367,2,,,1
7101,'WKDY/30',739,,18765,5,,,1,104,,18766,5,,,1,116,,18767,5,,,1,157,,18768,5,,,1,117,,18769,5,,,1,115,,18770,5,,,1,156,,18771,5,,,1,116,,18772,5,,,1,128,,18773,5,,,1
7101,'WKDY/31',739,,18774,5,,,1,104,,18775,5,,,1,116,,18776,5,,,1,157,,18777,5,,,1,117,,18778,5,,,1,115,,18779,5,,,1,156,,18780,5,,,1,116,,18781,5,,,1,128,,18782,5,,,1
7101,'WKDY',550,,18783,5,,,1,73,,18784,5,,,1,31,,18785,5,,,1,70,,18786,5,,,1,30,,18787,5,,,1,56,,18788,5,,,1,15,,18789,5,,,1,33,,18790,5,,,1,56,,18791,5,,,1,15,,18792,5,,,1,15,,18793,5,,,1,70,,18794,5,,,1,17,,18795,5,,,1,15,,18796,5,,,1,55,,18797,5,,,1,30,,18798,5,,,1,17,,18799,5,,,1,55,,18800,5,,,1,15,,18801,5,,,1,30,,18802,5,,,1,55,,18803,5,,,1,15,,18804,5,,,1,15,,18805,5,,,1,70,,18806,5,,,1,16,,18807,5,,,1,15,,18808,5,,,1,15,,18809,5,,,1,70,,18810,5,,,1,15,,18811,5,,,1,15,,18812,5,,,1,55,,18813,5,,,1,31,,18814,5,,,1,13,,18815,5,,,1,55,,18816,5,,,1,15,,18817,5,,,1,15,,18818,5,,,1,69,,18819,5,,,1,15,,18820,5,,,1,28,,18821,5,,,1,70,,18822,5,,,1,29,,18823,5,,,1,70,,18824,5,,,1,28,,18825,5,,,1,68,,18826,5,,,1,30,,18827,5,,,1,68,,18828,5,,,1,30,,18829,5,,,1,100,,18830,5,,,1
7101,'SAT',649,,18831,5,,,1,60,,18832,5,,,1,20,,18833,5,,,1,20,,18834,5,,,1,61,,18835,5,,,1,21,,18836,5,,,1,20,,18837,5,,,1,61,,18838,5,,,1,19,,18839,5,,,1,22,,18840,5,,,1,59,,18841,5,,,1,20,,18842,5,,,1,21,,18843,5,,,1,60,,18844,5,,,1,20,,18845,5,,,1,20,,18846,5,,,1,61,,18847,5,,,1,21,,18848,5,,,1,23,,18849,5,,,1,65,,18850,5,,,1,20,,18851,5,,,1,61,,18852,5,,,1,20,,18853,5,,,1,20,,18854,5,,,1,60,,18855,5,,,1,20,,18856,5,,,1,20,,18857,5,,,1,60,,18858,5,,,1,19,,18859,5,,,1,21,,18860,5,,,1,60,,18861,5,,,1,17,,18862,5,,,1,19,,18863,5,,,1,60,,18864,5,,,1,20,,18865,5,,,1,18,,18866,5,,,1,20,,18867,5,,,1,59,,18868,5,,,1,19,,18869,5,,,1,20,,18870,5,,,1,60,,18871,5,,,1,21,,18872,5,,,1,19,,18873,5,,,1,59,,18874,5,,,1,19,,18875,5,,,1,20,,18876,5,,,1,70,,18877,5,,,1,28,,18878,5,,,1,68,,18879,5,,,1
7101,'SUN',649,,18880,5,,,1,70,,18881,5,,,1,30,,18882,5,,,1,71,,18883,5,,,1,32,,18884,5,,,1,70,,18885,5,,,1,32,,18886,5,,,1,70,,18887,5,,,1,30,,18888,5,,,1,71,,18889,5,,,1,30,,18890,5,,,1,72,,18891,5,,,1,73,,18892,5,,,1,30,,18893,5,,,1,70,,18894,5,,,1,30,,18895,5,,,1,70,,18896,5,,,1,30,,18897,5,,,1,70,,18898,5,,,1,30,,18899,5,,,1,70,,18900,5,,,1,26,,18901,5,,,1,30,,18902,5,,,1,70,,18903,5,,,1,29,,18904,5,,,1,70,,18905,5,,,1,28,,18906,5,,,1,70,,18907,5,,,1,29,,18908,5,,,1,69,,18909,5,,,1,29,,18910,5,,,1,69,,18911,5,,,1,30,,18912,5,,,1,70,,18913,5,,,1
7101,'NYE',550,,18914,5,,,1,73,,18915,5,,,1,31,,18916,5,,,1,70,,18917,5,,,1,30,,18918,5,,,1,56,,18919,5,,,1,15,,18920,5,,,1,33,,18921,5,,,1,56,,18922,5,,,1,15,,18923,5,,,1,15,,18924,5,,,1,70,,18925,5,,,1,17,,18926,5,,,1,15,,18927,5,,,1,55,,18928,5,,,1,30,,18929,5,,,1,17,,18930,5,,,1,55,,18931,5,,,1,15,,18932,5,,,1,30,,18933,5,,,1,55,,18934,5,,,1,15,,18935,5,,,1,15,,18936,5,,,1,70,,18937,5,,,1,16,,18938,5,,,1,15,,18939,5,,,1,15,,18940,5,,,1,70,,18941,5,,,1,15,,18942,5,,,1,15,,18943,5,,,1,55,,18944,5,,,1,31,,18945,5,,,1,13,,18946,5,,,1,55,,18947,5,,,1,15,,18948,5,,,1,15,,18949,5,,,1,69,,18950,5,,,1,15,,18951,5,,,1,28,,18952,5,,,1,70,,18953,5,,,1,29,,18954,5,,,1,70,,18955,5,,,1,28,,18956,5,,,1,68,,18957,5,,,1,30,,18958,5,,,1,68,,18959,5,,,1,30,,18960,5,,,1,100,,18961,5,,,1
7101,'NYE/31',739,,18962,5,,,1,104,,18963,5,,,1,116,,18964,5,,,1,157,,18965,5,,,1,117,,18966,5,,,1,115,,18967,5,,,1,156,,18968,5,,,1,116,,18969,5,,,1,128,,18970,5,,,1
10500,'WKDY/31',557,,19970,6,,,1,82,,19971,6,,,1,87,,19972,6,,,1,90,,19973,6,,,1,43,,19974,6,,,1,87,,19975,6,,,1,65,,19976,6,,,1,102,,19977,6,,,1,97,,19978,6,,,1,111,,19979,9,,,1,100,,19980,9,,,1,106,,19981,9,,,1,104,,19982,9,,,1,77,,19983,9,,,1,40,,19984,9,,,1,76,,19985,9,,,1,27,,19986,9,,,1,65,,19987,9,,,1,91,,19988,9,,,1,100,,19989,9,,,1
10500,'NYE/31',557,,19990,6,,,1,82,,19991,6,,,1,87,,19992,6,,,1,90,,19993,6,,,1,43,,19994,6,,,1,87,,19995,6,,,1,65,,19996,6,,,1,102,,19997,6,,,1,97,,19998,6,,,1,111,,19999,9,,,1,100,,20000,9,,,1,106,,20001,9,,,1,104,,20002,9,,,1,77,,20003,9,,,1,40,,20004,9,,,1,76,,20005,9,,,1,27,,20006,9,,,1,65,,20007,9,,,1,91,,20008,9,,,1,100,,20009,9,,,1
50000,'WKDY/30',514,,20223,5,,,1,25,,20224,5,,,1,101,,20225,5,,,1,75,,20226,5,,,1,30,,20227,5,,,1,65,,20228,5,,,1,30,,20229,5,,,1,87,,20230,5,,,1,100,,20231,5,,,1,101,,20232,5,,,1,100,,20233,5,,,1,100,,20234,5,,,1,102,,20235,5,,,1,100,,20236,5,,,1,85,,20237,5,,,1,30,,20238,5,,,1,85,,20239,5,,,1,29,,20240,5,,,1,68,,20241,5,,,1,99,,20242,5,,,1,98,,20243,5,,,1
