2501,'WKDY',545,,14980,12,,,1,70,,14981,12,,,1,30,,14982,12,,,1,71,,14983,12,,,1,30,,14984,12,,,1,70,,14985,12,,,1,31,,14986,12,,,1,70,,14987,12,,,1,29,,14988,12,,,1,70,,14989,12,,,1,30,,14990,12,,,1,70,,14991,12,,,1,31,,14992,12,,,1,70,,14993,12,,,1,30,,14994,12,,,1,70,,14995,12,,,1,30,,14996,12,,,1,70,,14997,12,,,1,31,,14998,12,,,1,70,,14999,12,,,1,30,,15000,12,,,1,70,,15001,12,,,1,30,,15002,12,,,1,70,,15003,12,,,1,29,,15004,12,,,1,70,,15005,12,,,1,93,,15006,12,,,1,106,,15007,12,,,1
2501,'SAT',716,,15008,12,,,1,101,,15009,12,,,1,100,,15010,12,,,1,100,,15011,12,,,1,100,,15012,12,,,1,102,,15013,12,,,1,100,,15014,12,,,1,100,,15015,12,,,1,100,,15016,12,,,1,100,,15017,12,,,1,98,,15018,12,,,1,100,,15019,12,,,1,99,,15020,12,,,1
2501,'SUN',716,,15021,12,,,1,101,,15022,12,,,1,100,,15023,12,,,1,100,,15024,12,,,1,100,,15025,12,,,1,102,,15026,12,,,1,100,,15027,12,,,1,100,,15028,12,,,1,100,,15029,12,,,1,100,,15030,12,,,1,98,,15031,12,,,1,100,,15032,12,,,1,99,,15033,12,,,1
2501,'NYE',545,,15034,12,,,1,70,,15035,12,,,1,30,,15036,12,,,1,71,,15037,12,,,1,30,,15038,12,,,1,70,,15039,12,,,1,31,,15040,12,,,1,70,,15041,12,,,1,29,,15042,12,,,1,70,,15043,12,,,1,30,,15044,12,,,1,70,,15045,12,,,1,31,,15046,12,,,1,70,,15047,12,,,1,30,,15048,12,,,1,70,,15049,12,,,1,30,,15050,12,,,1,70,,15051,12,,,1,31,,15052,12,,,1,70,,15053,12,,,1,30,,15054,12,,,1,70,,15055,12,,,1,30,,15056,12,,,1,70,,15057,12,,,1,29,,15058,12,,,1,70,,15059,12,,,1,93,,15060,12,,,1,106,,15061,12,,,1
7801,'WKDY/30',1058,,19442,15,,,1,344,,19443,15,,,1
7801,'WKDY/31',1058,,19444,15,,,1,344,,19445,15,,,1
7801,'WKDY',529,,19446,15,,,1,96,,19447,15,,,1,31,,19448,15,,,1,71,,19449,15,,,1,30,,19450,15,,,1,70,,19451,15,,,1,30,,19452,15,,,1,70,,19453,15,,,1,30,,19454,15,,,1,70,,19455,15,,,1,101,,19456,15,,,1,72,,19457,15,,,1,30,,19458,15,,,1,71,,19459,15,,,1,30,,19460,15,,,1,101,,19461,15,,,1,71,,19462,15,,,1,30,,19463,15,,,1,71,,19464,15,,,1,30,,19465,15,,,1,71,,19466,15,,,1,29,,19467,15,,,1,69,,19468,15,,,1,32,,19469,15,,,1,98,,19470,15,,,1,94,,19471,15,,,1,100,,19472,15,,,1
7801,'SAT',826,,19473,15,,,1,103,,19474,15,,,1,100,,19475,15,,,1,102,,19476,15,,,1,100,,19477,15,,,1,102,,19478,15,,,1,100,,19479,15,,,1,100,,19480,15,,,1,99,,19481,15,,,1,100,,19482,15,,,1,100,,19483,15,,,1,96,,19484,15,,,1
7801,'SUN',826,,19485,15,,,1,103,,19486,15,,,1,100,,19487,15,,,1,102,,19488,15,,,1,100,,19489,15,,,1,102,,19490,15,,,1,100,,19491,15,,,1,100,,19492,15,,,1,99,,19493,15,,,1,95,,19494,15,,,1,105,,19495,15,,,1,96,,19496,15,,,1
7801,'NYE',529,,19497,15,,,1,96,,19498,15,,,1,31,,19499,15,,,1,71,,19500,15,,,1,30,,19501,15,,,1,70,,19502,15,,,1,30,,19503,15,,,1,70,,19504,15,,,1,30,,19505,15,,,1,70,,19506,15,,,1,101,,19507,15,,,1,72,,19508,15,,,1,30,,19509,15,,,1,71,,19510,15,,,1,30,,19511,15,,,1,101,,19512,15,,,1,71,,19513,15,,,1,30,,19514,15,,,1,71,,19515,15,,,1,30,,19516,15,,,1,71,,19517,15,,,1,29,,19518,15,,,1,69,,19519,15,,,1,32,,19520,15,,,1,98,,19521,15,,,1,94,,19522,15,,,1,100,,19523,15,,,1
7801,'NYE/31',1058,,19524,15,,,1,344,,19525,15,,,1
