701,'WKDY/30',645,,14405,2,,,1,173,,14406,2,,,1,130,,14407,2,,,1,170,,14408,2,,,1,130,,14409,2,,,1,170,,14410,2,,,1,130,,14411,2,,,1,170,,14412,2,,,1,130,,14413,2,,,1
701,'WKDY/31',645,,14414,2,,,1,173,,14415,2,,,1,130,,14416,2,,,1,170,,14417,2,,,1,130,,14418,2,,,1,170,,14419,2,,,1,130,,14420,2,,,1,170,,14421,2,,,1,130,,14422,2,,,1
701,'WKDY',544,,14423,2,,,1,170,,14424,2,,,1,34,,14425,2,,,1,100,,14426,2,,,1,70,,14427,2,,,1,100,,14428,2,,,1,30,,14429,2,,,1,100,,14430,2,,,1,70,,14431,2,,,1,100,,14432,2,,,1,30,,14433,2,,,1,100,,14434,2,,,1,70,,14435,2,,,1,100,,14436,2,,,1,30,,14437,2,,,1,100,,14438,2,,,1,70,,14439,2,,,1,100,,14440,2,,,1,100,,14441,2,,,1,99,,14442,2,,,1
701,'SAT',647,,14443,2,,,1,100,,14444,2,,,1,100,,14445,2,,,1,100,,14446,2,,,1,101,,14447,2,,,1,100,,14448,2,,,1,100,,14449,2,,,1,100,,14450,2,,,1,100,,14451,2,,,1,100,,14452,2,,,1,100,,14453,2,,,1,100,,14454,2,,,1,100,,14455,2,,,1,100,,14456,2,,,1,100,,14457,2,,,1
701,'SUN',647,,14458,2,,,1,100,,14459,2,,,1,100,,14460,2,,,1,100,,14461,2,,,1,101,,14462,2,,,1,100,,14463,2,,,1,100,,14464,2,,,1,100,,14465,2,,,1,100,,14466,2,,,1,100,,14467,2,,,1,100,,14468,2,,,1,100,,14469,2,,,1,100,,14470,2,,,1,100,,14471,2,,,1,100,,14472,2,,,1
701,'NYE',544,,14473,2,,,1,170,,14474,2,,,1,34,,14475,2,,,1,100,,14476,2,,,1,70,,14477,2,,,1,100,,14478,2,,,1,30,,14479,2,,,1,100,,14480,2,,,1,70,,14481,2,,,1,100,,14482,2,,,1,30,,14483,2,,,1,100,,14484,2,,,1,70,,14485,2,,,1,100,,14486,2,,,1,30,,14487,2,,,1,100,,14488,2,,,1,70,,14489,2,,,1,100,,14490,2,,,1,100,,14491,2,,,1,99,,14492,2,,,1
701,'NYE/31',645,,14493,2,,,1,173,,14494,2,,,1,130,,14495,2,,,1,170,,14496,2,,,1,130,,14497,2,,,1,170,,14498,2,,,1,130,,14499,2,,,1,170,,14500,2,,,1,130,,14501,2,,,1
1201,'WKDY',524,,14648,2,,,1,30,,14649,2,,,1,70,,14650,2,,,1,30,,14651,2,,,1,70,,14652,2,,,1,30,,14653,2,,,1,70,,14654,2,,,1,30,,14655,2,,,1,70,,14656,2,,,1,30,,14657,2,,,1,70,,14658,2,,,1,30,,14659,2,,,1,70,,14660,2,,,1,30,,14661,2,,,1,70,,14662,2,,,1,30,,14663,2,,,1,70,,14664,2,,,1,30,,14665,2,,,1,70,,14666,2,,,1,30,,14667,2,,,1,70,,14668,2,,,1,30,,14669,2,,,1,70,,14670,2,,,1,30,,14671,2,,,1,70,,14672,2,,,1,30,,14673,2,,,1,70,,14674,2,,,1,30,,14675,2,,,1,70,,14676,2,,,1,30,,14677,2,,,1,70,,14678,2,,,1,30,,14679,2,,,1
1201,'SAT',616,,14680,2,,,1,100,,14681,2,,,1,100,,14682,2,,,1,100,,14683,2,,,1,100,,14684,2,,,1,100,,14685,2,,,1,100,,14686,2,,,1,100,,14687,2,,,1,101,,14688,2,,,1,100,,14689,2,,,1,100,,14690,2,,,1,99,,14691,2,,,1,100,,14692,2,,,1,100,,14693,2,,,1,100,,14694,2,,,1,100,,14695,2,,,1
1201,'SUN',616,,14696,2,,,1,100,,14697,2,,,1,100,,14698,2,,,1,100,,14699,2,,,1,100,,14700,2,,,1,100,,14701,2,,,1,100,,14702,2,,,1,100,,14703,2,,,1,101,,14704,2,,,1,100,,14705,2,,,1,100,,14706,2,,,1,99,,14707,2,,,1,100,,14708,2,,,1,100,,14709,2,,,1,100,,14710,2,,,1,100,,14711,2,,,1
1201,'NYE',524,,14712,2,,,1,30,,14713,2,,,1,70,,14714,2,,,1,30,,14715,2,,,1,70,,14716,2,,,1,30,,14717,2,,,1,70,,14718,2,,,1,30,,14719,2,,,1,70,,14720,2,,,1,30,,14721,2,,,1,70,,14722,2,,,1,30,,14723,2,,,1,70,,14724,2,,,1,30,,14725,2,,,1,70,,14726,2,,,1,30,,14727,2,,,1,70,,14728,2,,,1,30,,14729,2,,,1,70,,14730,2,,,1,30,,14731,2,,,1,70,,14732,2,,,1,30,,14733,2,,,1,70,,14734,2,,,1,30,,14735,2,,,1,70,,14736,2,,,1,30,,14737,2,,,1,70,,14738,2,,,1,30,,14739,2,,,1,70,,14740,2,,,1,30,,14741,2,,,1,70,,14742,2,,,1,30,,14743,2,,,1
7201,'WKDY/30',820,,19062,2,,,1,230,,19063,2,,,1,270,,19064,2,,,1,230,,19065,2,,,1,270,,19066,2,,,1
7201,'WKDY/31',820,,19067,2,,,1,230,,19068,2,,,1,270,,19069,2,,,1,230,,19070,2,,,1,270,,19071,2,,,1
7201,'WKDY',501,,19072,2,,,1,49,,19073,2,,,1,70,,19074,2,,,1,30,,19075,2,,,1,70,,19076,2,,,1,30,,19077,2,,,1,100,,19078,2,,,1,70,,19079,2,,,1,30,,19080,2,,,1,70,,19081,2,,,1,100,,19082,2,,,1,30,,19083,2,,,1,70,,19084,2,,,1,30,,19085,2,,,1,100,,19086,2,,,1,70,,19087,2,,,1,30,,19088,2,,,1,70,,19089,2,,,1,100,,19090,2,,,1,30,,19091,2,,,1,70,,19092,2,,,1,30,,19093,2,,,1,100,,19094,2,,,1,100,,19095,2,,,1,151,,19096,2,,,1
7201,'SAT',722,,19097,2,,,1,100,,19098,2,,,1,100,,19099,2,,,1,100,,19100,2,,,1,100,,19101,2,,,1,100,,19102,2,,,1,100,,19103,2,,,1,100,,19104,2,,,1,100,,19105,2,,,1,100,,19106,2,,,1,100,,19107,2,,,1,100,,19108,2,,,1,100,,19109,2,,,1
7201,'SUN',722,,19110,2,,,1,100,,19111,2,,,1,100,,19112,2,,,1,100,,19113,2,,,1,100,,19114,2,,,1,100,,19115,2,,,1,100,,19116,2,,,1,100,,19117,2,,,1,100,,19118,2,,,1,100,,19119,2,,,1,100,,19120,2,,,1,100,,19121,2,,,1,100,,19122,2,,,1
7201,'NYE',501,,19123,2,,,1,49,,19124,2,,,1,70,,19125,2,,,1,30,,19126,2,,,1,70,,19127,2,,,1,30,,19128,2,,,1,100,,19129,2,,,1,70,,19130,2,,,1,30,,19131,2,,,1,70,,19132,2,,,1,100,,19133,2,,,1,30,,19134,2,,,1,70,,19135,2,,,1,30,,19136,2,,,1,100,,19137,2,,,1,70,,19138,2,,,1,30,,19139,2,,,1,70,,19140,2,,,1,100,,19141,2,,,1,30,,19142,2,,,1,70,,19143,2,,,1,30,,19144,2,,,1,100,,19145,2,,,1,100,,19146,2,,,1,151,,19147,2,,,1
7201,'NYE/31',820,,19148,2,,,1,230,,19149,2,,,1,270,,19150,2,,,1,230,,19151,2,,,1,270,,19152,2,,,1
7400,'WKDY/30',915,,19153,2,,,1,231,,19154,2,,,1,270,,19155,2,,,1,230,,19156,2,,,1,270,,19157,2,,,1,99,,19158,2,,,1,100,,19159,2,,,1
7400,'WKDY/31',915,,19160,2,,,1,231,,19161,2,,,1,270,,19162,2,,,1,230,,19163,2,,,1,270,,19164,2,,,1,99,,19165,2,,,1,100,,19166,2,,,1
7400,'WKDY',445,,19167,2,,,1,101,,19168,2,,,1,69,,19169,2,,,1,31,,19170,2,,,1,69,,19171,2,,,1,30,,19172,2,,,1,70,,19173,2,,,1,30,,19174,2,,,1,100,,19175,2,,,1,71,,19176,2,,,1,30,,19177,2,,,1,70,,19178,2,,,1,100,,19179,2,,,1,30,,19180,2,,,1,70,,19181,2,,,1,30,,19182,2,,,1,100,,19183,2,,,1,70,,19184,2,,,1,30,,19185,2,,,1,70,,19186,2,,,1,100,,19187,2,,,1,30,,19188,2,,,1,70,,19189,2,,,1,30,,19190,2,,,1,100,,19191,2,,,1,99,,19192,2,,,1
7400,'SAT',719,,19193,2,,,1,100,,19194,2,,,1,100,,19195,2,,,1,100,,19196,2,,,1,101,,19197,2,,,1,100,,19198,2,,,1,103,,19199,2,,,1,97,,19200,2,,,1,100,,19201,2,,,1,100,,19202,2,,,1,100,,19203,2,,,1,100,,19204,2,,,1,99,,19205,2,,,1,100,,19206,2,,,1
7400,'SUN',719,,19207,2,,,1,100,,19208,2,,,1,100,,19209,2,,,1,100,,19210,2,,,1,101,,19211,2,,,1,100,,19212,2,,,1,103,,19213,2,,,1,97,,19214,2,,,1,100,,19215,2,,,1,100,,19216,2,,,1,100,,19217,2,,,1,100,,19218,2,,,1,99,,19219,2,,,1,100,,19220,2,,,1
7400,'NYE',445,,19221,2,,,1,101,,19222,2,,,1,69,,19223,2,,,1,31,,19224,2,,,1,69,,19225,2,,,1,30,,19226,2,,,1,70,,19227,2,,,1,30,,19228,2,,,1,100,,19229,2,,,1,71,,19230,2,,,1,30,,19231,2,,,1,70,,19232,2,,,1,100,,19233,2,,,1,30,,19234,2,,,1,70,,19235,2,,,1,30,,19236,2,,,1,100,,19237,2,,,1,70,,19238,2,,,1,30,,19239,2,,,1,70,,19240,2,,,1,100,,19241,2,,,1,30,,19242,2,,,1,70,,19243,2,,,1,30,,19244,2,,,1,100,,19245,2,,,1,99,,19246,2,,,1
7400,'NYE/31',915,,19247,2,,,1,231,,19248,2,,,1,270,,19249,2,,,1,230,,19250,2,,,1,270,,19251,2,,,1,99,,19252,2,,,1,100,,19253,2,,,1
8000,'WKDY',521,,19526,2,,,1,30,,19527,2,,,1,71,,19528,2,,,1,30,,19529,2,,,1,70,,19530,2,,,1,30,,19531,2,,,1,70,,19532,2,,,1,30,,19533,2,,,1,70,,19534,2,,,1,30,,19535,2,,,1,70,,19536,2,,,1,30,,19537,2,,,1,70,,19538,2,,,1,30,,19539,2,,,1,70,,19540,2,,,1,30,,19541,2,,,1,70,,19542,2,,,1,30,,19543,2,,,1,70,,19544,2,,,1,30,,19545,2,,,1,70,,19546,2,,,1,30,,19547,2,,,1,70,,19548,2,,,1,27,,19549,2,,,1,70,,19550,2,,,1,30,,19551,2,,,1,70,,19552,2,,,1,33,,19553,2,,,1,70,,19554,2,,,1,30,,19555,2,,,1,69,,19556,2,,,1,30,,19557,2,,,1
8000,'SAT',621,,19558,2,,,1,100,,19559,2,,,1,30,,19560,2,,,1,70,,19561,2,,,1,31,,19562,2,,,1,70,,19563,2,,,1,30,,19564,2,,,1,70,,19565,2,,,1,30,,19566,2,,,1,70,,19567,2,,,1,30,,19568,2,,,1,70,,19569,2,,,1,30,,19570,2,,,1,70,,19571,2,,,1,30,,19572,2,,,1,70,,19573,2,,,1,30,,19574,2,,,1,70,,19575,2,,,1,30,,19576,2,,,1,70,,19577,2,,,1,30,,19578,2,,,1,70,,19579,2,,,1,30,,19580,2,,,1,70,,19581,2,,,1,30,,19582,2,,,1,70,,19583,2,,,1,29,,19584,2,,,1,100,,19585,2,,,1
8000,'SUN',621,,19586,2,,,1,100,,19587,2,,,1,30,,19588,2,,,1,70,,19589,2,,,1,31,,19590,2,,,1,70,,19591,2,,,1,30,,19592,2,,,1,70,,19593,2,,,1,30,,19594,2,,,1,70,,19595,2,,,1,30,,19596,2,,,1,70,,19597,2,,,1,30,,19598,2,,,1,70,,19599,2,,,1,30,,19600,2,,,1,70,,19601,2,,,1,30,,19602,2,,,1,70,,19603,2,,,1,30,,19604,2,,,1,70,,19605,2,,,1,30,,19606,2,,,1,70,,19607,2,,,1,30,,19608,2,,,1,70,,19609,2,,,1,30,,19610,2,,,1,70,,19611,2,,,1,29,,19612,2,,,1,100,,19613,2,,,1
8000,'NYE',521,,19614,2,,,1,30,,19615,2,,,1,71,,19616,2,,,1,30,,19617,2,,,1,70,,19618,2,,,1,30,,19619,2,,,1,70,,19620,2,,,1,30,,19621,2,,,1,70,,19622,2,,,1,30,,19623,2,,,1,70,,19624,2,,,1,30,,19625,2,,,1,70,,19626,2,,,1,30,,19627,2,,,1,70,,19628,2,,,1,30,,19629,2,,,1,70,,19630,2,,,1,30,,19631,2,,,1,70,,19632,2,,,1,30,,19633,2,,,1,70,,19634,2,,,1,30,,19635,2,,,1,70,,19636,2,,,1,27,,19637,2,,,1,70,,19638,2,,,1,30,,19639,2,,,1,70,,19640,2,,,1,33,,19641,2,,,1,70,,19642,2,,,1,30,,19643,2,,,1,69,,19644,2,,,1,30,,19645,2,,,1,70,,19646,2,,,1,30,,19647,2,,,1,70,,19648,2,,,1,30,,19649,2,,,1,70,,19650,2,,,1,30,,19651,2,,,1,70,,19652,2,,,1,30,,19653,2,,,1,70,,19654,2,,,1,30,,19655,2,,,1,70,,19656,2,,,1
