1900,'WKDY/30',1710,,14744,12,4,,1
1900,'WKDY/31',1710,,14745,12,4,,1
1900,'WKDY',1001,,14752,12,4,,1,30,,14753,12,4,,1,72,,14754,12,4,,1,201,,14758,12,4,,1,30,,14759,12,4,,1,70,,14760,12,4,,1,134,,14763,12,4,,1,204,,14766,12,4,,1,287,,14769,12,4,,1,100,,14770,12,4,,1
1900,'SAT',1404,,14776,12,4,,1,100,,14777,12,4,,1
1900,'SUN',858,,14783,12,4,,1,242,,14785,12,4,,1,203,,14787,12,4,,1,101,,14788,12,4,,1,100,,14789,12,4,,1,199,,14791,12,4,,1,297,,14794,12,4,,1
1900,'NYE',1001,,14801,12,4,,1,30,,14802,12,4,,1,72,,14803,12,4,,1,201,,14807,12,4,,1,30,,14808,12,4,,1,70,,14809,12,4,,1,134,,14812,12,4,,1,204,,14815,12,4,,1,287,,14818,12,4,,1,100,,14819,12,4,,1
1900,'NYE/31',1710,,14820,12,4,,1
1901,'WKDY/30',1622,,14821,1,,,1
1901,'WKDY/31',1622,,14822,1,,,1
1901,'WKDY',550,,14823,1,,,1,100,,14824,1,,,1,70,,14825,1,,,1,30,,14826,1,,,1,70,,14827,1,,,1,30,,14828,1,,,1,70,,14829,1,,,1,30,,14830,1,,,1,70,,14831,1,,,1,30,,14832,1,,,1,70,,14833,1,,,1,30,,14834,1,,,1,70,,14835,1,,,1,30,,14836,1,,,1,70,,14837,1,,,1,30,,14838,1,,,1,70,,14839,1,,,1,30,,14840,1,,,1,70,,14841,1,,,1,30,,14842,1,,,1,105,,14843,1,,,1,100,,14844,1,,,1,95,,14845,1,,,1,100,,14846,1,,,1,100,,14847,1,,,1
1901,'SAT',820,,14848,1,,,1,100,,14849,1,,,1,100,,14850,1,,,1,100,,14851,1,,,1,100,,14852,1,,,1,100,,14853,1,,,1,100,,14854,1,,,1,100,,14855,1,,,1,100,,14856,1,,,1,100,,14857,1,,,1,100,,14858,1,,,1,100,,14859,1,,,1
1901,'SUN',820,,14860,1,,,1,100,,14861,1,,,1,100,,14862,1,,,1,100,,14863,1,,,1,100,,14864,1,,,1,100,,14865,1,,,1,100,,14866,1,,,1,100,,14867,1,,,1,100,,14868,1,,,1,100,,14869,1,,,1,100,,14870,1,,,1,100,,14871,1,,,1
1901,'NYE',550,,14872,1,,,1,100,,14873,1,,,1,70,,14874,1,,,1,30,,14875,1,,,1,70,,14876,1,,,1,30,,14877,1,,,1,70,,14878,1,,,1,30,,14879,1,,,1,70,,14880,1,,,1,30,,14881,1,,,1,70,,14882,1,,,1,30,,14883,1,,,1,70,,14884,1,,,1,30,,14885,1,,,1,70,,14886,1,,,1,30,,14887,1,,,1,70,,14888,1,,,1,30,,14889,1,,,1,70,,14890,1,,,1,30,,14891,1,,,1,105,,14892,1,,,1,100,,14893,1,,,1,95,,14894,1,,,1,100,,14895,1,,,1,100,,14896,1,,,1
1901,'NYE/31',1622,,14897,1,,,1
2500,'SAT',1011,,14928,36,4,,1,102,,14929,36,4,,1,503,,14934,36,4,,1,195,,14936,36,4,,1,97,,14937,36,4,,1
2500,'SUN',806,,14939,36,4,,1,205,,14941,36,4,,1,605,,14947,36,4,,1,195,,14949,36,4,,1,97,,14950,36,4,,1
7101,'SAT',808,,18834,23,4,,1,104,,18837,23,4,,1,327,,18847,23,4,,1,471,,18860,23,4,,1
7801,'WKDY',542,,19446,28,4,,1,96,,19447,28,4,,1,71,,19448,28,4,,1,33,,19449,28,4,,1,70,,19450,28,4,,1,30,,19451,28,4,,1,70,,19452,28,4,,1,30,,19453,28,4,,1,202,,19456,28,4,,1,72,,19457,28,4,,1,30,,19458,28,4,,1,203,,19461,28,4,,1,203,,19465,28,4,,1,197,,19469,28,4,,1,98,,19470,28,4,,1
7801,'SUN',1146,,19488,28,4,,1
7801,'NYE',542,,19497,28,4,,1,96,,19498,28,4,,1,71,,19499,28,4,,1,33,,19500,28,4,,1,70,,19501,28,4,,1,30,,19502,28,4,,1,70,,19503,28,4,,1,30,,19504,28,4,,1,202,,19507,28,4,,1,72,,19508,28,4,,1,30,,19509,28,4,,1,203,,19512,28,4,,1,203,,19516,28,4,,1,197,,19520,28,4,,1,98,,19521,28,4,,1
