4101,'WKDY',1848,,15971,15,4,,1
4101,'NYE',1848,,15973,15,4,,1
6501,'WKDY',1050,,18361,2,4,,1
6501,'NYE',1050,,18487,2,4,,1
16400,'WKDY/30',619,,20079,4,4,,1,92,,20080,4,4,,1,42,,20081,4,4,,1,105,,20082,4,4,,1,97,,20083,4,4,,1,99,,20084,4,4,,1,353,,20085,5,4,,1,109,,20086,5,4,,1,35,,20087,5,4,,1,72,,20088,5,4,,1,23,,20089,5,4,,1,61,,20090,5,4,,1,20,,20091,5,4,,1,21,,20092,5,4,,1,60,,20093,5,4,,1,17,,20094,5,4,,1,25,,20095,5,4,,1,61,,20096,5,4,,1
16400,'WKDY/31',619,,20097,4,4,,1,92,,20098,4,4,,1,42,,20099,4,4,,1,105,,20100,4,4,,1,97,,20101,4,4,,1,99,,20102,4,4,,1,353,,20103,5,4,,1,109,,20104,5,4,,1,35,,20105,5,4,,1,72,,20106,5,4,,1,23,,20107,5,4,,1,61,,20108,5,4,,1,20,,20109,5,4,,1,21,,20110,5,4,,1,60,,20111,5,4,,1,17,,20112,5,4,,1,25,,20113,5,4,,1,61,,20114,5,4,,1
16400,'WKDY',1154,,20115,4,4,,1,848,,20117,5,4,,1
16400,'NYE',1154,,20119,4,4,,1,848,,20121,5,4,,1
16400,'NYE/31',619,,20123,4,4,,1,92,,20124,4,4,,1,42,,20125,4,4,,1,105,,20126,4,4,,1,97,,20127,4,4,,1,99,,20128,4,4,,1,353,,20129,5,4,,1,109,,20130,5,4,,1,35,,20131,5,4,,1,72,,20132,5,4,,1,23,,20133,5,4,,1,61,,20134,5,4,,1,20,,20135,5,4,,1,21,,20136,5,4,,1,60,,20137,5,4,,1,17,,20138,5,4,,1,25,,20139,5,4,,1,61,,20140,5,4,,1
16401,'WKDY/30',530,,20141,1,,,1,70,,20142,1,,,1,20,,20143,1,,,1,20,,20144,1,,,1,60,,20145,1,,,1,20,,20146,1,,,1,20,,20147,1,,,1,60,,20148,1,,,1,100,,20149,1,,,1,100,,20150,1,,,1,304,,20151,1,,,1,99,,20152,1,,,1,56,,20153,1,,,1,96,,20154,1,,,1,100,,20155,1,,,1,148,,20156,1,,,1
16401,'WKDY/31',530,,20157,1,,,1,70,,20158,1,,,1,20,,20159,1,,,1,20,,20160,1,,,1,60,,20161,1,,,1,20,,20162,1,,,1,20,,20163,1,,,1,60,,20164,1,,,1,100,,20165,1,,,1,100,,20166,1,,,1,304,,20167,1,,,1,99,,20168,1,,,1,56,,20169,1,,,1,96,,20170,1,,,1,100,,20171,1,,,1,148,,20172,1,,,1
16401,'WKDY',500,,20173,1,,,1,600,,20174,1,,,1,104,,20175,1,,,1,703,,20176,1,,,1,100,,20177,1,,,1
16401,'NYE',500,,20178,1,,,1,600,,20179,1,,,1,104,,20180,1,,,1,703,,20181,1,,,1,100,,20182,1,,,1
16401,'NYE/31',530,,20183,1,,,1,70,,20184,1,,,1,20,,20185,1,,,1,20,,20186,1,,,1,60,,20187,1,,,1,20,,20188,1,,,1,20,,20189,1,,,1,60,,20190,1,,,1,100,,20191,1,,,1,100,,20192,1,,,1,304,,20193,1,,,1,99,,20194,1,,,1,56,,20195,1,,,1,96,,20196,1,,,1,100,,20197,1,,,1,148,,20198,1,,,1
