701,'WKDY/30',717,,14405,26,,,1,133,,14406,26,,,1,170,,14407,26,,,1,132,,14408,26,,,1,170,,14409,26,,,1,133,,14410,26,,,1,170,,14411,26,,,1,130,,14412,26,,,1,165,,14413,26,,,1
701,'WKDY/31',717,,14414,26,,,1,133,,14415,26,,,1,170,,14416,26,,,1,132,,14417,26,,,1,170,,14418,26,,,1,133,,14419,26,,,1,170,,14420,26,,,1,130,,14421,26,,,1,165,,14422,26,,,1
701,'WKDY',612,,14423,26,,,1,134,,14424,26,,,1,74,,14425,26,,,1,100,,14426,26,,,1,30,,14427,26,,,1,100,,14428,26,,,1,70,,14429,26,,,1,102,,14430,26,,,1,30,,14431,26,,,1,100,,14432,26,,,1,70,,14433,26,,,1,103,,14434,26,,,1,30,,14435,26,,,1,100,,14436,26,,,1,70,,14437,26,,,1,100,,14438,26,,,1,25,,14439,26,,,1,100,,14440,26,,,1,100,,14441,26,,,1,96,,14442,26,,,1
701,'SAT',716,,14443,26,,,1,100,,14444,26,,,1,103,,14445,26,,,1,100,,14446,26,,,1,102,,14447,26,,,1,102,,14448,26,,,1,100,,14449,26,,,1,102,,14450,26,,,1,100,,14451,26,,,1,100,,14452,26,,,1,100,,14453,26,,,1,95,,14454,26,,,1,100,,14455,26,,,1,98,,14456,26,,,1,100,,14457,26,,,1
701,'SUN',716,,14458,26,,,1,100,,14459,26,,,1,103,,14460,26,,,1,100,,14461,26,,,1,102,,14462,26,,,1,102,,14463,26,,,1,100,,14464,26,,,1,102,,14465,26,,,1,100,,14466,26,,,1,100,,14467,26,,,1,100,,14468,26,,,1,95,,14469,26,,,1,100,,14470,26,,,1,98,,14471,26,,,1,100,,14472,26,,,1
701,'NYE',612,,14473,26,,,1,134,,14474,26,,,1,74,,14475,26,,,1,100,,14476,26,,,1,30,,14477,26,,,1,100,,14478,26,,,1,70,,14479,26,,,1,102,,14480,26,,,1,30,,14481,26,,,1,100,,14482,26,,,1,70,,14483,26,,,1,103,,14484,26,,,1,30,,14485,26,,,1,100,,14486,26,,,1,70,,14487,26,,,1,100,,14488,26,,,1,25,,14489,26,,,1,100,,14490,26,,,1,100,,14491,26,,,1,96,,14492,26,,,1
701,'NYE/31',717,,14493,26,,,1,133,,14494,26,,,1,170,,14495,26,,,1,132,,14496,26,,,1,170,,14497,26,,,1,133,,14498,26,,,1,170,,14499,26,,,1,130,,14500,26,,,1,165,,14501,26,,,1
4700,'WKDY/30',1214,,15977,5,,,1,606,,15978,5,,,1
4700,'WKDY/31',1214,,15979,5,,,1,606,,15980,5,,,1
4700,'WKDY',537,,15981,5,,,1
4700,'NYE',537,,15982,5,,,1
4700,'NYE/31',1214,,15983,5,,,1,606,,15984,5,,,1
