701,'WKDY',644,,14324,23,,,1,60,,14325,23,,,1,120,,14326,23,,,1,33,,14327,23,,,1,99,,14328,23,,,1,70,,14329,23,,,1,100,,14330,23,,,1,30,,14331,23,,,1,102,,14332,23,,,1,70,,14333,23,,,1,103,,14334,23,,,1,70,,14335,23,,,1,103,,14336,23,,,1,30,,14337,23,,,1,98,,14338,23,,,1,70,,14339,23,,,1,57,,14340,23,,,1,63,,14341,23,,,1,98,,14342,23,,,1,100,,14343,23,,,1,96,,14344,23,,,1
701,'WKDY/30',755,,14306,23,,,1,171,,14307,23,,,1,130,,14308,23,,,1,172,,14309,23,,,1,172,,14310,23,,,1,134,,14311,23,,,1,169,,14312,23,,,1,126,,14313,23,,,1,123,,14314,23,,,1
701,'WKDY/31',755,,14315,23,,,1,171,,14316,23,,,1,130,,14317,23,,,1,172,,14318,23,,,1,172,,14319,23,,,1,134,,14320,23,,,1,169,,14321,23,,,1,126,,14322,23,,,1,123,,14323,23,,,1
701,'SAT',746,,14345,23,,,1,100,,14346,23,,,1,105,,14347,23,,,1,102,,14348,23,,,1,102,,14349,23,,,1,104,,14350,23,,,1,100,,14351,23,,,1,141,,14352,23,,,1,100,,14353,23,,,1,100,,14354,23,,,1,100,,14355,23,,,1,52,,14356,23,,,1,100,,14357,23,,,1,96,,14358,23,,,1,100,,14359,23,,,1
701,'SUN',746,,14360,23,,,1,100,,14361,23,,,1,105,,14362,23,,,1,102,,14363,23,,,1,102,,14364,23,,,1,104,,14365,23,,,1,100,,14366,23,,,1,141,,14367,23,,,1,100,,14368,23,,,1,100,,14369,23,,,1,100,,14370,23,,,1,52,,14371,23,,,1,100,,14372,23,,,1,96,,14373,23,,,1,100,,14374,23,,,1
701,'NYE',644,,14375,23,,,1,60,,14376,23,,,1,120,,14377,23,,,1,33,,14378,23,,,1,99,,14379,23,,,1,70,,14380,23,,,1,100,,14381,23,,,1,30,,14382,23,,,1,102,,14383,23,,,1,70,,14384,23,,,1,103,,14385,23,,,1,70,,14386,23,,,1,103,,14387,23,,,1,30,,14388,23,,,1,98,,14389,23,,,1,70,,14390,23,,,1,57,,14391,23,,,1,63,,14392,23,,,1,98,,14393,23,,,1,100,,14394,23,,,1,96,,14395,23,,,1
701,'NYE/31',755,,14396,23,,,1,171,,14397,23,,,1,130,,14398,23,,,1,172,,14399,23,,,1,172,,14400,23,,,1,134,,14401,23,,,1,169,,14402,23,,,1,126,,14403,23,,,1,123,,14404,23,,,1
1201,'WKDY',638,,14552,25,,,1,70,,14553,25,,,1,33,,14554,25,,,1,70,,14555,25,,,1,30,,14556,25,,,1,70,,14557,25,,,1,30,,14558,25,,,1,70,,14559,25,,,1,30,,14560,25,,,1,70,,14561,25,,,1,30,,14562,25,,,1,70,,14563,25,,,1,30,,14564,25,,,1,70,,14565,25,,,1,30,,14566,25,,,1,70,,14567,25,,,1,30,,14568,25,,,1,70,,14569,25,,,1,34,,14570,25,,,1,70,,14571,25,,,1,30,,14572,25,,,1,70,,14573,25,,,1,29,,14574,25,,,1,70,,14575,25,,,1,29,,14576,25,,,1,70,,14577,25,,,1,30,,14578,25,,,1,67,,14579,25,,,1,30,,14580,25,,,1,70,,14581,25,,,1,28,,14582,25,,,1,70,,14583,25,,,1
1201,'SAT',729,,14584,25,,,1,101,,14585,25,,,1,101,,14586,25,,,1,101,,14587,25,,,1,101,,14588,25,,,1,100,,14589,25,,,1,100,,14590,25,,,1,102,,14591,25,,,1,100,,14592,25,,,1,100,,14593,25,,,1,98,,14594,25,,,1,99,,14595,25,,,1,100,,14596,25,,,1,99,,14597,25,,,1,99,,14598,25,,,1,100,,14599,25,,,1
1201,'SUN',729,,14600,25,,,1,101,,14601,25,,,1,101,,14602,25,,,1,101,,14603,25,,,1,101,,14604,25,,,1,100,,14605,25,,,1,100,,14606,25,,,1,102,,14607,25,,,1,100,,14608,25,,,1,100,,14609,25,,,1,98,,14610,25,,,1,99,,14611,25,,,1,100,,14612,25,,,1,99,,14613,25,,,1,99,,14614,25,,,1,100,,14615,25,,,1
1201,'NYE',638,,14616,25,,,1,70,,14617,25,,,1,33,,14618,25,,,1,70,,14619,25,,,1,30,,14620,25,,,1,70,,14621,25,,,1,30,,14622,25,,,1,70,,14623,25,,,1,30,,14624,25,,,1,70,,14625,25,,,1,30,,14626,25,,,1,70,,14627,25,,,1,30,,14628,25,,,1,70,,14629,25,,,1,30,,14630,25,,,1,70,,14631,25,,,1,30,,14632,25,,,1,70,,14633,25,,,1,34,,14634,25,,,1,70,,14635,25,,,1,30,,14636,25,,,1,70,,14637,25,,,1,29,,14638,25,,,1,70,,14639,25,,,1,29,,14640,25,,,1,70,,14641,25,,,1,30,,14642,25,,,1,67,,14643,25,,,1,30,,14644,25,,,1,70,,14645,25,,,1,28,,14646,25,,,1,70,,14647,25,,,1
7401,'WKDY',536,,19270,22,,,1,100,,19271,22,,,1,69,,19272,22,,,1,31,,19273,22,,,1,100,,19274,22,,,1,69,,19275,22,,,1,30,,19276,22,,,1,70,,19277,22,,,1,100,,19278,22,,,1,31,,19279,22,,,1,71,,19280,22,,,1,30,,19281,22,,,1,102,,19282,22,,,1,70,,19283,22,,,1,29,,19284,22,,,1,68,,19285,22,,,1,100,,19286,22,,,1,32,,19287,22,,,1,70,,19288,22,,,1,30,,19289,22,,,1,101,,19290,22,,,1,68,,19291,22,,,1,28,,19292,22,,,1,101,,19293,22,,,1
7401,'WKDY/30',807,,19254,22,,,1,228,,19255,22,,,1,274,,19256,22,,,1,227,,19257,22,,,1,272,,19258,22,,,1,198,,19259,22,,,1,99,,19260,22,,,1,99,,19261,22,,,1
7401,'WKDY/31',807,,19262,22,,,1,228,,19263,22,,,1,274,,19264,22,,,1,227,,19265,22,,,1,272,,19266,22,,,1,198,,19267,22,,,1,99,,19268,22,,,1,99,,19269,22,,,1
7401,'SAT',806,,19294,22,,,1,101,,19295,22,,,1,100,,19296,22,,,1,101,,19297,22,,,1,103,,19298,22,,,1,101,,19299,22,,,1,103,,19300,22,,,1,97,,19301,22,,,1,99,,19302,22,,,1,101,,19303,22,,,1,99,,19304,22,,,1,99,,19305,22,,,1,99,,19306,22,,,1,98,,19307,22,,,1
7401,'SUN',806,,19308,22,,,1,101,,19309,22,,,1,100,,19310,22,,,1,101,,19311,22,,,1,103,,19312,22,,,1,101,,19313,22,,,1,103,,19314,22,,,1,97,,19315,22,,,1,99,,19316,22,,,1,101,,19317,22,,,1,99,,19318,22,,,1,99,,19319,22,,,1,99,,19320,22,,,1,98,,19321,22,,,1
7401,'NYE',536,,19322,22,,,1,100,,19323,22,,,1,69,,19324,22,,,1,31,,19325,22,,,1,100,,19326,22,,,1,69,,19327,22,,,1,30,,19328,22,,,1,70,,19329,22,,,1,100,,19330,22,,,1,31,,19331,22,,,1,71,,19332,22,,,1,30,,19333,22,,,1,102,,19334,22,,,1,70,,19335,22,,,1,29,,19336,22,,,1,68,,19337,22,,,1,100,,19338,22,,,1,32,,19339,22,,,1,70,,19340,22,,,1,30,,19341,22,,,1,101,,19342,22,,,1,68,,19343,22,,,1,28,,19344,22,,,1,101,,19345,22,,,1
7401,'NYE/31',807,,19346,22,,,1,228,,19347,22,,,1,274,,19348,22,,,1,227,,19349,22,,,1,272,,19350,22,,,1,198,,19351,22,,,1,99,,19352,22,,,1,99,,19353,22,,,1
8000,'WKDY',625,,19657,31,,,1,30,,19658,31,,,1,73,,19659,31,,,1,31,,19660,31,,,1,71,,19661,31,,,1,70,,19662,31,,,1,29,,19663,31,,,1,30,,19664,31,,,1,71,,19665,31,,,1,70,,19666,31,,,1,30,,19667,31,,,1,70,,19668,31,,,1,30,,19669,31,,,1,70,,19670,31,,,1,30,,19671,31,,,1,71,,19672,31,,,1,31,,19673,31,,,1,70,,19674,31,,,1,33,,19675,31,,,1,70,,19676,31,,,1,31,,19677,31,,,1,68,,19678,31,,,1,30,,19679,31,,,1,67,,19680,31,,,1,30,,19681,31,,,1,26,,19682,31,,,1,69,,19683,31,,,1,30,,19684,31,,,1,68,,19685,31,,,1,29,,19686,31,,,1,70,,19687,31,,,1
8000,'SAT',723,,19688,31,,,1,101,,19689,31,,,1,30,,19690,31,,,1,71,,19691,31,,,1,30,,19692,31,,,1,71,,19693,31,,,1,30,,19694,31,,,1,70,,19695,31,,,1,30,,19696,31,,,1,71,,19697,31,,,1,31,,19698,31,,,1,70,,19699,31,,,1,30,,19700,31,,,1,70,,19701,31,,,1,30,,19702,31,,,1,70,,19703,31,,,1,29,,19704,31,,,1,70,,19705,31,,,1,30,,19706,31,,,1,70,,19707,31,,,1,30,,19708,31,,,1,70,,19709,31,,,1,28,,19710,31,,,1,69,,19711,31,,,1,30,,19712,31,,,1,70,,19713,31,,,1,30,,19714,31,,,1,99,,19715,31,,,1
8000,'SUN',723,,19716,31,,,1,101,,19717,31,,,1,30,,19718,31,,,1,71,,19719,31,,,1,30,,19720,31,,,1,71,,19721,31,,,1,30,,19722,31,,,1,70,,19723,31,,,1,30,,19724,31,,,1,71,,19725,31,,,1,31,,19726,31,,,1,70,,19727,31,,,1,30,,19728,31,,,1,70,,19729,31,,,1,30,,19730,31,,,1,70,,19731,31,,,1,29,,19732,31,,,1,70,,19733,31,,,1,30,,19734,31,,,1,70,,19735,31,,,1,30,,19736,31,,,1,70,,19737,31,,,1,28,,19738,31,,,1,69,,19739,31,,,1,30,,19740,31,,,1,70,,19741,31,,,1,30,,19742,31,,,1,99,,19743,31,,,1
8000,'NYE',625,,19744,31,,,1,30,,19745,31,,,1,73,,19746,31,,,1,31,,19747,31,,,1,71,,19748,31,,,1,70,,19749,31,,,1,29,,19750,31,,,1,30,,19751,31,,,1,71,,19752,31,,,1,70,,19753,31,,,1,30,,19754,31,,,1,70,,19755,31,,,1,30,,19756,31,,,1,70,,19757,31,,,1,30,,19758,31,,,1,71,,19759,31,,,1,31,,19760,31,,,1,70,,19761,31,,,1,33,,19762,31,,,1,70,,19763,31,,,1,31,,19764,31,,,1,68,,19765,31,,,1,30,,19766,31,,,1,67,,19767,31,,,1,30,,19768,31,,,1,26,,19769,31,,,1,69,,19770,31,,,1,30,,19771,31,,,1,68,,19772,31,,,1,29,,19773,31,,,1,70,,19774,31,,,1,30,,19785,31,,,1,70,,19775,31,,,1,30,,19776,31,,,1,70,,19777,31,,,1,30,,19778,31,,,1,70,,19779,31,,,1,30,,19780,31,,,1,70,,19781,31,,,1,30,,19782,31,,,1,70,,19783,31,,,1,30,,19784,31,,,1
