4100,'WKDY/30',732,,15956,1,,,1,982,,15957,3,,,1
4100,'WKDY/31',732,,15958,1,,,1,982,,15959,3,,,1
4100,'WKDY',1749,,15960,3,,,1
4100,'NYE',1749,,15961,3,,,1
4100,'NYE/31',732,,15962,1,,,1,982,,15963,3,,,1
4101,'WKDY/30',732,,15964,18,4,,1
4101,'WKDY/31',732,,15967,18,4,,1
4101,'WKDY',802,,15970,18,4,,1
4101,'NYE',802,,15972,18,4,,1
4101,'NYE/31',732,,15974,18,4,,1
7100,'WKDY/30',732,,18559,21,,,1,103,,18560,21,,,1,116,,18561,21,,,1,157,,18562,21,,,1,117,,18563,21,,,1,115,,18564,21,,,1,115,,18565,21,,,1,156,,18566,21,,,1,129,,18567,21,,,1
7100,'WKDY/31',732,,18568,21,,,1,103,,18569,21,,,1,116,,18570,21,,,1,157,,18571,21,,,1,117,,18572,21,,,1,115,,18573,21,,,1,115,,18574,21,,,1,156,,18575,21,,,1,129,,18576,21,,,1
7100,'WKDY',544,,18577,21,,,1,72,,18578,21,,,1,31,,18579,21,,,1,70,,18580,21,,,1,30,,18581,21,,,1,56,,18582,21,,,1,15,,18583,21,,,1,32,,18584,21,,,1,56,,18585,21,,,1,15,,18586,21,,,1,15,,18587,21,,,1,70,,18588,21,,,1,17,,18589,21,,,1,15,,18590,21,,,1,15,,18591,21,,,1,70,,18592,21,,,1,17,,18593,21,,,1,15,,18594,21,,,1,55,,18595,21,,,1,30,,18596,21,,,1,15,,18597,21,,,1,55,,18598,21,,,1,15,,18599,21,,,1,30,,18600,21,,,1,55,,18601,21,,,1,15,,18602,21,,,1,15,,18603,21,,,1,70,,18604,21,,,1,15,,18605,21,,,1,15,,18606,21,,,1,15,,18607,21,,,1,71,,18608,21,,,1,14,,18609,21,,,1,15,,18610,21,,,1,55,,18611,21,,,1,15,,18612,21,,,1,29,,18613,21,,,1,55,,18614,21,,,1,28,,18615,21,,,1,70,,18616,21,,,1,29,,18617,21,,,1,70,,18618,21,,,1,28,,18619,21,,,1,69,,18620,21,,,1,30,,18621,21,,,1,68,,18622,21,,,1,30,,18623,21,,,1,100,,18624,21,,,1
7100,'SAT',642,,18625,21,,,1,60,,18626,21,,,1,20,,18627,21,,,1,20,,18628,21,,,1,61,,18629,21,,,1,21,,18630,21,,,1,20,,18631,21,,,1,61,,18632,21,,,1,18,,18633,21,,,1,22,,18634,21,,,1,59,,18635,21,,,1,20,,18636,21,,,1,20,,18637,21,,,1,60,,18638,21,,,1,20,,18639,21,,,1,20,,18640,21,,,1,61,,18641,21,,,1,21,,18642,21,,,1,23,,18643,21,,,1,63,,18644,21,,,1,20,,18645,21,,,1,21,,18646,21,,,1,60,,18647,21,,,1,20,,18648,21,,,1,21,,18649,21,,,1,60,,18650,21,,,1,20,,18651,21,,,1,20,,18652,21,,,1,60,,18653,21,,,1,21,,18654,21,,,1,20,,18655,21,,,1,57,,18656,21,,,1,19,,18657,21,,,1,20,,18658,21,,,1,60,,18659,21,,,1,18,,18660,21,,,1,20,,18661,21,,,1,59,,18662,21,,,1,20,,18663,21,,,1,20,,18664,21,,,1,60,,18665,21,,,1,21,,18666,21,,,1,19,,18667,21,,,1,59,,18668,21,,,1,20,,18669,21,,,1,20,,18670,21,,,1,70,,18671,21,,,1,28,,18672,21,,,1,68,,18673,21,,,1
7100,'SUN',642,,18674,21,,,1,70,,18675,21,,,1,30,,18676,21,,,1,70,,18677,21,,,1,32,,18678,21,,,1,70,,18679,21,,,1,32,,18680,21,,,1,70,,18681,21,,,1,30,,18682,21,,,1,71,,18683,21,,,1,30,,18684,21,,,1,72,,18685,21,,,1,32,,18686,21,,,1,70,,18687,21,,,1,30,,18688,21,,,1,70,,18689,21,,,1,30,,18690,21,,,1,70,,18691,21,,,1,30,,18692,21,,,1,70,,18693,21,,,1,30,,18694,21,,,1,66,,18695,21,,,1,30,,18696,21,,,1,70,,18697,21,,,1,30,,18698,21,,,1,70,,18699,21,,,1,28,,18700,21,,,1,70,,18701,21,,,1,29,,18702,21,,,1,70,,18703,21,,,1,29,,18704,21,,,1,69,,18705,21,,,1,30,,18706,21,,,1,70,,18707,21,,,1
7100,'NYE',544,,18708,21,,,1,72,,18709,21,,,1,31,,18710,21,,,1,70,,18711,21,,,1,30,,18712,21,,,1,56,,18713,21,,,1,15,,18714,21,,,1,32,,18715,21,,,1,56,,18716,21,,,1,15,,18717,21,,,1,15,,18718,21,,,1,70,,18719,21,,,1,17,,18720,21,,,1,15,,18721,21,,,1,15,,18722,21,,,1,70,,18723,21,,,1,17,,18724,21,,,1,15,,18725,21,,,1,55,,18726,21,,,1,30,,18727,21,,,1,15,,18728,21,,,1,55,,18729,21,,,1,15,,18730,21,,,1,30,,18731,21,,,1,55,,18732,21,,,1,15,,18733,21,,,1,15,,18734,21,,,1,70,,18735,21,,,1,15,,18736,21,,,1,15,,18737,21,,,1,15,,18738,21,,,1,71,,18739,21,,,1,14,,18740,21,,,1,15,,18741,21,,,1,55,,18742,21,,,1,15,,18743,21,,,1,29,,18744,21,,,1,55,,18745,21,,,1,28,,18746,21,,,1,70,,18747,21,,,1,29,,18748,21,,,1,70,,18749,21,,,1,28,,18750,21,,,1,69,,18751,21,,,1,30,,18752,21,,,1,68,,18753,21,,,1,30,,18754,21,,,1,100,,18755,21,,,1
7100,'NYE/31',732,,18756,21,,,1,103,,18757,21,,,1,116,,18758,21,,,1,157,,18759,21,,,1,117,,18760,21,,,1,115,,18761,21,,,1,115,,18762,21,,,1,156,,18763,21,,,1,129,,18764,21,,,1
10501,'WKDY/31',517,,20010,4,,,1,40,,20011,4,,,1,83,,20012,4,,,1,70,,20013,4,,,1,10,,20014,4,,,1,81,,20015,4,,,1,49,,20016,4,,,1,69,,20017,4,,,1,102,,20018,4,,,1,98,,20019,4,,,1,98,,20020,4,,,1,100,,20021,4,,,1,99,,20022,4,,,1,99,,20023,4,,,1,40,,20024,4,,,1,79,,20025,4,,,1,80,,20026,4,,,1,31,,20027,4,,,1,72,,20028,4,,,1,103,,20029,4,,,1,100,,20030,4,,,1
10501,'NYE/31',517,,20031,4,,,1,40,,20032,4,,,1,83,,20033,4,,,1,70,,20034,4,,,1,10,,20035,4,,,1,81,,20036,4,,,1,49,,20037,4,,,1,69,,20038,4,,,1,102,,20039,4,,,1,98,,20040,4,,,1,98,,20041,4,,,1,100,,20042,4,,,1,99,,20043,4,,,1,99,,20044,4,,,1,40,,20045,4,,,1,79,,20046,4,,,1,80,,20047,4,,,1,31,,20048,4,,,1,72,,20049,4,,,1,103,,20050,4,,,1,100,,20051,4,,,1
50001,'WKDY/30',453,,20244,5,,,1,70,,20245,5,,,1,98,,20246,5,,,1,28,,20247,5,,,1,70,,20248,5,,,1,30,,20249,5,,,1,70,,20250,5,,,1,87,,20251,5,,,1,100,,20252,5,,,1,100,,20253,5,,,1,100,,20254,5,,,1,100,,20255,5,,,1,100,,20256,5,,,1,100,,20257,5,,,1,45,,20258,5,,,1,70,,20259,5,,,1,87,,20260,5,,,1,30,,20261,5,,,1,70,,20262,5,,,1,102,,20263,5,,,1,100,,20264,5,,,1
