3001,'WKDY',554,,15167,3,,,1,70,,15168,3,,,1,22,,15169,3,,,1,72,,15170,3,,,1,33,,15171,3,,,1,71,,15172,3,,,1,29,,15173,3,,,1,71,,15174,3,,,1,29,,15175,3,,,1,71,,15176,3,,,1,29,,15177,3,,,1,70,,15178,3,,,1,30,,15179,3,,,1,70,,15180,3,,,1,29,,15181,3,,,1,72,,15182,3,,,1,30,,15183,3,,,1,70,,15184,3,,,1,31,,15185,3,,,1,73,,15186,3,,,1,30,,15187,3,,,1,69,,15188,3,,,1,29,,15189,3,,,1,70,,15190,3,,,1,30,,15191,3,,,1,68,,15192,3,,,1,29,,15193,3,,,1,68,,15194,3,,,1,27,,15195,3,,,1,70,,15196,3,,,1,27,,15197,3,,,1,100,,15198,3,,,1
3001,'SAT',640,,15199,3,,,1,100,,15200,3,,,1,70,,15201,3,,,1,32,,15202,3,,,1,71,,15203,3,,,1,31,,15204,3,,,1,70,,15205,3,,,1,31,,15206,3,,,1,70,,15207,3,,,1,33,,15208,3,,,1,71,,15209,3,,,1,31,,15210,3,,,1,70,,15211,3,,,1,29,,15212,3,,,1,71,,15213,3,,,1,30,,15214,3,,,1,69,,15215,3,,,1,30,,15216,3,,,1,72,,15217,3,,,1,28,,15218,3,,,1,70,,15219,3,,,1,28,,15220,3,,,1,100,,15221,3,,,1,98,,15222,3,,,1,100,,15223,3,,,1
3001,'SUN',641,,15224,3,,,1,100,,15225,3,,,1,104,,15226,3,,,1,100,,15227,3,,,1,102,,15228,3,,,1,100,,15229,3,,,1,101,,15230,3,,,1,101,,15231,3,,,1,100,,15232,3,,,1,99,,15233,3,,,1,100,,15234,3,,,1,99,,15235,3,,,1,99,,15236,3,,,1,99,,15237,3,,,1,100,,15238,3,,,1
3001,'NYE',554,,15240,3,,,1,70,,15241,3,,,1,22,,15242,3,,,1,72,,15243,3,,,1,33,,15244,3,,,1,71,,15245,3,,,1,29,,15246,3,,,1,71,,15247,3,,,1,29,,15248,3,,,1,71,,15249,3,,,1,29,,15250,3,,,1,70,,15251,3,,,1,30,,15252,3,,,1,70,,15253,3,,,1,29,,15254,3,,,1,72,,15255,3,,,1,30,,15256,3,,,1,70,,15257,3,,,1,31,,15258,3,,,1,73,,15259,3,,,1,30,,15260,3,,,1,69,,15261,3,,,1,29,,15262,3,,,1,70,,15263,3,,,1,30,,15264,3,,,1,68,,15265,3,,,1,29,,15266,3,,,1,68,,15267,3,,,1,27,,15268,3,,,1,70,,15269,3,,,1,27,,15270,3,,,1,100,,15271,3,,,1
3100,'WKDY/30',742,,15272,3,,,1,202,,15273,3,,,1,200,,15274,3,,,1,201,,15275,3,,,1,202,,15276,3,,,1,198,,15277,3,,,1
3100,'WKDY/31',742,,15278,3,,,1,202,,15279,3,,,1,200,,15280,3,,,1,201,,15281,3,,,1,202,,15282,3,,,1,198,,15283,3,,,1
3100,'WKDY',540,,15284,3,,,1,71,,15285,3,,,1,30,,15286,3,,,1,71,,15287,3,,,1,102,,15288,3,,,1,30,,15289,3,,,1,70,,15290,3,,,1,100,,15291,3,,,1,30,,15292,3,,,1,70,,15293,3,,,1,101,,15294,3,,,1,30,,15295,3,,,1,70,,15296,3,,,1,100,,15297,3,,,1,32,,15298,3,,,1,70,,15299,3,,,1,99,,15300,3,,,1,30,,15301,3,,,1,69,,15302,3,,,1,99,,15303,3,,,1,30,,15304,3,,,1,69,,15305,3,,,1,100,,15306,3,,,1,100,,15307,3,,,1
3100,'SAT',848,,15308,3,,,1,80,,15309,3,,,1,80,,15310,3,,,1,40,,15311,3,,,1,81,,15312,3,,,1,80,,15313,3,,,1,40,,15314,3,,,1,80,,15315,3,,,1,80,,15316,3,,,1,40,,15317,3,,,1,80,,15318,3,,,1,80,,15319,3,,,1,40,,15320,3,,,1,80,,15321,3,,,1,79,,15322,3,,,1,40,,15323,3,,,1,80,,15324,3,,,1,80,,15325,3,,,1
3100,'SUN',846,,15326,3,,,1,100,,15327,3,,,1,101,,15328,3,,,1,100,,15329,3,,,1,100,,15330,3,,,1,100,,15331,3,,,1,100,,15332,3,,,1,100,,15333,3,,,1,100,,15334,3,,,1,100,,15335,3,,,1,99,,15336,3,,,1,100,,15337,3,,,1
3100,'NYE',540,,15338,3,,,1,71,,15339,3,,,1,30,,15340,3,,,1,71,,15341,3,,,1,102,,15342,3,,,1,30,,15343,3,,,1,70,,15344,3,,,1,100,,15345,3,,,1,30,,15346,3,,,1,70,,15347,3,,,1,101,,15348,3,,,1,30,,15349,3,,,1,70,,15350,3,,,1,100,,15351,3,,,1,32,,15352,3,,,1,70,,15353,3,,,1,99,,15354,3,,,1,30,,15355,3,,,1,69,,15356,3,,,1,99,,15357,3,,,1,30,,15358,3,,,1,69,,15359,3,,,1,100,,15360,3,,,1,100,,15361,3,,,1
3100,'NYE/31',742,,15362,3,,,1,202,,15363,3,,,1,200,,15364,3,,,1,201,,15365,3,,,1,202,,15366,3,,,1,198,,15367,3,,,1
7101,'WKDY/30',740,,18765,6,,,1,104,,18766,6,,,1,156,,18767,6,,,1,117,,18768,6,,,1,117,,18769,6,,,1,115,,18770,6,,,1,156,,18771,6,,,1,116,,18772,6,,,1,128,,18773,6,,,1
7101,'WKDY/31',740,,18774,6,,,1,104,,18775,6,,,1,156,,18776,6,,,1,117,,18777,6,,,1,117,,18778,6,,,1,115,,18779,6,,,1,156,,18780,6,,,1,116,,18781,6,,,1,128,,18782,6,,,1
7101,'WKDY',551,,18783,6,,,1,73,,18784,6,,,1,31,,18785,6,,,1,70,,18786,6,,,1,30,,18787,6,,,1,56,,18788,6,,,1,15,,18789,6,,,1,33,,18790,6,,,1,56,,18791,6,,,1,15,,18792,6,,,1,15,,18793,6,,,1,70,,18794,6,,,1,17,,18795,6,,,1,15,,18796,6,,,1,55,,18797,6,,,1,30,,18798,6,,,1,17,,18799,6,,,1,55,,18800,6,,,1,15,,18801,6,,,1,30,,18802,6,,,1,55,,18803,6,,,1,15,,18804,6,,,1,15,,18805,6,,,1,70,,18806,6,,,1,16,,18807,6,,,1,15,,18808,6,,,1,15,,18809,6,,,1,70,,18810,6,,,1,15,,18811,6,,,1,15,,18812,6,,,1,55,,18813,6,,,1,31,,18814,6,,,1,13,,18815,6,,,1,55,,18816,6,,,1,15,,18817,6,,,1,15,,18818,6,,,1,69,,18819,6,,,1,15,,18820,6,,,1,28,,18821,6,,,1,70,,18822,6,,,1,29,,18823,6,,,1,70,,18824,6,,,1,28,,18825,6,,,1,68,,18826,6,,,1,30,,18827,6,,,1,68,,18828,6,,,1,30,,18829,6,,,1,100,,18830,6,,,1
7101,'SAT',650,,18831,6,,,1,60,,18832,6,,,1,20,,18833,6,,,1,20,,18834,6,,,1,61,,18835,6,,,1,21,,18836,6,,,1,20,,18837,6,,,1,61,,18838,6,,,1,19,,18839,6,,,1,22,,18840,6,,,1,59,,18841,6,,,1,20,,18842,6,,,1,21,,18843,6,,,1,60,,18844,6,,,1,20,,18845,6,,,1,20,,18846,6,,,1,61,,18847,6,,,1,21,,18848,6,,,1,23,,18849,6,,,1,65,,18850,6,,,1,20,,18851,6,,,1,61,,18852,6,,,1,20,,18853,6,,,1,20,,18854,6,,,1,60,,18855,6,,,1,20,,18856,6,,,1,20,,18857,6,,,1,60,,18858,6,,,1,19,,18859,6,,,1,21,,18860,6,,,1,60,,18861,6,,,1,17,,18862,6,,,1,19,,18863,6,,,1,60,,18864,6,,,1,20,,18865,6,,,1,18,,18866,6,,,1,20,,18867,6,,,1,59,,18868,6,,,1,19,,18869,6,,,1,20,,18870,6,,,1,60,,18871,6,,,1,21,,18872,6,,,1,19,,18873,6,,,1,59,,18874,6,,,1,19,,18875,6,,,1,20,,18876,6,,,1,70,,18877,6,,,1,28,,18878,6,,,1,68,,18879,6,,,1
7101,'SUN',650,,18880,6,,,1,70,,18881,6,,,1,30,,18882,6,,,1,71,,18883,6,,,1,32,,18884,6,,,1,70,,18885,6,,,1,32,,18886,6,,,1,70,,18887,6,,,1,30,,18888,6,,,1,71,,18889,6,,,1,30,,18890,6,,,1,72,,18891,6,,,1,73,,18892,6,,,1,30,,18893,6,,,1,70,,18894,6,,,1,30,,18895,6,,,1,70,,18896,6,,,1,30,,18897,6,,,1,70,,18898,6,,,1,30,,18899,6,,,1,70,,18900,6,,,1,26,,18901,6,,,1,30,,18902,6,,,1,70,,18903,6,,,1,29,,18904,6,,,1,70,,18905,6,,,1,28,,18906,6,,,1,70,,18907,6,,,1,29,,18908,6,,,1,69,,18909,6,,,1,29,,18910,6,,,1,69,,18911,6,,,1,30,,18912,6,,,1,70,,18913,6,,,1
7101,'NYE',551,,18914,6,,,1,73,,18915,6,,,1,31,,18916,6,,,1,70,,18917,6,,,1,30,,18918,6,,,1,56,,18919,6,,,1,15,,18920,6,,,1,33,,18921,6,,,1,56,,18922,6,,,1,15,,18923,6,,,1,15,,18924,6,,,1,70,,18925,6,,,1,17,,18926,6,,,1,15,,18927,6,,,1,55,,18928,6,,,1,30,,18929,6,,,1,17,,18930,6,,,1,55,,18931,6,,,1,15,,18932,6,,,1,30,,18933,6,,,1,55,,18934,6,,,1,15,,18935,6,,,1,15,,18936,6,,,1,70,,18937,6,,,1,16,,18938,6,,,1,15,,18939,6,,,1,15,,18940,6,,,1,70,,18941,6,,,1,15,,18942,6,,,1,15,,18943,6,,,1,55,,18944,6,,,1,31,,18945,6,,,1,13,,18946,6,,,1,55,,18947,6,,,1,15,,18948,6,,,1,15,,18949,6,,,1,69,,18950,6,,,1,15,,18951,6,,,1,28,,18952,6,,,1,70,,18953,6,,,1,29,,18954,6,,,1,70,,18955,6,,,1,28,,18956,6,,,1,68,,18957,6,,,1,30,,18958,6,,,1,68,,18959,6,,,1,30,,18960,6,,,1,100,,18961,6,,,1
7101,'NYE/31',740,,18962,6,,,1,104,,18963,6,,,1,156,,18964,6,,,1,117,,18965,6,,,1,117,,18966,6,,,1,115,,18967,6,,,1,156,,18968,6,,,1,116,,18969,6,,,1,128,,18970,6,,,1
