6000,'WKDY/30',516,,17213,4,0,13,1,29,,17214,4,0,13,1,65,,17215,4,0,13,1,14,,17216,4,0,13,1,16,,17217,4,0,13,1,16,,17218,4,0,13,1,55,,17219,4,0,13,1,15,,17220,4,0,13,1,16,,17221,4,0,13,1,15,,17222,4,0,13,1,55,,17223,4,0,13,1,15,,17224,4,0,13,1,15,,17225,4,0,13,1,15,,17226,4,0,13,1,54,,17227,4,0,13,1,15,,17228,4,0,13,1,15,,17229,4,0,13,1,15,,17230,4,0,13,1,55,,17231,4,0,13,1,15,,17232,4,0,13,1,15,,17233,4,0,13,1,15,,17234,4,0,13,1,55,,17235,4,0,13,1,15,,17236,4,0,13,1,15,,17237,4,0,13,1,15,,17238,4,0,13,1,53,,17239,4,0,13,1,15,,17240,4,0,13,1,17,,17241,4,0,13,1,15,,17242,4,0,13,1,55,,17243,4,0,13,1,15,,17244,4,0,13,1,15,,17245,4,0,13,1,15,,17246,4,0,13,1,55,,17247,4,0,13,1,15,,17248,4,0,13,1,15,,17249,4,0,13,1,15,,17250,4,0,13,1,55,,17251,4,0,13,1,15,,17252,4,0,13,1,15,,17253,4,0,13,1,15,,17254,4,0,13,1,55,,17255,4,0,13,1,15,,17256,4,0,13,1,15,,17257,4,0,13,1,15,,17258,4,0,13,1,55,,17259,4,0,13,1,15,,17260,4,0,13,1,15,,17261,4,0,13,1,15,,17262,4,0,13,1,55,,17263,4,0,13,1,15,,17264,4,0,13,1,15,,17265,4,0,13,1,16,,17266,4,0,13,1,54,,17267,4,0,13,1,15,,17268,4,0,13,1,16,,17269,4,0,13,1,15,,17270,4,0,13,1,55,,17271,4,0,13,1,15,,17272,4,0,13,1,15,,17273,4,0,13,1,15,,17274,4,0,13,1,55,,17275,4,0,13,1,14,,17276,4,0,13,1,15,,17277,4,0,13,1,15,,17278,4,0,13,1,49,,17280,4,0,13,1,31,,17281,4,0,13,1,75,,17282,4,0,13,1,30,,17283,4,0,13,1,65,,17284,4,0,13,1,29,,17285,4,0,13,1
6000,'WKDY/31',516,,17287,4,0,13,1,29,,17288,4,0,13,1,65,,17289,4,0,13,1,14,,17290,4,0,13,1,16,,17291,4,0,13,1,16,,17292,4,0,13,1,55,,17293,4,0,13,1,15,,17294,4,0,13,1,16,,17295,4,0,13,1,15,,17296,4,0,13,1,55,,17297,4,0,13,1,15,,17298,4,0,13,1,15,,17299,4,0,13,1,15,,17300,4,0,13,1,54,,17301,4,0,13,1,15,,17302,4,0,13,1,15,,17303,4,0,13,1,15,,17304,4,0,13,1,55,,17305,4,0,13,1,15,,17306,4,0,13,1,15,,17307,4,0,13,1,15,,17308,4,0,13,1,55,,17309,4,0,13,1,15,,17310,4,0,13,1,15,,17311,4,0,13,1,15,,17312,4,0,13,1
6000,'SAT/30',647,,17361,4,0,13,1,70,,17362,4,0,13,1,30,,17363,4,0,13,1,70,,17364,4,0,13,1,31,,17365,4,0,13,1,69,,17366,4,0,13,1,30,,17367,4,0,13,1,9,,17368,4,0,13,1,55,,17369,4,0,13,1,15,,17370,4,0,13,1,15,,17371,4,0,13,1,15,,17372,4,0,13,1,55,,17373,4,0,13,1,15,,17374,4,0,13,1,9,,17375,4,0,13,1,14,,17376,4,0,13,1,62,,17377,4,0,13,1,10,,17378,4,0,13,1,15,,17379,4,0,13,1,15,,17380,4,0,13,1,55,,17381,4,0,13,1,15,,17382,4,0,13,1,15,,17383,4,0,13,1,15,,17384,4,0,13,1,55,,17385,4,0,13,1,15,,17386,4,0,13,1,15,,17387,4,0,13,1,15,,17388,4,0,13,1,55,,17389,4,0,13,1,15,,17390,4,0,13,1,15,,17391,4,0,13,1,15,,17392,4,0,13,1,55,,17393,4,0,13,1,15,,17394,4,0,13,1,15,,17395,4,0,13,1,15,,17396,4,0,13,1,55,,17397,4,0,13,1,15,,17398,4,0,13,1,15,,17399,4,0,13,1,15,,17400,4,0,13,1,55,,17401,4,0,13,1,15,,17402,4,0,13,1,15,,17403,4,0,13,1,15,,17404,4,0,13,1,55,,17405,4,0,13,1,15,,17406,4,0,13,1,15,,17407,4,0,13,1,15,,17408,4,0,13,1,55,,17409,4,0,13,1,15,,17410,4,0,13,1,15,,17411,4,0,13,1,15,,17412,4,0,13,1,55,,17413,4,0,13,1,15,,17414,4,0,13,1,15,,17415,4,0,13,1,15,,17416,4,0,13,1,52,,17418,4,0,13,1,44,,17419,4,0,13,1,71,,17420,4,0,13,1,29,,17421,4,0,13,1,71,,17423,4,0,13,1
6000,'SAT/31',647,,17424,4,0,13,1,70,,17425,4,0,13,1,30,,17426,4,0,13,1,70,,17427,4,0,13,1,31,,17428,4,0,13,1,69,,17429,4,0,13,1,30,,17430,4,0,13,1,9,,17431,4,0,13,1,55,,17432,4,0,13,1,15,,17433,4,0,13,1,15,,17434,4,0,13,1,15,,17435,4,0,13,1,55,,17436,4,0,13,1,15,,17437,4,0,13,1,9,,17438,4,0,13,1,14,,17439,4,0,13,1
6000,'SUN/30',647,,17487,4,0,13,1,70,,17488,4,0,13,1,30,,17489,4,0,13,1,70,,17490,4,0,13,1,31,,17491,4,0,13,1,69,,17492,4,0,13,1,30,,17493,4,0,13,1,9,,17494,4,0,13,1,55,,17495,4,0,13,1,15,,17496,4,0,13,1,15,,17497,4,0,13,1,15,,17498,4,0,13,1,55,,17499,4,0,13,1,15,,17500,4,0,13,1,9,,17501,4,0,13,1,14,,17502,4,0,13,1,62,,17503,4,0,13,1,10,,17504,4,0,13,1,15,,17505,4,0,13,1,15,,17506,4,0,13,1,55,,17507,4,0,13,1,15,,17508,4,0,13,1,15,,17509,4,0,13,1,15,,17510,4,0,13,1,55,,17511,4,0,13,1,15,,17512,4,0,13,1,15,,17513,4,0,13,1,15,,17514,4,0,13,1,55,,17515,4,0,13,1,15,,17516,4,0,13,1,15,,17517,4,0,13,1,15,,17518,4,0,13,1,55,,17519,4,0,13,1,15,,17520,4,0,13,1,15,,17521,4,0,13,1,15,,17522,4,0,13,1,55,,17523,4,0,13,1,15,,17524,4,0,13,1,15,,17525,4,0,13,1,15,,17526,4,0,13,1,55,,17527,4,0,13,1,15,,17528,4,0,13,1,15,,17529,4,0,13,1,15,,17530,4,0,13,1,55,,17531,4,0,13,1,15,,17532,4,0,13,1,15,,17533,4,0,13,1,15,,17534,4,0,13,1,55,,17535,4,0,13,1,15,,17536,4,0,13,1,15,,17537,4,0,13,1,15,,17538,4,0,13,1,55,,17539,4,0,13,1,15,,17540,4,0,13,1,15,,17541,4,0,13,1,15,,17543,4,0,13,1,52,,17544,4,0,13,1,44,,17545,4,0,13,1,71,,17546,4,0,13,1,29,,17547,4,0,13,1,71,,17548,4,0,13,1
6000,'SUN/31',647,,17550,4,0,13,1,70,,17551,4,0,13,1,30,,17552,4,0,13,1,70,,17553,4,0,13,1,31,,17554,4,0,13,1,69,,17555,4,0,13,1,30,,17556,4,0,13,1,9,,17557,4,0,13,1,55,,17558,4,0,13,1,15,,17559,4,0,13,1,15,,17560,4,0,13,1,15,,17561,4,0,13,1,55,,17562,4,0,13,1,15,,17563,4,0,13,1,9,,17564,4,0,13,1,14,,17565,4,0,13,1
6000,'NYE/31',516,,17613,4,0,13,1,29,,17614,4,0,13,1,65,,17615,4,0,13,1,14,,17616,4,0,13,1,16,,17617,4,0,13,1,16,,17618,4,0,13,1,55,,17619,4,0,13,1,15,,17620,4,0,13,1,16,,17621,4,0,13,1,15,,17622,4,0,13,1,55,,17623,4,0,13,1,15,,17624,4,0,13,1,15,,17625,4,0,13,1,15,,17626,4,0,13,1,54,,17627,4,0,13,1,15,,17628,4,0,13,1,15,,17629,4,0,13,1,15,,17630,4,0,13,1,55,,17631,4,0,13,1,15,,17632,4,0,13,1,15,,17633,4,0,13,1,15,,17634,4,0,13,1,55,,17635,4,0,13,1,15,,17636,4,0,13,1,15,,17637,4,0,13,1,15,,17638,4,0,13,1
6001,'WKDY/31',1158,,17789,5,0,5 27,1,55,,17790,5,0,5 27,1,9,,17791,5,0,5 27,1,15,,17792,5,0,5 27,1,12,,17793,5,0,5 27,1,59,,17794,5,0,5 27,1,15,,17795,5,0,5 27,1,15,,17796,5,0,5 27,1,16,,17797,5,0,5 27,1,55,,17798,5,0,5 27,1,14,,17799,5,0,5 27,1,16,,17800,5,0,5 27,1,17,,17801,5,0,5 27,1,55,,17802,5,0,5 27,1,16,,17803,5,0,5 27,1,16,,17804,5,0,5 27,1,14,,17805,5,0,5 27,1,55,,17806,5,0,5 27,1,14,,17807,5,0,5 27,1,16,,17808,5,0,5 27,1,16,,17809,5,0,5 27,1,54,,17810,5,0,5 27,1,16,,17811,5,0,5 27,1,15,,17812,5,0,5 27,1,15,,17813,5,0,5 27,1,55,,17814,5,0,5 27,1,15,,17815,5,0,5 27,1,12,,17816,5,0,5 27,1,14,,17817,5,0,5 27,1,54,,17818,5,0,5 27,1,13,,17819,5,0,5 27,1,15,,17820,5,0,5 27,1,15,,17821,5,0,5 27,1,55,,17822,5,0,5 27,1,15,,17823,5,0,5 27,1,15,,17824,5,0,5 27,1,15,,17825,5,0,5 27,1,55,,17826,5,0,5 27,1,15,,17827,5,0,5 27,1,14,,17828,5,0,5 27,1,15,,17829,5,0,5 27,1,64,,17830,5,0,5 27,1,31,,17831,5,0,5 27,1,69,,17832,5,0,5 27,1,31,,17833,5,0,5 27,1,69,,17834,5,0,5 27,1
6001,'SAT/31',1154,,17912,5,0,5 27,1,54,,17913,5,0,5 27,1,17,,17914,5,0,5 27,1,11,,17915,5,0,5 27,1,15,,17916,5,0,5 27,1,56,,17917,5,0,5 27,1,16,,17918,5,0,5 27,1,15,,17919,5,0,5 27,1,15,,17920,5,0,5 27,1,56,,17921,5,0,5 27,1,15,,17922,5,0,5 27,1,14,,17923,5,0,5 27,1,15,,17924,5,0,5 27,1,56,,17925,5,0,5 27,1,15,,17926,5,0,5 27,1,15,,17927,5,0,5 27,1,16,,17928,5,0,5 27,1,54,,17929,5,0,5 27,1,15,,17930,5,0,5 27,1,13,,17931,5,0,5 27,1,14,,17932,5,0,5 27,1,55,,17933,5,0,5 27,1,15,,17934,5,0,5 27,1,15,,17935,5,0,5 27,1,15,,17936,5,0,5 27,1,55,,17937,5,0,5 27,1,14,,17938,5,0,5 27,1,15,,17939,5,0,5 27,1,15,,17940,5,0,5 27,1,52,,17941,5,0,5 27,1,15,,17942,5,0,5 27,1,12,,17943,5,0,5 27,1,15,,17944,5,0,5 27,1,15,,17945,5,0,5 27,1,55,,17946,5,0,5 27,1,15,,17947,5,0,5 27,1,15,,17948,5,0,5 27,1,15,,17949,5,0,5 27,1,55,,17950,5,0,5 27,1,15,,17951,5,0,5 27,1,15,,17952,5,0,5 27,1,67,,17953,5,0,5 27,1,26,,17954,5,0,5 27,1,70,,17955,5,0,5 27,1,48,,17956,5,0,5 27,1
6001,'SUN/31',1154,,18034,5,0,5 27,1,54,,18035,5,0,5 27,1,17,,18036,5,0,5 27,1,11,,18037,5,0,5 27,1,15,,18038,5,0,5 27,1,56,,18039,5,0,5 27,1,16,,18040,5,0,5 27,1,15,,18041,5,0,5 27,1,15,,18042,5,0,5 27,1,56,,18043,5,0,5 27,1,15,,18044,5,0,5 27,1,14,,18045,5,0,5 27,1,15,,18046,5,0,5 27,1,56,,18047,5,0,5 27,1,15,,18048,5,0,5 27,1,15,,18049,5,0,5 27,1,16,,18050,5,0,5 27,1,54,,18051,5,0,5 27,1,15,,18052,5,0,5 27,1,13,,18053,5,0,5 27,1,14,,18054,5,0,5 27,1,55,,18055,5,0,5 27,1,15,,18056,5,0,5 27,1,15,,18057,5,0,5 27,1,15,,18058,5,0,5 27,1,55,,18059,5,0,5 27,1,14,,18060,5,0,5 27,1,15,,18061,5,0,5 27,1,15,,18062,5,0,5 27,1,52,,18063,5,0,5 27,1,15,,18064,5,0,5 27,1,12,,18065,5,0,5 27,1,15,,18066,5,0,5 27,1,15,,18067,5,0,5 27,1,55,,18068,5,0,5 27,1,15,,18069,5,0,5 27,1,15,,18070,5,0,5 27,1,15,,18071,5,0,5 27,1,55,,18072,5,0,5 27,1,15,,18073,5,0,5 27,1,15,,18074,5,0,5 27,1,67,,18075,5,0,5 27,1,26,,18076,5,0,5 27,1,70,,18077,5,0,5 27,1,48,,18078,5,0,5 27,1
6001,'NYE/31',1158,,18105,5,0,5 27,1,55,,18106,5,0,5 27,1,9,,18107,5,0,5 27,1,15,,18108,5,0,5 27,1,12,,18109,5,0,5 27,1,59,,18110,5,0,5 27,1,15,,18111,5,0,5 27,1,15,,18112,5,0,5 27,1,16,,18113,5,0,5 27,1,55,,18114,5,0,5 27,1,14,,18115,5,0,5 27,1,16,,18116,5,0,5 27,1,17,,18117,5,0,5 27,1,55,,18118,5,0,5 27,1,16,,18119,5,0,5 27,1,16,,18120,5,0,5 27,1,14,,18121,5,0,5 27,1,55,,18122,5,0,5 27,1,14,,18123,5,0,5 27,1,16,,18124,5,0,5 27,1,16,,18125,5,0,5 27,1,54,,18126,5,0,5 27,1,16,,18127,5,0,5 27,1,15,,18128,5,0,5 27,1,15,,18129,5,0,5 27,1,55,,18130,5,0,5 27,1,15,,18131,5,0,5 27,1,12,,18132,5,0,5 27,1,14,,18133,5,0,5 27,1,54,,18134,5,0,5 27,1,13,,18135,5,0,5 27,1,15,,18136,5,0,5 27,1,15,,18137,5,0,5 27,1,55,,18138,5,0,5 27,1,15,,18139,5,0,5 27,1,15,,18140,5,0,5 27,1,15,,18141,5,0,5 27,1,55,,18142,5,0,5 27,1,15,,18143,5,0,5 27,1,14,,18144,5,0,5 27,1,15,,18145,5,0,5 27,1,64,,18146,5,0,5 27,1,31,,18147,5,0,5 27,1,69,,18148,5,0,5 27,1,31,,18149,5,0,5 27,1,69,,18150,5,0,5 27,1,29,,18151,5,0,5 27,1,74,,18152,5,0,5 27,1,30,,18153,5,0,5 27,1,70,,18154,5,0,5 27,1
