4100,'WKDY/30',803,,15956,3,4,,1,946,,15957,5,4,,1
4100,'WKDY/31',803,,15958,3,4,,1,946,,15959,5,4,,1
4100,'WKDY',1824,,15960,5,4,,1
4100,'NYE',1824,,15961,5,4,,1
4100,'NYE/31',803,,15962,3,4,,1,946,,15963,5,4,,1
4101,'WKDY/30',650,,15964,1,,,1,153,,15965,1,0,10 11 12,1,946,,15966,1,0,10 11 12,1
4101,'WKDY/31',650,,15967,1,,,1,153,,15968,1,0,10 11 12,1,946,,15969,1,0,10 11 12,1
4101,'WKDY',720,,15970,1,,,1,1104,,15971,1,0,10 11 12,1
4101,'NYE',720,,15972,1,,,1,1104,,15973,1,0,10 11 12,1
4101,'NYE/31',650,,15974,1,,,1,153,,15975,1,0,10 11 12,1,946,,15976,1,0,10 11 12,1
9200,'WKDY',556,,19786,1,,,1,70,,19787,1,,,1,30,,19788,1,,,1,70,,19789,1,,,1,32,,19790,1,,,1,70,,19791,1,,,1,30,,19792,1,,,1,70,,19793,1,,,1,30,,19794,1,,,1,70,,19795,1,,,1,30,,19796,1,,,1,70,,19797,1,,,1,30,,19798,1,,,1,70,,19799,1,,,1,30,,19800,1,,,1,71,,19801,1,,,1,30,,19802,1,,,1,70,,19803,1,,,1,71,,19804,1,,,1,30,,19805,1,,,1,70,,19806,1,,,1,30,,19807,1,,,1,29,,19808,1,,,1,70,,19809,1,,,1,30,,19810,1,,,1,70,,19811,1,,,1,30,,19812,1,,,1,69,,19813,1,,,1,28,,19814,1,,,1,100,,19815,1,,,1,100,,19816,1,,,1
9200,'SAT',729,,19817,1,,,1,100,,19818,1,,,1,101,,19819,1,,,1,100,,19820,1,,,1,100,,19821,1,,,1,101,,19822,1,,,1,100,,19823,1,,,1,99,,19824,1,,,1,100,,19825,1,,,1,100,,19826,1,,,1,101,,19827,1,,,1,100,,19828,1,,,1,98,,19829,1,,,1,99,,19830,1,,,1,100,,19831,1,,,1
9200,'SUN',729,,19832,1,,,1,100,,19833,1,,,1,101,,19834,1,,,1,100,,19835,1,,,1,100,,19836,1,,,1,101,,19837,1,,,1,100,,19838,1,,,1,99,,19839,1,,,1,100,,19840,1,,,1,100,,19841,1,,,1,101,,19842,1,,,1,100,,19843,1,,,1,98,,19844,1,,,1,99,,19845,1,,,1,100,,19846,1,,,1
9200,'NYE',556,,19847,1,,,1,70,,19848,1,,,1,30,,19849,1,,,1,70,,19850,1,,,1,32,,19851,1,,,1,70,,19852,1,,,1,30,,19853,1,,,1,70,,19854,1,,,1,30,,19855,1,,,1,70,,19856,1,,,1,30,,19857,1,,,1,70,,19858,1,,,1,30,,19859,1,,,1,70,,19860,1,,,1,30,,19861,1,,,1,71,,19862,1,,,1,30,,19863,1,,,1,70,,19864,1,,,1,71,,19865,1,,,1,30,,19866,1,,,1,70,,19867,1,,,1,30,,19868,1,,,1,29,,19869,1,,,1,70,,19870,1,,,1,30,,19871,1,,,1,70,,19872,1,,,1,30,,19873,1,,,1,69,,19874,1,,,1,28,,19875,1,,,1,100,,19876,1,,,1,100,,19877,1,,,1
9201,'WKDY',556,,19878,28,4,,1,70,,19879,28,4,,1,30,,19880,28,4,,1,70,,19881,28,4,,1,32,,19882,28,4,,1,70,,19883,28,4,,1,30,,19884,28,4,,1,70,,19885,28,4,,1,30,,19886,28,4,,1,70,,19887,28,4,,1,30,,19888,28,4,,1,70,,19889,28,4,,1,30,,19890,28,4,,1,70,,19891,28,4,,1,30,,19892,28,4,,1,71,,19893,28,4,,1,30,,19894,28,4,,1,70,,19895,28,4,,1,71,,19896,28,4,,1,30,,19897,28,4,,1,70,,19898,28,4,,1,30,,19899,28,4,,1,29,,19900,28,4,,1,70,,19901,28,4,,1,30,,19902,28,4,,1,70,,19903,28,4,,1,30,,19904,28,4,,1,69,,19905,28,4,,1,28,,19906,28,4,,1,100,,19907,28,4,,1,100,,19908,28,4,,1
9201,'SAT',729,,19909,28,4,,1,100,,19910,28,4,,1,101,,19911,28,4,,1,100,,19912,28,4,,1,100,,19913,28,4,,1,101,,19914,28,4,,1,100,,19915,28,4,,1,99,,19916,28,4,,1,100,,19917,28,4,,1,100,,19918,28,4,,1,101,,19919,28,4,,1,100,,19920,28,4,,1,98,,19921,28,4,,1,99,,19922,28,4,,1,100,,19923,28,4,,1
9201,'SUN',729,,19924,28,4,,1,100,,19925,28,4,,1,101,,19926,28,4,,1,100,,19927,28,4,,1,100,,19928,28,4,,1,101,,19929,28,4,,1,100,,19930,28,4,,1,99,,19931,28,4,,1,100,,19932,28,4,,1,100,,19933,28,4,,1,101,,19934,28,4,,1,100,,19935,28,4,,1,98,,19936,28,4,,1,99,,19937,28,4,,1,100,,19938,28,4,,1
9201,'NYE',556,,19939,28,4,,1,70,,19940,28,4,,1,30,,19941,28,4,,1,70,,19942,28,4,,1,32,,19943,28,4,,1,70,,19944,28,4,,1,30,,19945,28,4,,1,70,,19946,28,4,,1,30,,19947,28,4,,1,70,,19948,28,4,,1,30,,19949,28,4,,1,70,,19950,28,4,,1,30,,19951,28,4,,1,70,,19952,28,4,,1,30,,19953,28,4,,1,71,,19954,28,4,,1,30,,19955,28,4,,1,70,,19956,28,4,,1,71,,19957,28,4,,1,30,,19958,28,4,,1,70,,19959,28,4,,1,30,,19960,28,4,,1,29,,19961,28,4,,1,70,,19962,28,4,,1,30,,19963,28,4,,1,70,,19964,28,4,,1,30,,19965,28,4,,1,69,,19966,28,4,,1,28,,19967,28,4,,1,100,,19968,28,4,,1,100,,19969,28,4,,1
