1200,'WKDY',643,,14552,29,4,,1,70,,14553,29,4,,1,34,,14554,29,4,,1,70,,14555,29,4,,1,30,,14556,29,4,,1,70,,14557,29,4,,1,30,,14558,29,4,,1,70,,14559,29,4,,1,30,,14560,29,4,,1,70,,14561,29,4,,1,30,,14562,29,4,,1,70,,14563,29,4,,1,30,,14564,29,4,,1,70,,14565,29,4,,1,30,,14566,29,4,,1,70,,14567,29,4,,1,30,,14568,29,4,,1,70,,14569,29,4,,1,35,,14570,29,4,,1,70,,14571,29,4,,1,30,,14572,29,4,,1,70,,14573,29,4,,1,28,,14574,29,4,,1,70,,14575,29,4,,1,29,,14576,29,4,,1,70,,14577,29,4,,1,30,,14578,29,4,,1,67,,14579,29,4,,1,30,,14580,29,4,,1,97,,14582,29,4,,1,70,,14583,29,4,,1
1200,'SAT',2135,,14598,29,4,,1,100,,14599,29,4,,1
1200,'SUN',2135,,14614,29,4,,1,100,,14615,29,4,,1
1200,'NYE',643,,14616,29,4,,1,70,,14617,29,4,,1,34,,14618,29,4,,1,70,,14619,29,4,,1,30,,14620,29,4,,1,70,,14621,29,4,,1,30,,14622,29,4,,1,70,,14623,29,4,,1,30,,14624,29,4,,1,70,,14625,29,4,,1,30,,14626,29,4,,1,70,,14627,29,4,,1,30,,14628,29,4,,1,70,,14629,29,4,,1,30,,14630,29,4,,1,70,,14631,29,4,,1,30,,14632,29,4,,1,70,,14633,29,4,,1,35,,14634,29,4,,1,70,,14635,29,4,,1,30,,14636,29,4,,1,70,,14637,29,4,,1,28,,14638,29,4,,1,70,,14639,29,4,,1,29,,14640,29,4,,1,70,,14641,29,4,,1,30,,14642,29,4,,1,67,,14643,29,4,,1,30,,14644,29,4,,1,97,,14646,29,4,,1,70,,14647,29,4,,1
1201,'WKDY',523,,14648,1,,,1,30,,14649,1,,,1,70,,14650,1,,,1,30,,14651,1,,,1,70,,14652,1,,,1,30,,14653,1,,,1,70,,14654,1,,,1,30,,14655,1,,,1,70,,14656,1,,,1,30,,14657,1,,,1,70,,14658,1,,,1,30,,14659,1,,,1,70,,14660,1,,,1,30,,14661,1,,,1,70,,14662,1,,,1,30,,14663,1,,,1,70,,14664,1,,,1,30,,14665,1,,,1,70,,14666,1,,,1,30,,14667,1,,,1,70,,14668,1,,,1,30,,14669,1,,,1,70,,14670,1,,,1,30,,14671,1,,,1,70,,14672,1,,,1,30,,14673,1,,,1,70,,14674,1,,,1,30,,14675,1,,,1,70,,14676,1,,,1,30,,14677,1,,,1,70,,14678,1,,,1,30,,14679,1,,,1
1201,'SAT',615,,14680,1,,,1,100,,14681,1,,,1,100,,14682,1,,,1,100,,14683,1,,,1,100,,14684,1,,,1,100,,14685,1,,,1,100,,14686,1,,,1,100,,14687,1,,,1,100,,14688,1,,,1,100,,14689,1,,,1,100,,14690,1,,,1,100,,14691,1,,,1,100,,14692,1,,,1,100,,14693,1,,,1,100,,14694,1,,,1,100,,14695,1,,,1
1201,'SUN',615,,14696,1,,,1,100,,14697,1,,,1,100,,14698,1,,,1,100,,14699,1,,,1,100,,14700,1,,,1,100,,14701,1,,,1,100,,14702,1,,,1,100,,14703,1,,,1,100,,14704,1,,,1,100,,14705,1,,,1,100,,14706,1,,,1,100,,14707,1,,,1,100,,14708,1,,,1,100,,14709,1,,,1,100,,14710,1,,,1,100,,14711,1,,,1
1201,'NYE',523,,14712,1,,,1,30,,14713,1,,,1,70,,14714,1,,,1,30,,14715,1,,,1,70,,14716,1,,,1,30,,14717,1,,,1,70,,14718,1,,,1,30,,14719,1,,,1,70,,14720,1,,,1,30,,14721,1,,,1,70,,14722,1,,,1,30,,14723,1,,,1,70,,14724,1,,,1,30,,14725,1,,,1,70,,14726,1,,,1,30,,14727,1,,,1,70,,14728,1,,,1,30,,14729,1,,,1,70,,14730,1,,,1,30,,14731,1,,,1,70,,14732,1,,,1,30,,14733,1,,,1,70,,14734,1,,,1,30,,14735,1,,,1,70,,14736,1,,,1,30,,14737,1,,,1,70,,14738,1,,,1,30,,14739,1,,,1,70,,14740,1,,,1,30,,14741,1,,,1,70,,14742,1,,,1,30,,14743,1,,,1
3200,'WKDY/30',715,,15467,1,,,1,200,,15468,1,,,1,200,,15469,1,,,1,200,,15470,1,,,1,200,,15471,1,,,1,200,,15472,1,,,1
3200,'WKDY/31',715,,15473,1,,,1,200,,15474,1,,,1,200,,15475,1,,,1,200,,15476,1,,,1,200,,15477,1,,,1,200,,15478,1,,,1
3200,'WKDY',545,,15479,1,,,1,70,,15480,1,,,1,30,,15481,1,,,1,100,,15482,1,,,1,70,,15483,1,,,1,30,,15484,1,,,1,100,,15485,1,,,1,70,,15486,1,,,1,30,,15487,1,,,1,100,,15488,1,,,1,70,,15489,1,,,1,30,,15490,1,,,1,100,,15491,1,,,1,70,,15492,1,,,1,30,,15493,1,,,1,100,,15494,1,,,1,70,,15495,1,,,1,30,,15496,1,,,1,100,,15497,1,,,1,70,,15498,1,,,1,30,,15499,1,,,1,100,,15500,1,,,1,100,,15501,1,,,1
3200,'SAT',822,,15502,1,,,1,80,,15503,1,,,1,40,,15504,1,,,1,80,,15505,1,,,1,80,,15506,1,,,1,40,,15507,1,,,1,80,,15508,1,,,1,80,,15509,1,,,1,40,,15510,1,,,1,80,,15511,1,,,1,80,,15512,1,,,1,40,,15513,1,,,1,80,,15514,1,,,1,80,,15515,1,,,1,40,,15516,1,,,1,80,,15517,1,,,1,80,,15518,1,,,1,40,,15519,1,,,1
3200,'SUN',822,,15520,1,,,1,100,,15521,1,,,1,100,,15522,1,,,1,100,,15523,1,,,1,100,,15524,1,,,1,100,,15525,1,,,1,100,,15526,1,,,1,100,,15527,1,,,1,100,,15528,1,,,1,100,,15529,1,,,1,100,,15530,1,,,1,100,,15531,1,,,1
3200,'NYE',545,,15532,1,,,1,70,,15533,1,,,1,30,,15534,1,,,1,100,,15535,1,,,1,70,,15536,1,,,1,30,,15537,1,,,1,100,,15538,1,,,1,70,,15539,1,,,1,30,,15540,1,,,1,100,,15541,1,,,1,70,,15542,1,,,1,30,,15543,1,,,1,100,,15544,1,,,1,70,,15545,1,,,1,30,,15546,1,,,1,100,,15547,1,,,1,70,,15548,1,,,1,30,,15549,1,,,1,100,,15550,1,,,1,70,,15551,1,,,1,30,,15552,1,,,1,100,,15553,1,,,1,100,,15554,1,,,1
3200,'NYE/31',715,,15555,1,,,1,200,,15556,1,,,1,200,,15557,1,,,1,200,,15558,1,,,1,200,,15559,1,,,1,200,,15560,1,,,1
3201,'WKDY/30',710,,15561,34,4,,1,200,,15562,34,4,,1,200,,15563,34,4,,1,200,,15564,34,4,,1,200,,15565,34,4,,1,200,,15566,34,4,,1,200,,15567,34,4,,1
3201,'WKDY/31',710,,15568,34,4,,1,200,,15569,34,4,,1,200,,15570,34,4,,1,200,,15571,34,4,,1,200,,15572,34,4,,1,200,,15573,34,4,,1,200,,15574,34,4,,1
3201,'WKDY',610,,15575,34,4,,1,30,,15576,34,4,,1,100,,15577,34,4,,1,70,,15578,34,4,,1,30,,15579,34,4,,1,100,,15580,34,4,,1,70,,15581,34,4,,1,30,,15582,34,4,,1,100,,15583,34,4,,1,70,,15584,34,4,,1,30,,15585,34,4,,1,100,,15586,34,4,,1,70,,15587,34,4,,1,30,,15588,34,4,,1,100,,15589,34,4,,1,70,,15590,34,4,,1,30,,15591,34,4,,1,100,,15592,34,4,,1,70,,15593,34,4,,1,30,,15594,34,4,,1,100,,15595,34,4,,1,100,,15596,34,4,,1,100,,15597,34,4,,1
3201,'SAT',816,,15598,34,4,,1,39,,15599,34,4,,1,81,,15600,34,4,,1,80,,15601,34,4,,1,40,,15602,34,4,,1,81,,15603,34,4,,1,80,,15604,34,4,,1,39,,15605,34,4,,1,80,,15606,34,4,,1,80,,15607,34,4,,1,40,,15608,34,4,,1,80,,15609,34,4,,1,80,,15610,34,4,,1,40,,15611,34,4,,1,79,,15612,34,4,,1,81,,15613,34,4,,1,42,,15614,34,4,,1,79,,15615,34,4,,1,80,,15616,34,4,,1
3201,'SUN',817,,15617,34,4,,1,100,,15618,34,4,,1,99,,15619,34,4,,1,100,,15620,34,4,,1,99,,15621,34,4,,1,102,,15622,34,4,,1,100,,15623,34,4,,1,99,,15624,34,4,,1,99,,15625,34,4,,1,100,,15626,34,4,,1,100,,15627,34,4,,1,100,,15628,34,4,,1,101,,15629,34,4,,1
3201,'NYE',610,,15630,34,4,,1,30,,15631,34,4,,1,100,,15632,34,4,,1,70,,15633,34,4,,1,30,,15634,34,4,,1,100,,15635,34,4,,1,70,,15636,34,4,,1,30,,15637,34,4,,1,100,,15638,34,4,,1,70,,15639,34,4,,1,30,,15640,34,4,,1,100,,15641,34,4,,1,70,,15642,34,4,,1,30,,15643,34,4,,1,100,,15644,34,4,,1,70,,15645,34,4,,1,30,,15646,34,4,,1,100,,15647,34,4,,1,70,,15648,34,4,,1,30,,15649,34,4,,1,100,,15650,34,4,,1,100,,15651,34,4,,1,100,,15652,34,4,,1
3201,'NYE/31',710,,15653,34,4,,1,200,,15654,34,4,,1,200,,15655,34,4,,1,200,,15656,34,4,,1,200,,15657,34,4,,1,200,,15658,34,4,,1,200,,15659,34,4,,1
8001,'SAT',901,,19690,36,4,,1,101,,19692,36,4,,1,101,,19694,36,4,,1,100,,19696,36,4,,1,103,,19698,36,4,,1,100,,19700,36,4,,1,100,,19702,36,4,,1,99,,19704,36,4,,1,99,,19706,36,4,,1,100,,19708,36,4,,1,98,,19710,36,4,,1,99,,19712,36,4,,1,100,,19714,36,4,,1
8001,'SUN',901,,19718,36,4,,1,101,,19720,36,4,,1,101,,19722,36,4,,1,100,,19724,36,4,,1,103,,19726,36,4,,1,100,,19728,36,4,,1,100,,19730,36,4,,1,99,,19732,36,4,,1,99,,19734,36,4,,1,100,,19736,36,4,,1,98,,19738,36,4,,1,99,,19740,36,4,,1,100,,19742,36,4,,1
