3001,'WKDY',529,,15166,21,,,1,94,,15167,39,,,1,30,,15168,39,,,1,65,,15169,39,,,1,34,,15170,39,,,1,76,,15171,39,,,1,31,,15172,39,,,1,66,,15173,39,,,1,31,,15174,39,,,1,68,,15175,39,,,1,31,,15176,39,,,1,69,,15177,39,,,1,30,,15178,39,,,1,70,,15179,39,,,1,30,,15180,39,,,1,74,,15181,39,,,1,72,,15182,39,,,1,30,,15183,39,,,1,70,,15184,39,,,1,34,,15185,39,,,1,73,,15186,39,,,1,28,,15187,39,,,1,69,,15188,39,,,1,25,,15189,39,,,1,28,,15190,39,,,1,68,,15191,39,,,1,28,,15192,39,,,1,69,,15193,39,,,1,28,,15194,39,,,1,65,,15195,39,,,1,30,,15196,39,,,1,67,,15197,39,,,1,99,,15198,39,,,1
3001,'SAT',707,,15199,39,,,1,101,,15200,39,,,1,30,,15201,39,,,1,72,,15202,39,,,1,33,,15203,39,,,1,71,,15204,39,,,1,31,,15205,39,,,1,71,,15206,39,,,1,30,,15207,39,,,1,73,,15208,39,,,1,31,,15209,39,,,1,72,,15210,39,,,1,30,,15211,39,,,1,69,,15212,39,,,1,31,,15213,39,,,1,70,,15214,39,,,1,29,,15215,39,,,1,69,,15216,39,,,1,31,,15217,39,,,1,68,,15218,39,,,1,30,,15219,39,,,1,67,,15220,39,,,1,100,,15221,39,,,1,98,,15222,39,,,1,100,,15223,39,,,1
3001,'SUN',708,,15224,39,,,1,101,,15225,39,,,1,106,,15226,39,,,1,100,,15227,39,,,1,102,,15228,39,,,1,101,,15229,39,,,1,102,,15230,39,,,1,100,,15231,39,,,1,100,,15232,39,,,1,99,,15233,39,,,1,100,,15234,39,,,1,99,,15235,39,,,1,97,,15236,39,,,1,98,,15237,39,,,1,100,,15238,39,,,1
3001,'NYE',529,,15239,21,,,1,94,,15240,39,,,1,30,,15241,39,,,1,65,,15242,39,,,1,34,,15243,39,,,1,76,,15244,39,,,1,31,,15245,39,,,1,66,,15246,39,,,1,31,,15247,39,,,1,68,,15248,39,,,1,31,,15249,39,,,1,69,,15250,39,,,1,30,,15251,39,,,1,70,,15252,39,,,1,30,,15253,39,,,1,74,,15254,39,,,1,72,,15255,39,,,1,30,,15256,39,,,1,70,,15257,39,,,1,34,,15258,39,,,1,73,,15259,39,,,1,28,,15260,39,,,1,69,,15261,39,,,1,25,,15262,39,,,1,28,,15263,39,,,1,68,,15264,39,,,1,28,,15265,39,,,1,69,,15266,39,,,1,28,,15267,39,,,1,65,,15268,39,,,1,30,,15269,39,,,1,67,,15270,39,,,1,99,,15271,39,,,1
7400,'WKDY',500,,19167,21,,,1,102,,19168,21,,,1,29,,19169,21,,,1,72,,19170,21,,,1,30,,19171,21,,,1,70,,19172,21,,,1,30,,19173,21,,,1,70,,19174,21,,,1,100,,19175,21,,,1,31,,19176,21,,,1,70,,19177,21,,,1,30,,19178,21,,,1,100,,19179,21,,,1,70,,19180,21,,,1,31,,19181,21,,,1,70,,19182,21,,,1,100,,19183,21,,,1,30,,19184,21,,,1,71,,19185,21,,,1,30,,19186,21,,,1,100,,19187,21,,,1,69,,19188,21,,,1,29,,19189,21,,,1,69,,19190,21,,,1,100,,19191,21,,,1,99,,19192,21,,,1
7400,'WKDY/30',933,,19153,21,,,1,271,,19154,21,,,1,231,,19155,21,,,1,271,,19156,21,,,1,227,,19157,21,,,1,99,,19158,21,,,1,99,,19159,21,,,1
7400,'WKDY/31',933,,19160,21,,,1,271,,19161,21,,,1,231,,19162,21,,,1,271,,19163,21,,,1,227,,19164,21,,,1,99,,19165,21,,,1,99,,19166,21,,,1
7400,'SAT',734,,19193,21,,,1,101,,19194,21,,,1,100,,19195,21,,,1,100,,19196,21,,,1,102,,19197,21,,,1,100,,19198,21,,,1,103,,19199,21,,,1,97,,19200,21,,,1,100,,19201,21,,,1,100,,19202,21,,,1,100,,19203,21,,,1,100,,19204,21,,,1,99,,19205,21,,,1,100,,19206,21,,,1
7400,'SUN',734,,19207,21,,,1,101,,19208,21,,,1,100,,19209,21,,,1,100,,19210,21,,,1,102,,19211,21,,,1,100,,19212,21,,,1,103,,19213,21,,,1,97,,19214,21,,,1,100,,19215,21,,,1,100,,19216,21,,,1,100,,19217,21,,,1,100,,19218,21,,,1,99,,19219,21,,,1,100,,19220,21,,,1
7400,'NYE',500,,19221,21,,,1,102,,19222,21,,,1,29,,19223,21,,,1,72,,19224,21,,,1,30,,19225,21,,,1,70,,19226,21,,,1,30,,19227,21,,,1,70,,19228,21,,,1,100,,19229,21,,,1,31,,19230,21,,,1,70,,19231,21,,,1,30,,19232,21,,,1,100,,19233,21,,,1,70,,19234,21,,,1,31,,19235,21,,,1,70,,19236,21,,,1,100,,19237,21,,,1,30,,19238,21,,,1,71,,19239,21,,,1,30,,19240,21,,,1,100,,19241,21,,,1,69,,19242,21,,,1,29,,19243,21,,,1,69,,19244,21,,,1,100,,19245,21,,,1,99,,19246,21,,,1
7400,'NYE/31',933,,19247,21,,,1,271,,19248,21,,,1,231,,19249,21,,,1,271,,19250,21,,,1,227,,19251,21,,,1,99,,19252,21,,,1,99,,19253,21,,,1
