7200,'WKDY',541,,18981,28,4,,1,93,,18982,28,4,,1,70,,18983,28,4,,1,30,,18984,28,4,,1,74,,18985,28,4,,1,29,,18986,28,4,,1,99,,18987,28,4,,1,70,,18988,28,4,,1,30,,18989,28,4,,1,72,,18990,28,4,,1,100,,18991,28,4,,1,30,,18992,28,4,,1,70,,18993,28,4,,1,30,,18994,28,4,,1,101,,18995,28,4,,1,73,,18996,28,4,,1,30,,18997,28,4,,1,72,,18998,28,4,,1,95,,18999,28,4,,1,30,,19000,28,4,,1,70,,19001,28,4,,1,25,,19002,28,4,,1,99,,19003,28,4,,1,99,,19004,28,4,,1
7200,'WKDY/30',906,,18971,28,4,,1,232,,18972,28,4,,1,271,,18973,28,4,,1,235,,18974,28,4,,1,259,,18975,28,4,,1
7200,'WKDY/31',906,,18976,28,4,,1,232,,18977,28,4,,1,271,,18978,28,4,,1,235,,18979,28,4,,1,259,,18980,28,4,,1
7200,'SAT',804,,19006,28,4,,1,102,,19007,28,4,,1,101,,19008,28,4,,1,100,,19009,28,4,,1,102,,19010,28,4,,1,302,,19013,28,4,,1,99,,19014,28,4,,1,100,,19015,28,4,,1,98,,19016,28,4,,1,100,,19017,28,4,,1,99,,19018,28,4,,1
7200,'SUN',804,,19019,28,4,,1,102,,19020,28,4,,1,101,,19021,28,4,,1,100,,19022,28,4,,1,102,,19023,28,4,,1,302,,19026,28,4,,1,99,,19027,28,4,,1,100,,19028,28,4,,1,98,,19029,28,4,,1,100,,19030,28,4,,1,99,,19031,28,4,,1
7200,'NYE',541,,19032,28,4,,1,93,,19033,28,4,,1,70,,19034,28,4,,1,30,,19035,28,4,,1,74,,19036,28,4,,1,29,,19037,28,4,,1,99,,19038,28,4,,1,70,,19039,28,4,,1,30,,19040,28,4,,1,72,,19041,28,4,,1,100,,19042,28,4,,1,30,,19043,28,4,,1,70,,19044,28,4,,1,30,,19045,28,4,,1,101,,19046,28,4,,1,73,,19047,28,4,,1,30,,19048,28,4,,1,72,,19049,28,4,,1,95,,19050,28,4,,1,30,,19051,28,4,,1,70,,19052,28,4,,1,25,,19053,28,4,,1,99,,19054,28,4,,1,99,,19055,28,4,,1
7200,'NYE/31',906,,19057,28,4,,1,232,,19058,28,4,,1,271,,19059,28,4,,1,235,,19060,28,4,,1,259,,19061,28,4,,1
7400,'WKDY',444,,19167,1,,,1,101,,19168,1,,,1,69,,19169,1,,,1,31,,19170,1,,,1,69,,19171,1,,,1,30,,19172,1,,,1,70,,19173,1,,,1,30,,19174,1,,,1,100,,19175,1,,,1,70,,19176,1,,,1,30,,19177,1,,,1,70,,19178,1,,,1,100,,19179,1,,,1,30,,19180,1,,,1,70,,19181,1,,,1,30,,19182,1,,,1,100,,19183,1,,,1,70,,19184,1,,,1,30,,19185,1,,,1,70,,19186,1,,,1,100,,19187,1,,,1,30,,19188,1,,,1,70,,19189,1,,,1,30,,19190,1,,,1,100,,19191,1,,,1,100,,19192,1,,,1
7400,'WKDY/30',914,,19153,1,,,1,230,,19154,1,,,1,270,,19155,1,,,1,230,,19156,1,,,1,270,,19157,1,,,1,100,,19158,1,,,1,100,,19159,1,,,1
7400,'WKDY/31',914,,19160,1,,,1,230,,19161,1,,,1,270,,19162,1,,,1,230,,19163,1,,,1,270,,19164,1,,,1,100,,19165,1,,,1,100,,19166,1,,,1
7400,'SAT',718,,19193,1,,,1,100,,19194,1,,,1,100,,19195,1,,,1,100,,19196,1,,,1,100,,19197,1,,,1,100,,19198,1,,,1,103,,19199,1,,,1,97,,19200,1,,,1,100,,19201,1,,,1,100,,19202,1,,,1,100,,19203,1,,,1,100,,19204,1,,,1,100,,19205,1,,,1,100,,19206,1,,,1
7400,'SUN',718,,19207,1,,,1,100,,19208,1,,,1,100,,19209,1,,,1,100,,19210,1,,,1,100,,19211,1,,,1,100,,19212,1,,,1,103,,19213,1,,,1,97,,19214,1,,,1,100,,19215,1,,,1,100,,19216,1,,,1,100,,19217,1,,,1,100,,19218,1,,,1,100,,19219,1,,,1,100,,19220,1,,,1
7400,'NYE',444,,19221,1,,,1,101,,19222,1,,,1,69,,19223,1,,,1,31,,19224,1,,,1,69,,19225,1,,,1,30,,19226,1,,,1,70,,19227,1,,,1,30,,19228,1,,,1,100,,19229,1,,,1,70,,19230,1,,,1,30,,19231,1,,,1,70,,19232,1,,,1,100,,19233,1,,,1,30,,19234,1,,,1,70,,19235,1,,,1,30,,19236,1,,,1,100,,19237,1,,,1,70,,19238,1,,,1,30,,19239,1,,,1,70,,19240,1,,,1,100,,19241,1,,,1,30,,19242,1,,,1,70,,19243,1,,,1,30,,19244,1,,,1,100,,19245,1,,,1,100,,19246,1,,,1
7400,'NYE/31',914,,19247,1,,,1,230,,19248,1,,,1,270,,19249,1,,,1,230,,19250,1,,,1,270,,19251,1,,,1,100,,19252,1,,,1,100,,19253,1,,,1
7401,'WKDY',1913,,19291,26,4,,1
7401,'WKDY/30',2012,,19259,26,4,,1,98,,19260,26,4,,1,99,,19261,26,4,,1
7401,'WKDY/31',2012,,19267,26,4,,1,98,,19268,26,4,,1,99,,19269,26,4,,1
7401,'SAT',1319,,19299,26,4,,1,103,,19300,26,4,,1,592,,19306,26,4,,1,98,,19307,26,4,,1
7401,'SUN',1319,,19313,26,4,,1,103,,19314,26,4,,1,592,,19320,26,4,,1,98,,19321,26,4,,1
7401,'NYE',1913,,19343,26,4,,1
7401,'NYE/31',2012,,19351,26,4,,1,98,,19352,26,4,,1,99,,19353,26,4,,1
