700,'WKDY/30',724,,14306,5,,,1,133,,14307,5,,,1,170,,14308,5,,,1,132,,14309,5,,,1,171,,14310,5,,,1,174,,14311,5,,,1,129,,14312,5,,,1,169,,14313,5,,,1,125,,14314,5,,,1
700,'WKDY/31',724,,14315,5,,,1,133,,14316,5,,,1,170,,14317,5,,,1,132,,14318,5,,,1,171,,14319,5,,,1,174,,14320,5,,,1,129,,14321,5,,,1,169,,14322,5,,,1,125,,14323,5,,,1
700,'WKDY',619,,14324,5,,,1,20,,14325,5,,,1,114,,14326,5,,,1,74,,14327,5,,,1,100,,14328,5,,,1,30,,14329,5,,,1,100,,14330,5,,,1,70,,14331,5,,,1,102,,14332,5,,,1,30,,14333,5,,,1,142,,14334,5,,,1,30,,14335,5,,,1,103,,14336,5,,,1,70,,14337,5,,,1,99,,14338,5,,,1,30,,14339,5,,,1,99,,14340,5,,,1,25,,14341,5,,,1,100,,14342,5,,,1,100,,14343,5,,,1,96,,14344,5,,,1
700,'SAT',722,,14345,5,,,1,100,,14346,5,,,1,103,,14347,5,,,1,101,,14348,5,,,1,102,,14349,5,,,1,102,,14350,5,,,1,100,,14351,5,,,1,102,,14352,5,,,1,100,,14353,5,,,1,100,,14354,5,,,1,100,,14355,5,,,1,95,,14356,5,,,1,100,,14357,5,,,1,97,,14358,5,,,1,100,,14359,5,,,1
700,'SUN',722,,14360,5,,,1,100,,14361,5,,,1,103,,14362,5,,,1,101,,14363,5,,,1,102,,14364,5,,,1,102,,14365,5,,,1,100,,14366,5,,,1,102,,14367,5,,,1,100,,14368,5,,,1,100,,14369,5,,,1,100,,14370,5,,,1,95,,14371,5,,,1,100,,14372,5,,,1,97,,14373,5,,,1,100,,14374,5,,,1
700,'NYE',619,,14375,5,,,1,20,,14376,5,,,1,114,,14377,5,,,1,74,,14378,5,,,1,100,,14379,5,,,1,30,,14380,5,,,1,100,,14381,5,,,1,70,,14382,5,,,1,102,,14383,5,,,1,30,,14384,5,,,1,142,,14385,5,,,1,30,,14386,5,,,1,103,,14387,5,,,1,70,,14388,5,,,1,99,,14389,5,,,1,30,,14390,5,,,1,99,,14391,5,,,1,25,,14392,5,,,1,100,,14393,5,,,1,100,,14394,5,,,1,96,,14395,5,,,1
700,'NYE/31',724,,14396,5,,,1,133,,14397,5,,,1,170,,14398,5,,,1,132,,14399,5,,,1,171,,14400,5,,,1,174,,14401,5,,,1,129,,14402,5,,,1,169,,14403,5,,,1,125,,14404,5,,,1
4701,'WKDY/30',1311,,15985,3,,,1,606,,15986,3,,,1
4701,'WKDY/31',1311,,15987,3,,,1,606,,15988,3,,,1
4701,'NYE/31',1311,,15991,3,,,1,606,,15992,3,,,1
