3100,'WKDY/30',747,,15272,9,,,1,202,,15273,9,,,1,200,,15274,9,,,1,201,,15275,9,,,1,203,,15276,9,,,1,197,,15277,9,,,1
3100,'WKDY/31',747,,15278,9,,,1,202,,15279,9,,,1,200,,15280,9,,,1,201,,15281,9,,,1,203,,15282,9,,,1,197,,15283,9,,,1
3100,'WKDY',544,,15284,9,,,1,71,,15285,9,,,1,31,,15286,9,,,1,71,,15287,9,,,1,102,,15288,9,,,1,30,,15289,9,,,1,70,,15290,9,,,1,100,,15291,9,,,1,30,,15292,9,,,1,70,,15293,9,,,1,101,,15294,9,,,1,30,,15295,9,,,1,70,,15296,9,,,1,100,,15297,9,,,1,33,,15298,9,,,1,70,,15299,9,,,1,99,,15300,9,,,1,29,,15301,9,,,1,69,,15302,9,,,1,99,,15303,9,,,1,30,,15304,9,,,1,69,,15305,9,,,1,100,,15306,9,,,1,100,,15307,9,,,1
3100,'SAT',852,,15308,9,,,1,80,,15309,9,,,1,80,,15310,9,,,1,40,,15311,9,,,1,81,,15312,9,,,1,80,,15313,9,,,1,40,,15314,9,,,1,80,,15315,9,,,1,80,,15316,9,,,1,40,,15317,9,,,1,80,,15318,9,,,1,80,,15319,9,,,1,40,,15320,9,,,1,80,,15321,9,,,1,79,,15322,9,,,1,40,,15323,9,,,1,80,,15324,9,,,1,80,,15325,9,,,1
3100,'SUN',850,,15326,9,,,1,100,,15327,9,,,1,101,,15328,9,,,1,100,,15329,9,,,1,100,,15330,9,,,1,100,,15331,9,,,1,100,,15332,9,,,1,100,,15333,9,,,1,100,,15334,9,,,1,100,,15335,9,,,1,99,,15336,9,,,1,100,,15337,9,,,1
3100,'NYE',544,,15338,9,,,1,71,,15339,9,,,1,31,,15340,9,,,1,71,,15341,9,,,1,102,,15342,9,,,1,30,,15343,9,,,1,70,,15344,9,,,1,100,,15345,9,,,1,30,,15346,9,,,1,70,,15347,9,,,1,101,,15348,9,,,1,30,,15349,9,,,1,70,,15350,9,,,1,100,,15351,9,,,1,33,,15352,9,,,1,70,,15353,9,,,1,99,,15354,9,,,1,29,,15355,9,,,1,69,,15356,9,,,1,99,,15357,9,,,1,30,,15358,9,,,1,69,,15359,9,,,1,100,,15360,9,,,1,100,,15361,9,,,1
3100,'NYE/31',747,,15362,9,,,1,202,,15363,9,,,1,200,,15364,9,,,1,201,,15365,9,,,1,203,,15366,9,,,1,197,,15367,9,,,1
7101,'WKDY/30',745,,18765,12,,,1,104,,18766,12,,,1,156,,18767,12,,,1,117,,18768,12,,,1,117,,18769,12,,,1,115,,18770,12,,,1,157,,18771,12,,,1,116,,18772,12,,,1,128,,18773,12,,,1
7101,'WKDY/31',745,,18774,12,,,1,104,,18775,12,,,1,156,,18776,12,,,1,117,,18777,12,,,1,117,,18778,12,,,1,115,,18779,12,,,1,157,,18780,12,,,1,116,,18781,12,,,1,128,,18782,12,,,1
7101,'WKDY',555,,18783,12,,,1,73,,18784,12,,,1,72,,18785,12,,,1,30,,18786,12,,,1,70,,18787,12,,,1,16,,18788,12,,,1,15,,18789,12,,,1,73,,18790,12,,,1,16,,18791,12,,,1,15,,18792,12,,,1,15,,18793,12,,,1,70,,18794,12,,,1,17,,18795,12,,,1,15,,18796,12,,,1,55,,18797,12,,,1,30,,18798,12,,,1,17,,18799,12,,,1,55,,18800,12,,,1,15,,18801,12,,,1,30,,18802,12,,,1,55,,18803,12,,,1,15,,18804,12,,,1,15,,18805,12,,,1,70,,18806,12,,,1,16,,18807,12,,,1,15,,18808,12,,,1,16,,18809,12,,,1,70,,18810,12,,,1,15,,18811,12,,,1,15,,18812,12,,,1,55,,18813,12,,,1,31,,18814,12,,,1,13,,18815,12,,,1,55,,18816,12,,,1,15,,18817,12,,,1,15,,18818,12,,,1,68,,18819,12,,,1,15,,18820,12,,,1,28,,18821,12,,,1,70,,18822,12,,,1,29,,18823,12,,,1,70,,18824,12,,,1,28,,18825,12,,,1,68,,18826,12,,,1,30,,18827,12,,,1,67,,18828,12,,,1,30,,18829,12,,,1,100,,18830,12,,,1
7101,'SAT',654,,18831,12,,,1,60,,18832,12,,,1,20,,18833,12,,,1,20,,18834,12,,,1,61,,18835,12,,,1,21,,18836,12,,,1,20,,18837,12,,,1,61,,18838,12,,,1,19,,18839,12,,,1,23,,18840,12,,,1,59,,18841,12,,,1,20,,18842,12,,,1,21,,18843,12,,,1,60,,18844,12,,,1,20,,18845,12,,,1,20,,18846,12,,,1,61,,18847,12,,,1,21,,18848,12,,,1,63,,18849,12,,,1,25,,18850,12,,,1,20,,18851,12,,,1,61,,18852,12,,,1,20,,18853,12,,,1,20,,18854,12,,,1,60,,18855,12,,,1,20,,18856,12,,,1,20,,18857,12,,,1,60,,18858,12,,,1,19,,18859,12,,,1,21,,18860,12,,,1,60,,18861,12,,,1,17,,18862,12,,,1,19,,18863,12,,,1,60,,18864,12,,,1,20,,18865,12,,,1,18,,18866,12,,,1,60,,18867,12,,,1,19,,18868,12,,,1,19,,18869,12,,,1,60,,18870,12,,,1,20,,18871,12,,,1,21,,18872,12,,,1,59,,18873,12,,,1,19,,18874,12,,,1,19,,18875,12,,,1,19,,18876,12,,,1,70,,18877,12,,,1,28,,18878,12,,,1,68,,18879,12,,,1
7101,'SUN',654,,18880,12,,,1,70,,18881,12,,,1,30,,18882,12,,,1,71,,18883,12,,,1,32,,18884,12,,,1,70,,18885,12,,,1,73,,18886,12,,,1,30,,18887,12,,,1,70,,18888,12,,,1,31,,18889,12,,,1,70,,18890,12,,,1,32,,18891,12,,,1,73,,18892,12,,,1,30,,18893,12,,,1,70,,18894,12,,,1,30,,18895,12,,,1,70,,18896,12,,,1,30,,18897,12,,,1,70,,18898,12,,,1,30,,18899,12,,,1,70,,18900,12,,,1,26,,18901,12,,,1,70,,18902,12,,,1,30,,18903,12,,,1,69,,18904,12,,,1,30,,18905,12,,,1,28,,18906,12,,,1,69,,18907,12,,,1,29,,18908,12,,,1,69,,18909,12,,,1,29,,18910,12,,,1,69,,18911,12,,,1,30,,18912,12,,,1,70,,18913,12,,,1
7101,'NYE',555,,18914,12,,,1,73,,18915,12,,,1,72,,18916,12,,,1,30,,18917,12,,,1,70,,18918,12,,,1,16,,18919,12,,,1,15,,18920,12,,,1,73,,18921,12,,,1,16,,18922,12,,,1,15,,18923,12,,,1,15,,18924,12,,,1,70,,18925,12,,,1,17,,18926,12,,,1,15,,18927,12,,,1,55,,18928,12,,,1,30,,18929,12,,,1,17,,18930,12,,,1,55,,18931,12,,,1,15,,18932,12,,,1,30,,18933,12,,,1,55,,18934,12,,,1,15,,18935,12,,,1,15,,18936,12,,,1,70,,18937,12,,,1,16,,18938,12,,,1,15,,18939,12,,,1,16,,18940,12,,,1,70,,18941,12,,,1,15,,18942,12,,,1,15,,18943,12,,,1,55,,18944,12,,,1,31,,18945,12,,,1,13,,18946,12,,,1,55,,18947,12,,,1,15,,18948,12,,,1,15,,18949,12,,,1,68,,18950,12,,,1,15,,18951,12,,,1,28,,18952,12,,,1,70,,18953,12,,,1,29,,18954,12,,,1,70,,18955,12,,,1,28,,18956,12,,,1,68,,18957,12,,,1,30,,18958,12,,,1,67,,18959,12,,,1,30,,18960,12,,,1,100,,18961,12,,,1
7101,'NYE/31',745,,18962,12,,,1,104,,18963,12,,,1,156,,18964,12,,,1,117,,18965,12,,,1,117,,18966,12,,,1,115,,18967,12,,,1,157,,18968,12,,,1,116,,18969,12,,,1,128,,18970,12,,,1
