3101,'WKDY/30',637,,15368,19,,,1,197,,15369,19,,,1,199,,15370,19,,,1,197,,15371,19,,,1,200,,15372,19,,,1,199,,15373,19,,,1,205,,15374,19,,,1
3101,'WKDY/31',637,,15375,19,,,1,197,,15376,19,,,1,199,,15377,19,,,1,197,,15378,19,,,1,200,,15379,19,,,1,199,,15380,19,,,1,205,,15381,19,,,1
3101,'WKDY',538,,15382,19,,,1,69,,15383,19,,,1,98,,15384,19,,,1,30,,15385,19,,,1,70,,15386,19,,,1,98,,15387,19,,,1,30,,15388,19,,,1,70,,15389,19,,,1,100,,15390,19,,,1,28,,15391,19,,,1,70,,15392,19,,,1,58,,15393,19,,,1,70,,15394,19,,,1,71,,15395,19,,,1,100,,15396,19,,,1,29,,15397,19,,,1,30,,15398,19,,,1,100,,15399,19,,,1,74,,15400,19,,,1,70,,15401,19,,,1,102,,15402,19,,,1,101,,15403,19,,,1,100,,15404,19,,,1
3101,'SAT',746,,15405,19,,,1,79,,15406,19,,,1,79,,15407,19,,,1,39,,15408,19,,,1,79,,15409,19,,,1,80,,15410,19,,,1,38,,15411,19,,,1,79,,15412,19,,,1,40,,15413,19,,,1,80,,15414,19,,,1,80,,15415,19,,,1,40,,15416,19,,,1,80,,15417,19,,,1,82,,15418,19,,,1,80,,15419,19,,,1,41,,15420,19,,,1,82,,15421,19,,,1,81,,15422,19,,,1,40,,15423,19,,,1
3101,'SUN',745,,15424,19,,,1,100,,15425,19,,,1,98,,15426,19,,,1,100,,15427,19,,,1,96,,15428,19,,,1,101,,15429,19,,,1,100,,15430,19,,,1,100,,15431,19,,,1,100,,15432,19,,,1,100,,15433,19,,,1,101,,15434,19,,,1,102,,15435,19,,,1,102,,15436,19,,,1
3101,'NYE',538,,15437,19,,,1,69,,15438,19,,,1,98,,15439,19,,,1,30,,15440,19,,,1,70,,15441,19,,,1,98,,15442,19,,,1,30,,15443,19,,,1,70,,15444,19,,,1,100,,15445,19,,,1,28,,15446,19,,,1,70,,15447,19,,,1,58,,15448,19,,,1,70,,15449,19,,,1,71,,15450,19,,,1,100,,15451,19,,,1,29,,15452,19,,,1,30,,15453,19,,,1,100,,15454,19,,,1,74,,15455,19,,,1,70,,15456,19,,,1,102,,15457,19,,,1,101,,15458,19,,,1,100,,15459,19,,,1
3101,'NYE/31',637,,15460,19,,,1,197,,15461,19,,,1,199,,15462,19,,,1,197,,15463,19,,,1,200,,15464,19,,,1,199,,15465,19,,,1,205,,15466,19,,,1
7100,'WKDY/30',726,,18559,17,,,1,103,,18560,17,,,1,116,,18561,17,,,1,156,,18562,17,,,1,117,,18563,17,,,1,115,,18564,17,,,1,115,,18565,17,,,1,156,,18566,17,,,1,129,,18567,17,,,1
7100,'WKDY/31',726,,18568,17,,,1,103,,18569,17,,,1,116,,18570,17,,,1,156,,18571,17,,,1,117,,18572,17,,,1,115,,18573,17,,,1,115,,18574,17,,,1,156,,18575,17,,,1,129,,18576,17,,,1
7100,'WKDY',539,,18577,17,,,1,71,,18578,17,,,1,31,,18579,17,,,1,70,,18580,17,,,1,30,,18581,17,,,1,16,,18582,17,,,1,55,,18583,17,,,1,32,,18584,17,,,1,56,,18585,17,,,1,15,,18586,17,,,1,15,,18587,17,,,1,70,,18588,17,,,1,16,,18589,17,,,1,15,,18590,17,,,1,15,,18591,17,,,1,70,,18592,17,,,1,17,,18593,17,,,1,15,,18594,17,,,1,55,,18595,17,,,1,30,,18596,17,,,1,15,,18597,17,,,1,55,,18598,17,,,1,15,,18599,17,,,1,30,,18600,17,,,1,55,,18601,17,,,1,15,,18602,17,,,1,15,,18603,17,,,1,70,,18604,17,,,1,15,,18605,17,,,1,15,,18606,17,,,1,15,,18607,17,,,1,71,,18608,17,,,1,14,,18609,17,,,1,15,,18610,17,,,1,55,,18611,17,,,1,15,,18612,17,,,1,29,,18613,17,,,1,55,,18614,17,,,1,28,,18615,17,,,1,70,,18616,17,,,1,30,,18617,17,,,1,70,,18618,17,,,1,28,,18619,17,,,1,29,,18620,17,,,1,70,,18621,17,,,1,29,,18622,17,,,1,70,,18623,17,,,1,100,,18624,17,,,1
7100,'SAT',636,,18625,17,,,1,20,,18626,17,,,1,60,,18627,17,,,1,20,,18628,17,,,1,21,,18629,17,,,1,61,,18630,17,,,1,20,,18631,17,,,1,20,,18632,17,,,1,58,,18633,17,,,1,22,,18634,17,,,1,19,,18635,17,,,1,60,,18636,17,,,1,20,,18637,17,,,1,20,,18638,17,,,1,60,,18639,17,,,1,20,,18640,17,,,1,21,,18641,17,,,1,61,,18642,17,,,1,22,,18643,17,,,1,63,,18644,17,,,1,20,,18645,17,,,1,21,,18646,17,,,1,60,,18647,17,,,1,20,,18648,17,,,1,21,,18649,17,,,1,60,,18650,17,,,1,20,,18651,17,,,1,20,,18652,17,,,1,60,,18653,17,,,1,21,,18654,17,,,1,20,,18655,17,,,1,58,,18656,17,,,1,19,,18657,17,,,1,20,,18658,17,,,1,60,,18659,17,,,1,18,,18660,17,,,1,20,,18661,17,,,1,59,,18662,17,,,1,20,,18663,17,,,1,20,,18664,17,,,1,60,,18665,17,,,1,21,,18666,17,,,1,20,,18667,17,,,1,59,,18668,17,,,1,20,,18669,17,,,1,20,,18670,17,,,1,70,,18671,17,,,1,29,,18672,17,,,1,68,,18673,17,,,1
7100,'SUN',636,,18674,17,,,1,70,,18675,17,,,1,30,,18676,17,,,1,70,,18677,17,,,1,32,,18678,17,,,1,70,,18679,17,,,1,31,,18680,17,,,1,70,,18681,17,,,1,30,,18682,17,,,1,71,,18683,17,,,1,30,,18684,17,,,1,71,,18685,17,,,1,32,,18686,17,,,1,70,,18687,17,,,1,30,,18688,17,,,1,70,,18689,17,,,1,30,,18690,17,,,1,70,,18691,17,,,1,30,,18692,17,,,1,70,,18693,17,,,1,30,,18694,17,,,1,67,,18695,17,,,1,30,,18696,17,,,1,70,,18697,17,,,1,30,,18698,17,,,1,70,,18699,17,,,1,28,,18700,17,,,1,70,,18701,17,,,1,30,,18702,17,,,1,70,,18703,17,,,1,30,,18704,17,,,1,69,,18705,17,,,1,30,,18706,17,,,1,70,,18707,17,,,1
7100,'NYE',539,,18708,17,,,1,71,,18709,17,,,1,31,,18710,17,,,1,70,,18711,17,,,1,30,,18712,17,,,1,16,,18713,17,,,1,55,,18714,17,,,1,32,,18715,17,,,1,56,,18716,17,,,1,15,,18717,17,,,1,15,,18718,17,,,1,70,,18719,17,,,1,16,,18720,17,,,1,15,,18721,17,,,1,15,,18722,17,,,1,70,,18723,17,,,1,17,,18724,17,,,1,15,,18725,17,,,1,55,,18726,17,,,1,30,,18727,17,,,1,15,,18728,17,,,1,55,,18729,17,,,1,15,,18730,17,,,1,30,,18731,17,,,1,55,,18732,17,,,1,15,,18733,17,,,1,15,,18734,17,,,1,70,,18735,17,,,1,15,,18736,17,,,1,15,,18737,17,,,1,15,,18738,17,,,1,71,,18739,17,,,1,14,,18740,17,,,1,15,,18741,17,,,1,55,,18742,17,,,1,15,,18743,17,,,1,29,,18744,17,,,1,55,,18745,17,,,1,28,,18746,17,,,1,70,,18747,17,,,1,30,,18748,17,,,1,70,,18749,17,,,1,28,,18750,17,,,1,29,,18751,17,,,1,70,,18752,17,,,1,29,,18753,17,,,1,70,,18754,17,,,1,100,,18755,17,,,1
7100,'NYE/31',726,,18756,17,,,1,103,,18757,17,,,1,116,,18758,17,,,1,156,,18759,17,,,1,117,,18760,17,,,1,115,,18761,17,,,1,115,,18762,17,,,1,156,,18763,17,,,1,129,,18764,17,,,1
