3100,'WKDY/30',745,,15272,6,,,1,202,,15273,6,,,1,200,,15274,6,,,1,201,,15275,6,,,1,202,,15276,6,,,1,198,,15277,6,,,1
3100,'WKDY/31',745,,15278,6,,,1,202,,15279,6,,,1,200,,15280,6,,,1,201,,15281,6,,,1,202,,15282,6,,,1,198,,15283,6,,,1
3100,'WKDY',543,,15284,6,,,1,71,,15285,6,,,1,30,,15286,6,,,1,71,,15287,6,,,1,102,,15288,6,,,1,30,,15289,6,,,1,70,,15290,6,,,1,100,,15291,6,,,1,30,,15292,6,,,1,70,,15293,6,,,1,101,,15294,6,,,1,30,,15295,6,,,1,70,,15296,6,,,1,100,,15297,6,,,1,32,,15298,6,,,1,70,,15299,6,,,1,99,,15300,6,,,1,30,,15301,6,,,1,69,,15302,6,,,1,99,,15303,6,,,1,30,,15304,6,,,1,69,,15305,6,,,1,100,,15306,6,,,1,100,,15307,6,,,1
3100,'SAT',851,,15308,6,,,1,80,,15309,6,,,1,80,,15310,6,,,1,40,,15311,6,,,1,81,,15312,6,,,1,80,,15313,6,,,1,40,,15314,6,,,1,80,,15315,6,,,1,80,,15316,6,,,1,40,,15317,6,,,1,80,,15318,6,,,1,80,,15319,6,,,1,40,,15320,6,,,1,80,,15321,6,,,1,79,,15322,6,,,1,40,,15323,6,,,1,80,,15324,6,,,1,80,,15325,6,,,1
3100,'SUN',849,,15326,6,,,1,100,,15327,6,,,1,101,,15328,6,,,1,100,,15329,6,,,1,100,,15330,6,,,1,100,,15331,6,,,1,100,,15332,6,,,1,100,,15333,6,,,1,100,,15334,6,,,1,100,,15335,6,,,1,99,,15336,6,,,1,100,,15337,6,,,1
3100,'NYE',543,,15338,6,,,1,71,,15339,6,,,1,30,,15340,6,,,1,71,,15341,6,,,1,102,,15342,6,,,1,30,,15343,6,,,1,70,,15344,6,,,1,100,,15345,6,,,1,30,,15346,6,,,1,70,,15347,6,,,1,101,,15348,6,,,1,30,,15349,6,,,1,70,,15350,6,,,1,100,,15351,6,,,1,32,,15352,6,,,1,70,,15353,6,,,1,99,,15354,6,,,1,30,,15355,6,,,1,69,,15356,6,,,1,99,,15357,6,,,1,30,,15358,6,,,1,69,,15359,6,,,1,100,,15360,6,,,1,100,,15361,6,,,1
3100,'NYE/31',745,,15362,6,,,1,202,,15363,6,,,1,200,,15364,6,,,1,201,,15365,6,,,1,202,,15366,6,,,1,198,,15367,6,,,1
7101,'WKDY/30',743,,18765,9,,,1,104,,18766,9,,,1,156,,18767,9,,,1,117,,18768,9,,,1,117,,18769,9,,,1,115,,18770,9,,,1,156,,18771,9,,,1,116,,18772,9,,,1,128,,18773,9,,,1
7101,'WKDY/31',743,,18774,9,,,1,104,,18775,9,,,1,156,,18776,9,,,1,117,,18777,9,,,1,117,,18778,9,,,1,115,,18779,9,,,1,156,,18780,9,,,1,116,,18781,9,,,1,128,,18782,9,,,1
7101,'WKDY',554,,18783,9,,,1,73,,18784,9,,,1,31,,18785,9,,,1,70,,18786,9,,,1,30,,18787,9,,,1,56,,18788,9,,,1,15,,18789,9,,,1,73,,18790,9,,,1,16,,18791,9,,,1,15,,18792,9,,,1,15,,18793,9,,,1,70,,18794,9,,,1,17,,18795,9,,,1,15,,18796,9,,,1,55,,18797,9,,,1,30,,18798,9,,,1,17,,18799,9,,,1,55,,18800,9,,,1,15,,18801,9,,,1,30,,18802,9,,,1,55,,18803,9,,,1,15,,18804,9,,,1,15,,18805,9,,,1,70,,18806,9,,,1,16,,18807,9,,,1,15,,18808,9,,,1,15,,18809,9,,,1,70,,18810,9,,,1,15,,18811,9,,,1,15,,18812,9,,,1,55,,18813,9,,,1,31,,18814,9,,,1,13,,18815,9,,,1,55,,18816,9,,,1,15,,18817,9,,,1,15,,18818,9,,,1,69,,18819,9,,,1,15,,18820,9,,,1,28,,18821,9,,,1,70,,18822,9,,,1,29,,18823,9,,,1,70,,18824,9,,,1,28,,18825,9,,,1,68,,18826,9,,,1,30,,18827,9,,,1,68,,18828,9,,,1,30,,18829,9,,,1,100,,18830,9,,,1
7101,'SAT',652,,18831,9,,,1,60,,18832,9,,,1,20,,18833,9,,,1,20,,18834,9,,,1,62,,18835,9,,,1,21,,18836,9,,,1,20,,18837,9,,,1,61,,18838,9,,,1,19,,18839,9,,,1,22,,18840,9,,,1,59,,18841,9,,,1,20,,18842,9,,,1,21,,18843,9,,,1,60,,18844,9,,,1,20,,18845,9,,,1,20,,18846,9,,,1,61,,18847,9,,,1,21,,18848,9,,,1,63,,18849,9,,,1,25,,18850,9,,,1,20,,18851,9,,,1,61,,18852,9,,,1,20,,18853,9,,,1,20,,18854,9,,,1,60,,18855,9,,,1,20,,18856,9,,,1,20,,18857,9,,,1,60,,18858,9,,,1,19,,18859,9,,,1,21,,18860,9,,,1,60,,18861,9,,,1,17,,18862,9,,,1,19,,18863,9,,,1,60,,18864,9,,,1,20,,18865,9,,,1,18,,18866,9,,,1,60,,18867,9,,,1,19,,18868,9,,,1,19,,18869,9,,,1,60,,18870,9,,,1,20,,18871,9,,,1,21,,18872,9,,,1,59,,18873,9,,,1,19,,18874,9,,,1,19,,18875,9,,,1,20,,18876,9,,,1,70,,18877,9,,,1,28,,18878,9,,,1,67,,18879,9,,,1
7101,'SUN',652,,18880,9,,,1,70,,18881,9,,,1,30,,18882,9,,,1,72,,18883,9,,,1,32,,18884,9,,,1,70,,18885,9,,,1,32,,18886,9,,,1,70,,18887,9,,,1,30,,18888,9,,,1,71,,18889,9,,,1,30,,18890,9,,,1,72,,18891,9,,,1,73,,18892,9,,,1,30,,18893,9,,,1,70,,18894,9,,,1,30,,18895,9,,,1,70,,18896,9,,,1,30,,18897,9,,,1,70,,18898,9,,,1,30,,18899,9,,,1,70,,18900,9,,,1,26,,18901,9,,,1,70,,18902,9,,,1,30,,18903,9,,,1,29,,18904,9,,,1,70,,18905,9,,,1,28,,18906,9,,,1,70,,18907,9,,,1,29,,18908,9,,,1,69,,18909,9,,,1,29,,18910,9,,,1,68,,18911,9,,,1,30,,18912,9,,,1,70,,18913,9,,,1
7101,'NYE',554,,18914,9,,,1,73,,18915,9,,,1,31,,18916,9,,,1,70,,18917,9,,,1,30,,18918,9,,,1,56,,18919,9,,,1,15,,18920,9,,,1,73,,18921,9,,,1,16,,18922,9,,,1,15,,18923,9,,,1,15,,18924,9,,,1,70,,18925,9,,,1,17,,18926,9,,,1,15,,18927,9,,,1,55,,18928,9,,,1,30,,18929,9,,,1,17,,18930,9,,,1,55,,18931,9,,,1,15,,18932,9,,,1,30,,18933,9,,,1,55,,18934,9,,,1,15,,18935,9,,,1,15,,18936,9,,,1,70,,18937,9,,,1,16,,18938,9,,,1,15,,18939,9,,,1,15,,18940,9,,,1,70,,18941,9,,,1,15,,18942,9,,,1,15,,18943,9,,,1,55,,18944,9,,,1,31,,18945,9,,,1,13,,18946,9,,,1,55,,18947,9,,,1,15,,18948,9,,,1,15,,18949,9,,,1,69,,18950,9,,,1,15,,18951,9,,,1,28,,18952,9,,,1,70,,18953,9,,,1,29,,18954,9,,,1,70,,18955,9,,,1,28,,18956,9,,,1,68,,18957,9,,,1,30,,18958,9,,,1,68,,18959,9,,,1,30,,18960,9,,,1,100,,18961,9,,,1
7101,'NYE/31',743,,18962,9,,,1,104,,18963,9,,,1,156,,18964,9,,,1,117,,18965,9,,,1,117,,18966,9,,,1,115,,18967,9,,,1,156,,18968,9,,,1,116,,18969,9,,,1,128,,18970,9,,,1
