3401,'SAT',731,,15845,10,4,,1,70,,15846,10,4,,1,30,,15847,10,4,,1,71,,15848,10,4,,1,30,,15849,10,4,,1,70,,15850,10,4,,1,30,,15851,10,4,,1,70,,15852,10,4,,1,30,,15853,10,4,,1,26,,15854,10,4,,1,70,,15855,10,4,,1,30,,15856,10,4,,1,70,,15857,10,4,,1,30,,15858,10,4,,1,70,,15859,10,4,,1,30,,15860,10,4,,1,70,,15861,10,4,,1,30,,15862,10,4,,1,70,,15863,10,4,,1,30,,15864,10,4,,1,75,,15865,10,4,,1,70,,15866,10,4,,1,30,,15867,10,4,,1,70,,15868,10,4,,1,29,,15869,10,4,,1,70,,15870,10,4,,1,30,,15871,10,4,,1,70,,15872,10,4,,1,30,,15873,10,4,,1,69,,15874,10,4,,1,30,,15875,10,4,,1,70,,15876,10,4,,1,30,,15877,10,4,,1,25,,15878,10,4,,1
3401,'SUN',731,,15879,10,4,,1,70,,15880,10,4,,1,30,,15881,10,4,,1,71,,15882,10,4,,1,30,,15883,10,4,,1,70,,15884,10,4,,1,30,,15885,10,4,,1,70,,15886,10,4,,1,30,,15887,10,4,,1,26,,15888,10,4,,1,70,,15889,10,4,,1,30,,15890,10,4,,1,70,,15891,10,4,,1,30,,15892,10,4,,1,70,,15893,10,4,,1,30,,15894,10,4,,1,70,,15895,10,4,,1,30,,15896,10,4,,1,70,,15897,10,4,,1,30,,15898,10,4,,1,75,,15899,10,4,,1,70,,15900,10,4,,1,30,,15901,10,4,,1,70,,15902,10,4,,1,29,,15903,10,4,,1,70,,15904,10,4,,1,30,,15905,10,4,,1,70,,15906,10,4,,1,30,,15907,10,4,,1,69,,15908,10,4,,1,30,,15909,10,4,,1,70,,15910,10,4,,1,30,,15911,10,4,,1,25,,15912,10,4,,1
6500,'WKDY',450,,18155,1,,,1,67,,18156,1,,,1,25,,18157,1,,,1,58,,18158,1,,,1,15,,18159,1,,,1,15,,18160,1,,,1,15,,18161,1,,,1,55,,18162,1,,,1,15,,18163,1,,,1,15,,18164,1,,,1,15,,18165,1,,,1,55,,18166,1,,,1,15,,18167,1,,,1,15,,18168,1,,,1,15,,18169,1,,,1,55,,18170,1,,,1,15,,18171,1,,,1,15,,18172,1,,,1,15,,18173,1,,,1,55,,18174,1,,,1,30,,18175,1,,,1,70,,18176,1,,,1,30,,18177,1,,,1,70,,18178,1,,,1,30,,18179,1,,,1,70,,18180,1,,,1,30,,18181,1,,,1,70,,18182,1,,,1,30,,18183,1,,,1,70,,18184,1,,,1,30,,18185,1,,,1,70,,18186,1,,,1,15,,18187,1,,,1,15,,18188,1,,,1,15,,18189,1,,,1,55,,18190,1,,,1,15,,18191,1,,,1,15,,18192,1,,,1,15,,18193,1,,,1,55,,18194,1,,,1,15,,18195,1,,,1,15,,18196,1,,,1,15,,18197,1,,,1,55,,18198,1,,,1,15,,18199,1,,,1,30,,18200,1,,,1,70,,18201,1,,,1,30,,18202,1,,,1,70,,18203,1,,,1,30,,18204,1,,,1,70,,18205,1,,,1,30,,18206,1,,,1,70,,18207,1,,,1,100,,18208,1,,,1
6500,'SAT',635,,18209,1,,,1,70,,18210,1,,,1,30,,18211,1,,,1,70,,18212,1,,,1,30,,18213,1,,,1,70,,18214,1,,,1,30,,18215,1,,,1,70,,18216,1,,,1,30,,18217,1,,,1,70,,18218,1,,,1,30,,18219,1,,,1,65,,18220,1,,,1,30,,18221,1,,,1,70,,18222,1,,,1,30,,18223,1,,,1,70,,18224,1,,,1,30,,18225,1,,,1,70,,18226,1,,,1,30,,18227,1,,,1,70,,18228,1,,,1,30,,18229,1,,,1,70,,18230,1,,,1,35,,18231,1,,,1,70,,18232,1,,,1,30,,18233,1,,,1,70,,18234,1,,,1,30,,18235,1,,,1,70,,18236,1,,,1,30,,18237,1,,,1,70,,18238,1,,,1,30,,18239,1,,,1,70,,18240,1,,,1,30,,18241,1,,,1,70,,18242,1,,,1,30,,18243,1,,,1,70,,18244,1,,,1
6500,'SUN',635,,18245,1,,,1,70,,18246,1,,,1,30,,18247,1,,,1,70,,18248,1,,,1,30,,18249,1,,,1,70,,18250,1,,,1,30,,18251,1,,,1,70,,18252,1,,,1,30,,18253,1,,,1,70,,18254,1,,,1,30,,18255,1,,,1,65,,18256,1,,,1,30,,18257,1,,,1,70,,18258,1,,,1,30,,18259,1,,,1,70,,18260,1,,,1,30,,18261,1,,,1,70,,18262,1,,,1,30,,18263,1,,,1,70,,18264,1,,,1,30,,18265,1,,,1,70,,18266,1,,,1,35,,18267,1,,,1,70,,18268,1,,,1,30,,18269,1,,,1,70,,18270,1,,,1,30,,18271,1,,,1,70,,18272,1,,,1,30,,18273,1,,,1,70,,18274,1,,,1,30,,18275,1,,,1,70,,18276,1,,,1,30,,18277,1,,,1,70,,18278,1,,,1,30,,18279,1,,,1,70,,18280,1,,,1
6500,'NYE',450,,18281,1,,,1,67,,18282,1,,,1,25,,18283,1,,,1,58,,18284,1,,,1,15,,18285,1,,,1,15,,18286,1,,,1,15,,18287,1,,,1,55,,18288,1,,,1,15,,18289,1,,,1,15,,18290,1,,,1,15,,18291,1,,,1,55,,18292,1,,,1,15,,18293,1,,,1,15,,18294,1,,,1,15,,18295,1,,,1,55,,18296,1,,,1,15,,18297,1,,,1,15,,18298,1,,,1,15,,18299,1,,,1,55,,18300,1,,,1,30,,18301,1,,,1,70,,18302,1,,,1,30,,18303,1,,,1,70,,18304,1,,,1,30,,18305,1,,,1,70,,18306,1,,,1,30,,18307,1,,,1,70,,18308,1,,,1,30,,18309,1,,,1,70,,18310,1,,,1,30,,18311,1,,,1,70,,18312,1,,,1,15,,18313,1,,,1,15,,18314,1,,,1,15,,18315,1,,,1,55,,18316,1,,,1,15,,18317,1,,,1,15,,18318,1,,,1,15,,18319,1,,,1,55,,18320,1,,,1,15,,18321,1,,,1,15,,18322,1,,,1,15,,18323,1,,,1,55,,18324,1,,,1,15,,18325,1,,,1,30,,18326,1,,,1,70,,18327,1,,,1,30,,18328,1,,,1,70,,18329,1,,,1,30,,18330,1,,,1,70,,18331,1,,,1,30,,18332,1,,,1,70,,18333,1,,,1,30,,18340,1,,,1,70,,18334,1,,,1,21,,18335,1,,,1,64,,18336,1,,,1,30,,18337,1,,,1,70,,18338,1,,,1,30,,18339,1,,,1
6501,'WKDY',509,,18341,2,4,,1,27,,18342,2,4,,1,65,,18343,2,4,,1,18,,18344,2,4,,1,15,,18345,2,4,,1,16,,18346,2,4,,1,55,,18347,2,4,,1,15,,18348,2,4,,1,16,,18349,2,4,,1,15,,18350,2,4,,1,55,,18351,2,4,,1,15,,18352,2,4,,1,15,,18353,2,4,,1,15,,18354,2,4,,1,55,,18355,2,4,,1,14,,18356,2,4,,1,15,,18357,2,4,,1,15,,18358,2,4,,1,55,,18359,2,4,,1,15,,18360,2,4,,1,100,,18362,2,4,,1,30,,18363,2,4,,1,70,,18364,2,4,,1,30,,18365,2,4,,1,70,,18366,2,4,,1,100,,18368,2,4,,1,31,,18369,2,4,,1,71,,18370,2,4,,1,35,,18371,2,4,,1,70,,18372,2,4,,1,18,,18373,2,4,,1,56,,18374,2,4,,1,15,,18375,2,4,,1,15,,18376,2,4,,1,18,,18377,2,4,,1,55,,18378,2,4,,1,13,,18379,2,4,,1,8,,18380,2,4,,1,13,,18381,2,4,,1,15,,18382,2,4,,1,51,,18383,2,4,,1,15,,18384,2,4,,1,15,,18385,2,4,,1,70,,18386,2,4,,1,30,,18387,2,4,,1,70,,18388,2,4,,1,30,,18389,2,4,,1,70,,18390,2,4,,1,30,,18391,2,4,,1,70,,18392,2,4,,1,30,,18393,2,4,,1,100,,18394,2,4,,1
6501,'SAT',1354,,18409,2,4,,1,1001,,18429,2,4,,1,70,,18430,2,4,,1
6501,'SUN',1354,,18445,2,4,,1,1001,,18465,2,4,,1,70,,18466,2,4,,1
6501,'NYE',509,,18467,2,4,,1,27,,18468,2,4,,1,65,,18469,2,4,,1,18,,18470,2,4,,1,15,,18471,2,4,,1,16,,18472,2,4,,1,55,,18473,2,4,,1,15,,18474,2,4,,1,16,,18475,2,4,,1,15,,18476,2,4,,1,55,,18477,2,4,,1,15,,18478,2,4,,1,15,,18479,2,4,,1,15,,18480,2,4,,1,55,,18481,2,4,,1,14,,18482,2,4,,1,15,,18483,2,4,,1,15,,18484,2,4,,1,55,,18485,2,4,,1,15,,18486,2,4,,1,100,,18488,2,4,,1,30,,18489,2,4,,1,70,,18490,2,4,,1,30,,18491,2,4,,1,70,,18492,2,4,,1,100,,18494,2,4,,1,31,,18495,2,4,,1,71,,18496,2,4,,1,35,,18497,2,4,,1,70,,18498,2,4,,1,18,,18499,2,4,,1,56,,18500,2,4,,1,15,,18501,2,4,,1,15,,18502,2,4,,1,18,,18503,2,4,,1,55,,18504,2,4,,1,13,,18505,2,4,,1,8,,18506,2,4,,1,13,,18507,2,4,,1,15,,18508,2,4,,1,51,,18509,2,4,,1,15,,18510,2,4,,1,15,,18511,2,4,,1,70,,18512,2,4,,1,30,,18513,2,4,,1,70,,18514,2,4,,1,30,,18515,2,4,,1,70,,18516,2,4,,1,30,,18517,2,4,,1,70,,18518,2,4,,1,30,,18519,2,4,,1,100,,18520,2,4,,1,21,,18521,2,4,,1,64,,18522,2,4,,1,30,,18523,2,4,,1,70,,18524,2,4,,1,30,,18525,2,4,,1
6700,'WKDY',1416,,18527,1,,,1,32,,18528,1,,,1,68,,18529,1,,,1,30,,18530,1,,,1,585,,18531,1,,,1,85,,18532,1,,,1,85,,18533,1,,,1,45,,18534,1,,,1
6700,'NYE',1416,,18535,1,,,1,32,,18536,1,,,1,68,,18537,1,,,1,30,,18538,1,,,1,585,,18539,1,,,1,85,,18540,1,,,1,85,,18541,1,,,1,45,,18542,1,,,1
6701,'WKDY',1447,,18543,2,4,,1,75,,18544,2,4,,1,28,,18545,2,4,,1,72,,18546,2,4,,1,580,,18547,2,4,,1,42,,18548,2,4,,1,82,,18549,2,4,,1,85,,18550,2,4,,1
6701,'NYE',1447,,18551,2,4,,1,75,,18552,2,4,,1,28,,18553,2,4,,1,72,,18554,2,4,,1,580,,18555,2,4,,1,42,,18556,2,4,,1,82,,18557,2,4,,1,85,,18558,2,4,,1
16400,'WKDY',1307,,20116,5,4,,1,794,,20118,5,4,,1
16400,'NYE',1307,,20120,5,4,,1,794,,20122,5,4,,1
