3201,'WKDY',606,,15575,30,,,1,30,,15576,30,,,1,100,,15577,30,,,1,70,,15578,30,,,1,30,,15579,30,,,1,100,,15580,30,,,1,70,,15581,30,,,1,30,,15582,30,,,1,100,,15583,30,,,1,70,,15584,30,,,1,30,,15585,30,,,1,99,,15586,30,,,1,70,,15587,30,,,1,30,,15588,30,,,1,100,,15589,30,,,1,70,,15590,30,,,1,30,,15591,30,,,1,100,,15592,30,,,1,71,,15593,30,,,1,30,,15594,30,,,1,100,,15595,30,,,1,100,,15596,30,,,1,100,,15597,30,,,1
3201,'WKDY/30',706,,15561,30,,,1,200,,15562,30,,,1,200,,15563,30,,,1,200,,15564,30,,,1,199,,15565,30,,,1,200,,15566,30,,,1,201,,15567,30,,,1
3201,'WKDY/31',706,,15568,30,,,1,200,,15569,30,,,1,200,,15570,30,,,1,200,,15571,30,,,1,199,,15572,30,,,1,200,,15573,30,,,1,201,,15574,30,,,1
3201,'SAT',812,,15598,30,,,1,39,,15599,30,,,1,81,,15600,30,,,1,80,,15601,30,,,1,40,,15602,30,,,1,81,,15603,30,,,1,80,,15604,30,,,1,39,,15605,30,,,1,80,,15606,30,,,1,80,,15607,30,,,1,40,,15608,30,,,1,80,,15609,30,,,1,80,,15610,30,,,1,40,,15611,30,,,1,79,,15612,30,,,1,81,,15613,30,,,1,42,,15614,30,,,1,79,,15615,30,,,1,80,,15616,30,,,1
3201,'SUN',813,,15617,30,,,1,100,,15618,30,,,1,99,,15619,30,,,1,100,,15620,30,,,1,99,,15621,30,,,1,102,,15622,30,,,1,100,,15623,30,,,1,99,,15624,30,,,1,99,,15625,30,,,1,100,,15626,30,,,1,100,,15627,30,,,1,100,,15628,30,,,1,101,,15629,30,,,1
3201,'NYE',606,,15630,30,,,1,30,,15631,30,,,1,100,,15632,30,,,1,70,,15633,30,,,1,30,,15634,30,,,1,100,,15635,30,,,1,70,,15636,30,,,1,30,,15637,30,,,1,100,,15638,30,,,1,70,,15639,30,,,1,30,,15640,30,,,1,99,,15641,30,,,1,70,,15642,30,,,1,30,,15643,30,,,1,100,,15644,30,,,1,70,,15645,30,,,1,30,,15646,30,,,1,100,,15647,30,,,1,71,,15648,30,,,1,30,,15649,30,,,1,100,,15650,30,,,1,100,,15651,30,,,1,100,,15652,30,,,1
3201,'NYE/31',706,,15653,30,,,1,200,,15654,30,,,1,200,,15655,30,,,1,200,,15656,30,,,1,199,,15657,30,,,1,200,,15658,30,,,1,201,,15659,30,,,1
7801,'WKDY',458,,19358,24,,,1,142,,19359,24,,,1,31,,19360,24,,,1,70,,19361,24,,,1,31,,19362,24,,,1,73,,19363,24,,,1,30,,19364,24,,,1,70,,19365,24,,,1,30,,19366,24,,,1,70,,19367,24,,,1,100,,19368,24,,,1,32,,19369,24,,,1,70,,19370,24,,,1,31,,19371,24,,,1,70,,19372,24,,,1,101,,19373,24,,,1,30,,19374,24,,,1,70,,19375,24,,,1,30,,19376,24,,,1,70,,19377,24,,,1,31,,19378,24,,,1,70,,19379,24,,,1,30,,19380,24,,,1,72,,19381,24,,,1,98,,19382,24,,,1,96,,19383,24,,,1,100,,19384,24,,,1,97,,19385,24,,,1
7801,'WKDY/30',1035,,19354,24,,,1,304,,19355,24,,,1
7801,'WKDY/31',1035,,19356,24,,,1,304,,19357,24,,,1
7801,'SAT',804,,19386,24,,,1,102,,19387,24,,,1,100,,19388,24,,,1,101,,19389,24,,,1,100,,19390,24,,,1,102,,19391,24,,,1,100,,19392,24,,,1,100,,19393,24,,,1,99,,19394,24,,,1,100,,19395,24,,,1,100,,19396,24,,,1,97,,19397,24,,,1,99,,19398,24,,,1
7801,'SUN',804,,19399,24,,,1,102,,19400,24,,,1,100,,19401,24,,,1,101,,19402,24,,,1,100,,19403,24,,,1,102,,19404,24,,,1,100,,19405,24,,,1,100,,19406,24,,,1,99,,19407,24,,,1,95,,19408,24,,,1,105,,19409,24,,,1,97,,19410,24,,,1,104,,19411,24,,,1
7801,'NYE',458,,19412,24,,,1,142,,19413,24,,,1,31,,19414,24,,,1,70,,19415,24,,,1,31,,19416,24,,,1,73,,19417,24,,,1,30,,19418,24,,,1,70,,19419,24,,,1,30,,19420,24,,,1,70,,19421,24,,,1,100,,19422,24,,,1,32,,19423,24,,,1,70,,19424,24,,,1,31,,19425,24,,,1,70,,19426,24,,,1,101,,19427,24,,,1,30,,19428,24,,,1,70,,19429,24,,,1,30,,19430,24,,,1,70,,19431,24,,,1,31,,19432,24,,,1,70,,19433,24,,,1,30,,19434,24,,,1,72,,19435,24,,,1,98,,19436,24,,,1,96,,19437,24,,,1,100,,19438,24,,,1,97,,19439,24,,,1
7801,'NYE/31',1035,,19440,24,,,1,304,,19441,24,,,1
