7400,'WKDY/30',944,,19153,28,4,,1,271,,19154,28,4,,1,232,,19155,28,4,,1,271,,19156,28,4,,1,226,,19157,28,4,,1,98,,19158,28,4,,1,99,,19159,28,4,,1
7400,'WKDY/31',944,,19160,28,4,,1,271,,19161,28,4,,1,232,,19162,28,4,,1,271,,19163,28,4,,1,226,,19164,28,4,,1,98,,19165,28,4,,1,99,,19166,28,4,,1
7400,'WKDY',510,,19167,28,4,,1,102,,19168,28,4,,1,29,,19169,28,4,,1,72,,19170,28,4,,1,31,,19171,28,4,,1,70,,19172,28,4,,1,30,,19173,28,4,,1,70,,19174,28,4,,1,100,,19175,28,4,,1,31,,19176,28,4,,1,70,,19177,28,4,,1,30,,19178,28,4,,1,101,,19179,28,4,,1,70,,19180,28,4,,1,31,,19181,28,4,,1,70,,19182,28,4,,1,100,,19183,28,4,,1,30,,19184,28,4,,1,71,,19185,28,4,,1,30,,19186,28,4,,1,100,,19187,28,4,,1,69,,19188,28,4,,1,28,,19189,28,4,,1,69,,19190,28,4,,1,100,,19191,28,4,,1,98,,19192,28,4,,1
7400,'SAT',743,,19193,28,4,,1,101,,19194,28,4,,1,100,,19195,28,4,,1,101,,19196,28,4,,1,103,,19197,28,4,,1,100,,19198,28,4,,1,104,,19199,28,4,,1,97,,19200,28,4,,1,99,,19201,28,4,,1,100,,19202,28,4,,1,100,,19203,28,4,,1,99,,19204,28,4,,1,99,,19205,28,4,,1,100,,19206,28,4,,1
7400,'SUN',743,,19207,28,4,,1,101,,19208,28,4,,1,100,,19209,28,4,,1,101,,19210,28,4,,1,103,,19211,28,4,,1,100,,19212,28,4,,1,104,,19213,28,4,,1,97,,19214,28,4,,1,99,,19215,28,4,,1,100,,19216,28,4,,1,100,,19217,28,4,,1,99,,19218,28,4,,1,99,,19219,28,4,,1,100,,19220,28,4,,1
7400,'NYE',510,,19221,28,4,,1,102,,19222,28,4,,1,29,,19223,28,4,,1,72,,19224,28,4,,1,31,,19225,28,4,,1,70,,19226,28,4,,1,30,,19227,28,4,,1,70,,19228,28,4,,1,100,,19229,28,4,,1,31,,19230,28,4,,1,70,,19231,28,4,,1,30,,19232,28,4,,1,101,,19233,28,4,,1,70,,19234,28,4,,1,31,,19235,28,4,,1,70,,19236,28,4,,1,100,,19237,28,4,,1,30,,19238,28,4,,1,71,,19239,28,4,,1,30,,19240,28,4,,1,100,,19241,28,4,,1,69,,19242,28,4,,1,28,,19243,28,4,,1,69,,19244,28,4,,1,100,,19245,28,4,,1,98,,19246,28,4,,1
7400,'NYE/31',944,,19247,28,4,,1,271,,19248,28,4,,1,232,,19249,28,4,,1,271,,19250,28,4,,1,226,,19251,28,4,,1,98,,19252,28,4,,1,99,,19253,28,4,,1
7401,'WKDY/30',745,,19254,1,,,1,268,,19255,1,,,1,232,,19256,1,,,1,266,,19257,1,,,1,233,,19258,1,,,1,202,,19259,1,,,1,100,,19260,1,,,1,99,,19261,1,,,1
7401,'WKDY/31',745,,19262,1,,,1,268,,19263,1,,,1,232,,19264,1,,,1,266,,19265,1,,,1,233,,19266,1,,,1,202,,19267,1,,,1,100,,19268,1,,,1,99,,19269,1,,,1
7401,'WKDY',519,,19270,1,,,1,97,,19271,1,,,1,29,,19272,1,,,1,69,,19273,1,,,1,100,,19274,1,,,1,29,,19275,1,,,1,70,,19276,1,,,1,30,,19277,1,,,1,100,,19278,1,,,1,70,,19279,1,,,1,31,,19280,1,,,1,70,,19281,1,,,1,101,,19282,1,,,1,30,,19283,1,,,1,69,,19284,1,,,1,27,,19285,1,,,1,99,,19286,1,,,1,72,,19287,1,,,1,30,,19288,1,,,1,70,,19289,1,,,1,103,,19290,1,,,1,31,,19291,1,,,1,69,,19292,1,,,1,101,,19293,1,,,1
7401,'SAT',745,,19294,1,,,1,101,,19295,1,,,1,100,,19296,1,,,1,101,,19297,1,,,1,103,,19298,1,,,1,101,,19299,1,,,1,103,,19300,1,,,1,97,,19301,1,,,1,99,,19302,1,,,1,101,,19303,1,,,1,99,,19304,1,,,1,99,,19305,1,,,1,99,,19306,1,,,1,100,,19307,1,,,1
7401,'SUN',745,,19308,1,,,1,101,,19309,1,,,1,100,,19310,1,,,1,101,,19311,1,,,1,103,,19312,1,,,1,101,,19313,1,,,1,103,,19314,1,,,1,97,,19315,1,,,1,99,,19316,1,,,1,101,,19317,1,,,1,99,,19318,1,,,1,99,,19319,1,,,1,99,,19320,1,,,1,100,,19321,1,,,1
7401,'NYE',519,,19322,1,,,1,97,,19323,1,,,1,29,,19324,1,,,1,69,,19325,1,,,1,100,,19326,1,,,1,29,,19327,1,,,1,70,,19328,1,,,1,30,,19329,1,,,1,100,,19330,1,,,1,70,,19331,1,,,1,31,,19332,1,,,1,70,,19333,1,,,1,101,,19334,1,,,1,30,,19335,1,,,1,69,,19336,1,,,1,27,,19337,1,,,1,99,,19338,1,,,1,72,,19339,1,,,1,30,,19340,1,,,1,70,,19341,1,,,1,103,,19342,1,,,1,31,,19343,1,,,1,69,,19344,1,,,1,101,,19345,1,,,1
7401,'NYE/31',745,,19346,1,,,1,268,,19347,1,,,1,232,,19348,1,,,1,266,,19349,1,,,1,233,,19350,1,,,1,202,,19351,1,,,1,100,,19352,1,,,1,99,,19353,1,,,1
