3101,'WKDY/30',635,,15368,14,,,1,196,,15369,14,,,1,199,,15370,14,,,1,197,,15371,14,,,1,199,,15372,14,,,1,200,,15373,14,,,1,205,,15374,14,,,1
3101,'WKDY/31',635,,15375,14,,,1,196,,15376,14,,,1,199,,15377,14,,,1,197,,15378,14,,,1,199,,15379,14,,,1,200,,15380,14,,,1,205,,15381,14,,,1
3101,'WKDY',536,,15382,14,,,1,69,,15383,14,,,1,98,,15384,14,,,1,29,,15385,14,,,1,70,,15386,14,,,1,98,,15387,14,,,1,30,,15388,14,,,1,70,,15389,14,,,1,100,,15390,14,,,1,28,,15391,14,,,1,30,,15392,14,,,1,98,,15393,14,,,1,70,,15394,14,,,1,30,,15395,14,,,1,100,,15396,14,,,1,69,,15397,14,,,1,30,,15398,14,,,1,101,,15399,14,,,1,74,,15400,14,,,1,70,,15401,14,,,1,102,,15402,14,,,1,101,,15403,14,,,1,101,,15404,14,,,1
3101,'SAT',743,,15405,14,,,1,79,,15406,14,,,1,79,,15407,14,,,1,39,,15408,14,,,1,79,,15409,14,,,1,40,,15410,14,,,1,79,,15411,14,,,1,79,,15412,14,,,1,40,,15413,14,,,1,80,,15414,14,,,1,80,,15415,14,,,1,40,,15416,14,,,1,80,,15417,14,,,1,82,,15418,14,,,1,40,,15419,14,,,1,81,,15420,14,,,1,82,,15421,14,,,1,80,,15422,14,,,1,40,,15423,14,,,1
3101,'SUN',743,,15424,14,,,1,100,,15425,14,,,1,98,,15426,14,,,1,100,,15427,14,,,1,96,,15428,14,,,1,100,,15429,14,,,1,100,,15430,14,,,1,100,,15431,14,,,1,100,,15432,14,,,1,101,,15433,14,,,1,101,,15434,14,,,1,102,,15435,14,,,1,101,,15436,14,,,1
3101,'NYE',536,,15437,14,,,1,69,,15438,14,,,1,98,,15439,14,,,1,29,,15440,14,,,1,70,,15441,14,,,1,98,,15442,14,,,1,30,,15443,14,,,1,70,,15444,14,,,1,100,,15445,14,,,1,28,,15446,14,,,1,30,,15447,14,,,1,98,,15448,14,,,1,70,,15449,14,,,1,30,,15450,14,,,1,100,,15451,14,,,1,69,,15452,14,,,1,30,,15453,14,,,1,101,,15454,14,,,1,74,,15455,14,,,1,70,,15456,14,,,1,102,,15457,14,,,1,101,,15458,14,,,1,101,,15459,14,,,1
3101,'NYE/31',635,,15460,14,,,1,196,,15461,14,,,1,199,,15462,14,,,1,197,,15463,14,,,1,199,,15464,14,,,1,200,,15465,14,,,1,205,,15466,14,,,1
7100,'WKDY/30',723,,18559,12,,,1,103,,18560,12,,,1,115,,18561,12,,,1,116,,18562,12,,,1,157,,18563,12,,,1,115,,18564,12,,,1,115,,18565,12,,,1,156,,18566,12,,,1,129,,18567,12,,,1
7100,'WKDY/31',723,,18568,12,,,1,103,,18569,12,,,1,115,,18570,12,,,1,116,,18571,12,,,1,157,,18572,12,,,1,115,,18573,12,,,1,115,,18574,12,,,1,156,,18575,12,,,1,129,,18576,12,,,1
7100,'WKDY',536,,18577,12,,,1,71,,18578,12,,,1,31,,18579,12,,,1,70,,18580,12,,,1,30,,18581,12,,,1,16,,18582,12,,,1,55,,18583,12,,,1,32,,18584,12,,,1,15,,18585,12,,,1,55,,18586,12,,,1,15,,18587,12,,,1,30,,18588,12,,,1,56,,18589,12,,,1,15,,18590,12,,,1,15,,18591,12,,,1,70,,18592,12,,,1,17,,18593,12,,,1,15,,18594,12,,,1,15,,18595,12,,,1,70,,18596,12,,,1,15,,18597,12,,,1,15,,18598,12,,,1,55,,18599,12,,,1,30,,18600,12,,,1,15,,18601,12,,,1,55,,18602,12,,,1,15,,18603,12,,,1,30,,18604,12,,,1,55,,18605,12,,,1,15,,18606,12,,,1,15,,18607,12,,,1,71,,18608,12,,,1,14,,18609,12,,,1,15,,18610,12,,,1,15,,18611,12,,,1,55,,18612,12,,,1,30,,18613,12,,,1,15,,18614,12,,,1,68,,18615,12,,,1,30,,18616,12,,,1,70,,18617,12,,,1,30,,18618,12,,,1,68,,18619,12,,,1,29,,18620,12,,,1,70,,18621,12,,,1,29,,18622,12,,,1,70,,18623,12,,,1,100,,18624,12,,,1
7100,'SAT',633,,18625,12,,,1,20,,18626,12,,,1,60,,18627,12,,,1,20,,18628,12,,,1,21,,18629,12,,,1,61,,18630,12,,,1,20,,18631,12,,,1,20,,18632,12,,,1,58,,18633,12,,,1,22,,18634,12,,,1,19,,18635,12,,,1,60,,18636,12,,,1,20,,18637,12,,,1,20,,18638,12,,,1,60,,18639,12,,,1,20,,18640,12,,,1,21,,18641,12,,,1,61,,18642,12,,,1,21,,18643,12,,,1,63,,18644,12,,,1,20,,18645,12,,,1,21,,18646,12,,,1,60,,18647,12,,,1,20,,18648,12,,,1,21,,18649,12,,,1,60,,18650,12,,,1,20,,18651,12,,,1,20,,18652,12,,,1,60,,18653,12,,,1,21,,18654,12,,,1,20,,18655,12,,,1,59,,18656,12,,,1,19,,18657,12,,,1,20,,18658,12,,,1,60,,18659,12,,,1,18,,18660,12,,,1,20,,18661,12,,,1,19,,18662,12,,,1,60,,18663,12,,,1,20,,18664,12,,,1,20,,18665,12,,,1,61,,18666,12,,,1,20,,18667,12,,,1,19,,18668,12,,,1,60,,18669,12,,,1,20,,18670,12,,,1,70,,18671,12,,,1,29,,18672,12,,,1,68,,18673,12,,,1
7100,'SUN',633,,18674,12,,,1,70,,18675,12,,,1,30,,18676,12,,,1,70,,18677,12,,,1,32,,18678,12,,,1,70,,18679,12,,,1,31,,18680,12,,,1,70,,18681,12,,,1,30,,18682,12,,,1,71,,18683,12,,,1,30,,18684,12,,,1,70,,18685,12,,,1,32,,18686,12,,,1,70,,18687,12,,,1,30,,18688,12,,,1,70,,18689,12,,,1,30,,18690,12,,,1,70,,18691,12,,,1,30,,18692,12,,,1,70,,18693,12,,,1,30,,18694,12,,,1,68,,18695,12,,,1,30,,18696,12,,,1,70,,18697,12,,,1,30,,18698,12,,,1,70,,18699,12,,,1,28,,18700,12,,,1,70,,18701,12,,,1,30,,18702,12,,,1,70,,18703,12,,,1,30,,18704,12,,,1,69,,18705,12,,,1,30,,18706,12,,,1,70,,18707,12,,,1
7100,'NYE',536,,18708,12,,,1,71,,18709,12,,,1,31,,18710,12,,,1,70,,18711,12,,,1,30,,18712,12,,,1,16,,18713,12,,,1,55,,18714,12,,,1,32,,18715,12,,,1,15,,18716,12,,,1,55,,18717,12,,,1,15,,18718,12,,,1,30,,18719,12,,,1,56,,18720,12,,,1,15,,18721,12,,,1,15,,18722,12,,,1,70,,18723,12,,,1,17,,18724,12,,,1,15,,18725,12,,,1,15,,18726,12,,,1,70,,18727,12,,,1,15,,18728,12,,,1,15,,18729,12,,,1,55,,18730,12,,,1,30,,18731,12,,,1,15,,18732,12,,,1,55,,18733,12,,,1,15,,18734,12,,,1,30,,18735,12,,,1,55,,18736,12,,,1,15,,18737,12,,,1,15,,18738,12,,,1,71,,18739,12,,,1,14,,18740,12,,,1,15,,18741,12,,,1,15,,18742,12,,,1,55,,18743,12,,,1,30,,18744,12,,,1,15,,18745,12,,,1,68,,18746,12,,,1,30,,18747,12,,,1,70,,18748,12,,,1,30,,18749,12,,,1,68,,18750,12,,,1,29,,18751,12,,,1,70,,18752,12,,,1,29,,18753,12,,,1,70,,18754,12,,,1,100,,18755,12,,,1
7100,'NYE/31',723,,18756,12,,,1,103,,18757,12,,,1,115,,18758,12,,,1,116,,18759,12,,,1,157,,18760,12,,,1,115,,18761,12,,,1,115,,18762,12,,,1,156,,18763,12,,,1,129,,18764,12,,,1
