700,'WKDY',611,,14423,24,,,1,134,,14424,24,,,1,74,,14425,24,,,1,100,,14426,24,,,1,30,,14427,24,,,1,100,,14428,24,,,1,70,,14429,24,,,1,102,,14430,24,,,1,30,,14431,24,,,1,100,,14432,24,,,1,70,,14433,24,,,1,103,,14434,24,,,1,30,,14435,24,,,1,100,,14436,24,,,1,70,,14437,24,,,1,100,,14438,24,,,1,25,,14439,24,,,1,100,,14440,24,,,1,100,,14441,24,,,1,96,,14442,24,,,1
700,'WKDY/30',716,,14405,24,,,1,133,,14406,24,,,1,170,,14407,24,,,1,132,,14408,24,,,1,170,,14409,24,,,1,133,,14410,24,,,1,170,,14411,24,,,1,130,,14412,24,,,1,165,,14413,24,,,1
700,'WKDY/31',716,,14414,24,,,1,133,,14415,24,,,1,170,,14416,24,,,1,132,,14417,24,,,1,170,,14418,24,,,1,133,,14419,24,,,1,170,,14420,24,,,1,130,,14421,24,,,1,165,,14422,24,,,1
700,'SAT',715,,14443,24,,,1,100,,14444,24,,,1,103,,14445,24,,,1,100,,14446,24,,,1,102,,14447,24,,,1,102,,14448,24,,,1,100,,14449,24,,,1,102,,14450,24,,,1,100,,14451,24,,,1,100,,14452,24,,,1,100,,14453,24,,,1,95,,14454,24,,,1,100,,14455,24,,,1,98,,14456,24,,,1,100,,14457,24,,,1
700,'SUN',715,,14458,24,,,1,100,,14459,24,,,1,103,,14460,24,,,1,100,,14461,24,,,1,102,,14462,24,,,1,102,,14463,24,,,1,100,,14464,24,,,1,102,,14465,24,,,1,100,,14466,24,,,1,100,,14467,24,,,1,100,,14468,24,,,1,95,,14469,24,,,1,100,,14470,24,,,1,98,,14471,24,,,1,100,,14472,24,,,1
700,'NYE',611,,14473,24,,,1,134,,14474,24,,,1,74,,14475,24,,,1,100,,14476,24,,,1,30,,14477,24,,,1,100,,14478,24,,,1,70,,14479,24,,,1,102,,14480,24,,,1,30,,14481,24,,,1,100,,14482,24,,,1,70,,14483,24,,,1,103,,14484,24,,,1,30,,14485,24,,,1,100,,14486,24,,,1,70,,14487,24,,,1,100,,14488,24,,,1,25,,14489,24,,,1,100,,14490,24,,,1,100,,14491,24,,,1,96,,14492,24,,,1
700,'NYE/31',716,,14493,24,,,1,133,,14494,24,,,1,170,,14495,24,,,1,132,,14496,24,,,1,170,,14497,24,,,1,133,,14498,24,,,1,170,,14499,24,,,1,130,,14500,24,,,1,165,,14501,24,,,1
4700,'WKDY',537,,15981,4,,,1
4700,'WKDY/30',1214,,15977,4,,,1,606,,15978,4,,,1
4700,'WKDY/31',1214,,15979,4,,,1,606,,15980,4,,,1
4700,'NYE',537,,15982,4,,,1
4700,'NYE/31',1214,,15983,4,,,1,606,,15984,4,,,1
