700,'WKDY',552,,14423,10,,,1,171,,14424,10,,,1,34,,14425,10,,,1,100,,14426,10,,,1,70,,14427,10,,,1,100,,14428,10,,,1,30,,14429,10,,,1,100,,14430,10,,,1,70,,14431,10,,,1,100,,14432,10,,,1,30,,14433,10,,,1,102,,14434,10,,,1,70,,14435,10,,,1,100,,14436,10,,,1,30,,14437,10,,,1,100,,14438,10,,,1,68,,14439,10,,,1,100,,14440,10,,,1,100,,14441,10,,,1,98,,14442,10,,,1
700,'WKDY/30',654,,14405,10,,,1,173,,14406,10,,,1,130,,14407,10,,,1,170,,14408,10,,,1,130,,14409,10,,,1,172,,14410,10,,,1,130,,14411,10,,,1,170,,14412,10,,,1,128,,14413,10,,,1
700,'WKDY/31',654,,14414,10,,,1,173,,14415,10,,,1,130,,14416,10,,,1,170,,14417,10,,,1,130,,14418,10,,,1,172,,14419,10,,,1,130,,14420,10,,,1,170,,14421,10,,,1,128,,14422,10,,,1
700,'SAT',655,,14443,10,,,1,100,,14444,10,,,1,101,,14445,10,,,1,100,,14446,10,,,1,101,,14447,10,,,1,101,,14448,10,,,1,100,,14449,10,,,1,101,,14450,10,,,1,100,,14451,10,,,1,100,,14452,10,,,1,100,,14453,10,,,1,98,,14454,10,,,1,100,,14455,10,,,1,100,,14456,10,,,1,100,,14457,10,,,1
700,'SUN',655,,14458,10,,,1,100,,14459,10,,,1,101,,14460,10,,,1,100,,14461,10,,,1,101,,14462,10,,,1,101,,14463,10,,,1,100,,14464,10,,,1,101,,14465,10,,,1,100,,14466,10,,,1,100,,14467,10,,,1,100,,14468,10,,,1,98,,14469,10,,,1,100,,14470,10,,,1,100,,14471,10,,,1,100,,14472,10,,,1
700,'NYE',552,,14473,10,,,1,171,,14474,10,,,1,34,,14475,10,,,1,100,,14476,10,,,1,70,,14477,10,,,1,100,,14478,10,,,1,30,,14479,10,,,1,100,,14480,10,,,1,70,,14481,10,,,1,100,,14482,10,,,1,30,,14483,10,,,1,102,,14484,10,,,1,70,,14485,10,,,1,100,,14486,10,,,1,30,,14487,10,,,1,100,,14488,10,,,1,68,,14489,10,,,1,100,,14490,10,,,1,100,,14491,10,,,1,98,,14492,10,,,1
700,'NYE/31',654,,14493,10,,,1,173,,14494,10,,,1,130,,14495,10,,,1,170,,14496,10,,,1,130,,14497,10,,,1,172,,14498,10,,,1,130,,14499,10,,,1,170,,14500,10,,,1,128,,14501,10,,,1
7201,'WKDY',510,,19072,14,,,1,49,,19073,14,,,1,70,,19074,14,,,1,30,,19075,14,,,1,71,,19076,14,,,1,70,,19077,14,,,1,100,,19078,14,,,1,30,,19079,14,,,1,70,,19080,14,,,1,30,,19081,14,,,1,100,,19082,14,,,1,70,,19083,14,,,1,30,,19084,14,,,1,70,,19085,14,,,1,100,,19086,14,,,1,30,,19087,14,,,1,70,,19088,14,,,1,31,,19089,14,,,1,100,,19090,14,,,1,70,,19091,14,,,1,30,,19092,14,,,1,69,,19093,14,,,1,100,,19094,14,,,1,100,,19095,14,,,1,110,,19096,14,,,1
7201,'WKDY/30',830,,19062,14,,,1,270,,19063,14,,,1,230,,19064,14,,,1,271,,19065,14,,,1,229,,19066,14,,,1
7201,'WKDY/31',830,,19067,14,,,1,270,,19068,14,,,1,230,,19069,14,,,1,271,,19070,14,,,1,229,,19071,14,,,1
7201,'SAT',732,,19097,14,,,1,100,,19098,14,,,1,100,,19099,14,,,1,100,,19100,14,,,1,100,,19101,14,,,1,100,,19102,14,,,1,101,,19103,14,,,1,100,,19104,14,,,1,100,,19105,14,,,1,100,,19106,14,,,1,100,,19107,14,,,1,100,,19108,14,,,1,99,,19109,14,,,1
7201,'SUN',732,,19110,14,,,1,100,,19111,14,,,1,100,,19112,14,,,1,100,,19113,14,,,1,100,,19114,14,,,1,100,,19115,14,,,1,101,,19116,14,,,1,100,,19117,14,,,1,100,,19118,14,,,1,100,,19119,14,,,1,100,,19120,14,,,1,100,,19121,14,,,1,99,,19122,14,,,1
7201,'NYE',510,,19123,14,,,1,49,,19124,14,,,1,70,,19125,14,,,1,30,,19126,14,,,1,71,,19127,14,,,1,70,,19128,14,,,1,100,,19129,14,,,1,30,,19130,14,,,1,70,,19131,14,,,1,30,,19132,14,,,1,100,,19133,14,,,1,70,,19134,14,,,1,30,,19135,14,,,1,70,,19136,14,,,1,100,,19137,14,,,1,30,,19138,14,,,1,70,,19139,14,,,1,31,,19140,14,,,1,100,,19141,14,,,1,70,,19142,14,,,1,30,,19143,14,,,1,69,,19144,14,,,1,100,,19145,14,,,1,100,,19146,14,,,1,110,,19147,14,,,1
7201,'NYE/31',830,,19148,14,,,1,270,,19149,14,,,1,230,,19150,14,,,1,271,,19151,14,,,1,229,,19152,14,,,1
