700,'WKDY/30',725,,14306,6,,,1,133,,14307,6,,,1,170,,14308,6,,,1,172,,14309,6,,,1,131,,14310,6,,,1,174,,14311,6,,,1,129,,14312,6,,,1,169,,14313,6,,,1,125,,14314,6,,,1
700,'WKDY/31',725,,14315,6,,,1,133,,14316,6,,,1,170,,14317,6,,,1,172,,14318,6,,,1,131,,14319,6,,,1,174,,14320,6,,,1,129,,14321,6,,,1,169,,14322,6,,,1,125,,14323,6,,,1
700,'WKDY',620,,14324,6,,,1,20,,14325,6,,,1,114,,14326,6,,,1,74,,14327,6,,,1,100,,14328,6,,,1,30,,14329,6,,,1,100,,14330,6,,,1,70,,14331,6,,,1,102,,14332,6,,,1,70,,14333,6,,,1,102,,14334,6,,,1,30,,14335,6,,,1,103,,14336,6,,,1,70,,14337,6,,,1,99,,14338,6,,,1,30,,14339,6,,,1,99,,14340,6,,,1,25,,14341,6,,,1,100,,14342,6,,,1,100,,14343,6,,,1,96,,14344,6,,,1
700,'SAT',723,,14345,6,,,1,100,,14346,6,,,1,103,,14347,6,,,1,101,,14348,6,,,1,102,,14349,6,,,1,102,,14350,6,,,1,100,,14351,6,,,1,102,,14352,6,,,1,100,,14353,6,,,1,100,,14354,6,,,1,100,,14355,6,,,1,95,,14356,6,,,1,100,,14357,6,,,1,97,,14358,6,,,1,100,,14359,6,,,1
700,'SUN',723,,14360,6,,,1,100,,14361,6,,,1,103,,14362,6,,,1,101,,14363,6,,,1,102,,14364,6,,,1,102,,14365,6,,,1,100,,14366,6,,,1,102,,14367,6,,,1,100,,14368,6,,,1,100,,14369,6,,,1,100,,14370,6,,,1,95,,14371,6,,,1,100,,14372,6,,,1,97,,14373,6,,,1,100,,14374,6,,,1
700,'NYE',620,,14375,6,,,1,20,,14376,6,,,1,114,,14377,6,,,1,74,,14378,6,,,1,100,,14379,6,,,1,30,,14380,6,,,1,100,,14381,6,,,1,70,,14382,6,,,1,102,,14383,6,,,1,70,,14384,6,,,1,102,,14385,6,,,1,30,,14386,6,,,1,103,,14387,6,,,1,70,,14388,6,,,1,99,,14389,6,,,1,30,,14390,6,,,1,99,,14391,6,,,1,25,,14392,6,,,1,100,,14393,6,,,1,100,,14394,6,,,1,96,,14395,6,,,1
700,'NYE/31',725,,14396,6,,,1,133,,14397,6,,,1,170,,14398,6,,,1,172,,14399,6,,,1,131,,14400,6,,,1,174,,14401,6,,,1,129,,14402,6,,,1,169,,14403,6,,,1,125,,14404,6,,,1
4701,'WKDY/30',1312,,15985,4,,,1,605,,15986,4,,,1
4701,'WKDY/31',1312,,15987,4,,,1,605,,15988,4,,,1
4701,'NYE/31',1312,,15991,4,,,1,605,,15992,4,,,1
