3100,'WKDY/30',744,,15272,4,,,1,202,,15273,4,,,1,200,,15274,4,,,1,201,,15275,4,,,1,202,,15276,4,,,1,198,,15277,4,,,1
3100,'WKDY/31',744,,15278,4,,,1,202,,15279,4,,,1,200,,15280,4,,,1,201,,15281,4,,,1,202,,15282,4,,,1,198,,15283,4,,,1
3100,'WKDY',542,,15284,4,,,1,71,,15285,4,,,1,30,,15286,4,,,1,71,,15287,4,,,1,102,,15288,4,,,1,30,,15289,4,,,1,70,,15290,4,,,1,100,,15291,4,,,1,30,,15292,4,,,1,70,,15293,4,,,1,101,,15294,4,,,1,30,,15295,4,,,1,70,,15296,4,,,1,100,,15297,4,,,1,32,,15298,4,,,1,70,,15299,4,,,1,99,,15300,4,,,1,30,,15301,4,,,1,69,,15302,4,,,1,99,,15303,4,,,1,30,,15304,4,,,1,69,,15305,4,,,1,100,,15306,4,,,1,100,,15307,4,,,1
3100,'SAT',850,,15308,4,,,1,80,,15309,4,,,1,80,,15310,4,,,1,40,,15311,4,,,1,81,,15312,4,,,1,80,,15313,4,,,1,40,,15314,4,,,1,80,,15315,4,,,1,80,,15316,4,,,1,40,,15317,4,,,1,80,,15318,4,,,1,80,,15319,4,,,1,40,,15320,4,,,1,80,,15321,4,,,1,79,,15322,4,,,1,40,,15323,4,,,1,80,,15324,4,,,1,80,,15325,4,,,1
3100,'SUN',848,,15326,4,,,1,100,,15327,4,,,1,101,,15328,4,,,1,100,,15329,4,,,1,100,,15330,4,,,1,100,,15331,4,,,1,100,,15332,4,,,1,100,,15333,4,,,1,100,,15334,4,,,1,100,,15335,4,,,1,99,,15336,4,,,1,100,,15337,4,,,1
3100,'NYE',542,,15338,4,,,1,71,,15339,4,,,1,30,,15340,4,,,1,71,,15341,4,,,1,102,,15342,4,,,1,30,,15343,4,,,1,70,,15344,4,,,1,100,,15345,4,,,1,30,,15346,4,,,1,70,,15347,4,,,1,101,,15348,4,,,1,30,,15349,4,,,1,70,,15350,4,,,1,100,,15351,4,,,1,32,,15352,4,,,1,70,,15353,4,,,1,99,,15354,4,,,1,30,,15355,4,,,1,69,,15356,4,,,1,99,,15357,4,,,1,30,,15358,4,,,1,69,,15359,4,,,1,100,,15360,4,,,1,100,,15361,4,,,1
3100,'NYE/31',744,,15362,4,,,1,202,,15363,4,,,1,200,,15364,4,,,1,201,,15365,4,,,1,202,,15366,4,,,1,198,,15367,4,,,1
7101,'WKDY/30',742,,18765,7,,,1,104,,18766,7,,,1,156,,18767,7,,,1,117,,18768,7,,,1,117,,18769,7,,,1,115,,18770,7,,,1,156,,18771,7,,,1,116,,18772,7,,,1,128,,18773,7,,,1
7101,'WKDY/31',742,,18774,7,,,1,104,,18775,7,,,1,156,,18776,7,,,1,117,,18777,7,,,1,117,,18778,7,,,1,115,,18779,7,,,1,156,,18780,7,,,1,116,,18781,7,,,1,128,,18782,7,,,1
7101,'WKDY',553,,18783,7,,,1,73,,18784,7,,,1,31,,18785,7,,,1,70,,18786,7,,,1,30,,18787,7,,,1,56,,18788,7,,,1,15,,18789,7,,,1,73,,18790,7,,,1,16,,18791,7,,,1,15,,18792,7,,,1,15,,18793,7,,,1,70,,18794,7,,,1,17,,18795,7,,,1,15,,18796,7,,,1,55,,18797,7,,,1,30,,18798,7,,,1,17,,18799,7,,,1,55,,18800,7,,,1,15,,18801,7,,,1,30,,18802,7,,,1,55,,18803,7,,,1,15,,18804,7,,,1,15,,18805,7,,,1,70,,18806,7,,,1,16,,18807,7,,,1,15,,18808,7,,,1,15,,18809,7,,,1,70,,18810,7,,,1,15,,18811,7,,,1,15,,18812,7,,,1,55,,18813,7,,,1,31,,18814,7,,,1,13,,18815,7,,,1,55,,18816,7,,,1,15,,18817,7,,,1,15,,18818,7,,,1,69,,18819,7,,,1,15,,18820,7,,,1,28,,18821,7,,,1,70,,18822,7,,,1,29,,18823,7,,,1,70,,18824,7,,,1,28,,18825,7,,,1,68,,18826,7,,,1,30,,18827,7,,,1,68,,18828,7,,,1,30,,18829,7,,,1,100,,18830,7,,,1
7101,'SAT',652,,18831,7,,,1,60,,18832,7,,,1,20,,18833,7,,,1,20,,18834,7,,,1,61,,18835,7,,,1,21,,18836,7,,,1,20,,18837,7,,,1,61,,18838,7,,,1,19,,18839,7,,,1,22,,18840,7,,,1,59,,18841,7,,,1,20,,18842,7,,,1,21,,18843,7,,,1,60,,18844,7,,,1,20,,18845,7,,,1,20,,18846,7,,,1,61,,18847,7,,,1,21,,18848,7,,,1,63,,18849,7,,,1,25,,18850,7,,,1,20,,18851,7,,,1,61,,18852,7,,,1,20,,18853,7,,,1,20,,18854,7,,,1,60,,18855,7,,,1,20,,18856,7,,,1,20,,18857,7,,,1,60,,18858,7,,,1,19,,18859,7,,,1,21,,18860,7,,,1,60,,18861,7,,,1,17,,18862,7,,,1,19,,18863,7,,,1,60,,18864,7,,,1,20,,18865,7,,,1,18,,18866,7,,,1,60,,18867,7,,,1,19,,18868,7,,,1,19,,18869,7,,,1,20,,18870,7,,,1,60,,18871,7,,,1,21,,18872,7,,,1,19,,18873,7,,,1,59,,18874,7,,,1,19,,18875,7,,,1,20,,18876,7,,,1,70,,18877,7,,,1,28,,18878,7,,,1,68,,18879,7,,,1
7101,'SUN',652,,18880,7,,,1,70,,18881,7,,,1,30,,18882,7,,,1,71,,18883,7,,,1,32,,18884,7,,,1,70,,18885,7,,,1,32,,18886,7,,,1,70,,18887,7,,,1,30,,18888,7,,,1,71,,18889,7,,,1,30,,18890,7,,,1,72,,18891,7,,,1,73,,18892,7,,,1,30,,18893,7,,,1,70,,18894,7,,,1,30,,18895,7,,,1,70,,18896,7,,,1,30,,18897,7,,,1,70,,18898,7,,,1,30,,18899,7,,,1,70,,18900,7,,,1,26,,18901,7,,,1,30,,18902,7,,,1,70,,18903,7,,,1,29,,18904,7,,,1,70,,18905,7,,,1,28,,18906,7,,,1,70,,18907,7,,,1,29,,18908,7,,,1,69,,18909,7,,,1,29,,18910,7,,,1,69,,18911,7,,,1,30,,18912,7,,,1,70,,18913,7,,,1
7101,'NYE',553,,18914,7,,,1,73,,18915,7,,,1,31,,18916,7,,,1,70,,18917,7,,,1,30,,18918,7,,,1,56,,18919,7,,,1,15,,18920,7,,,1,73,,18921,7,,,1,16,,18922,7,,,1,15,,18923,7,,,1,15,,18924,7,,,1,70,,18925,7,,,1,17,,18926,7,,,1,15,,18927,7,,,1,55,,18928,7,,,1,30,,18929,7,,,1,17,,18930,7,,,1,55,,18931,7,,,1,15,,18932,7,,,1,30,,18933,7,,,1,55,,18934,7,,,1,15,,18935,7,,,1,15,,18936,7,,,1,70,,18937,7,,,1,16,,18938,7,,,1,15,,18939,7,,,1,15,,18940,7,,,1,70,,18941,7,,,1,15,,18942,7,,,1,15,,18943,7,,,1,55,,18944,7,,,1,31,,18945,7,,,1,13,,18946,7,,,1,55,,18947,7,,,1,15,,18948,7,,,1,15,,18949,7,,,1,69,,18950,7,,,1,15,,18951,7,,,1,28,,18952,7,,,1,70,,18953,7,,,1,29,,18954,7,,,1,70,,18955,7,,,1,28,,18956,7,,,1,68,,18957,7,,,1,30,,18958,7,,,1,68,,18959,7,,,1,30,,18960,7,,,1,100,,18961,7,,,1
7101,'NYE/31',742,,18962,7,,,1,104,,18963,7,,,1,156,,18964,7,,,1,117,,18965,7,,,1,117,,18966,7,,,1,115,,18967,7,,,1,156,,18968,7,,,1,116,,18969,7,,,1,128,,18970,7,,,1
