3201,'WKDY',606,,15575,29,,,1,30,,15576,29,,,1,100,,15577,29,,,1,70,,15578,29,,,1,30,,15579,29,,,1,99,,15580,29,,,1,70,,15581,29,,,1,30,,15582,29,,,1,100,,15583,29,,,1,70,,15584,29,,,1,30,,15585,29,,,1,100,,15586,29,,,1,70,,15587,29,,,1,30,,15588,29,,,1,100,,15589,29,,,1,70,,15590,29,,,1,30,,15591,29,,,1,100,,15592,29,,,1,70,,15593,29,,,1,30,,15594,29,,,1,100,,15595,29,,,1,100,,15596,29,,,1,100,,15597,29,,,1
3201,'WKDY/30',706,,15561,29,,,1,200,,15562,29,,,1,199,,15563,29,,,1,200,,15564,29,,,1,200,,15565,29,,,1,200,,15566,29,,,1,200,,15567,29,,,1
3201,'WKDY/31',706,,15568,29,,,1,200,,15569,29,,,1,199,,15570,29,,,1,200,,15571,29,,,1,200,,15572,29,,,1,200,,15573,29,,,1,200,,15574,29,,,1
3201,'SAT',812,,15598,29,,,1,39,,15599,29,,,1,81,,15600,29,,,1,79,,15601,29,,,1,40,,15602,29,,,1,81,,15603,29,,,1,80,,15604,29,,,1,39,,15605,29,,,1,80,,15606,29,,,1,80,,15607,29,,,1,40,,15608,29,,,1,80,,15609,29,,,1,80,,15610,29,,,1,40,,15611,29,,,1,79,,15612,29,,,1,81,,15613,29,,,1,42,,15614,29,,,1,79,,15615,29,,,1,80,,15616,29,,,1
3201,'SUN',813,,15617,29,,,1,100,,15618,29,,,1,98,,15619,29,,,1,100,,15620,29,,,1,99,,15621,29,,,1,102,,15622,29,,,1,100,,15623,29,,,1,99,,15624,29,,,1,99,,15625,29,,,1,100,,15626,29,,,1,100,,15627,29,,,1,101,,15628,29,,,1,101,,15629,29,,,1
3201,'NYE',606,,15630,29,,,1,30,,15631,29,,,1,100,,15632,29,,,1,70,,15633,29,,,1,30,,15634,29,,,1,99,,15635,29,,,1,70,,15636,29,,,1,30,,15637,29,,,1,100,,15638,29,,,1,70,,15639,29,,,1,30,,15640,29,,,1,100,,15641,29,,,1,70,,15642,29,,,1,30,,15643,29,,,1,100,,15644,29,,,1,70,,15645,29,,,1,30,,15646,29,,,1,100,,15647,29,,,1,70,,15648,29,,,1,30,,15649,29,,,1,100,,15650,29,,,1,100,,15651,29,,,1,100,,15652,29,,,1
3201,'NYE/31',706,,15653,29,,,1,200,,15654,29,,,1,199,,15655,29,,,1,200,,15656,29,,,1,200,,15657,29,,,1,200,,15658,29,,,1,200,,15659,29,,,1
7801,'WKDY',457,,19358,23,,,1,102,,19359,23,,,1,72,,19360,23,,,1,70,,19361,23,,,1,31,,19362,23,,,1,72,,19363,23,,,1,30,,19364,23,,,1,70,,19365,23,,,1,30,,19366,23,,,1,70,,19367,23,,,1,100,,19368,23,,,1,32,,19369,23,,,1,70,,19370,23,,,1,31,,19371,23,,,1,70,,19372,23,,,1,101,,19373,23,,,1,30,,19374,23,,,1,70,,19375,23,,,1,30,,19376,23,,,1,70,,19377,23,,,1,31,,19378,23,,,1,70,,19379,23,,,1,30,,19380,23,,,1,72,,19381,23,,,1,98,,19382,23,,,1,96,,19383,23,,,1,100,,19384,23,,,1,98,,19385,23,,,1
7801,'WKDY/30',1034,,19354,23,,,1,304,,19355,23,,,1
7801,'WKDY/31',1034,,19356,23,,,1,304,,19357,23,,,1
7801,'SAT',804,,19386,23,,,1,101,,19387,23,,,1,100,,19388,23,,,1,101,,19389,23,,,1,100,,19390,23,,,1,102,,19391,23,,,1,100,,19392,23,,,1,100,,19393,23,,,1,99,,19394,23,,,1,100,,19395,23,,,1,100,,19396,23,,,1,98,,19397,23,,,1,99,,19398,23,,,1
7801,'SUN',804,,19399,23,,,1,101,,19400,23,,,1,100,,19401,23,,,1,101,,19402,23,,,1,100,,19403,23,,,1,102,,19404,23,,,1,100,,19405,23,,,1,100,,19406,23,,,1,99,,19407,23,,,1,95,,19408,23,,,1,105,,19409,23,,,1,98,,19410,23,,,1,104,,19411,23,,,1
7801,'NYE',457,,19412,23,,,1,102,,19413,23,,,1,72,,19414,23,,,1,70,,19415,23,,,1,31,,19416,23,,,1,72,,19417,23,,,1,30,,19418,23,,,1,70,,19419,23,,,1,30,,19420,23,,,1,70,,19421,23,,,1,100,,19422,23,,,1,32,,19423,23,,,1,70,,19424,23,,,1,31,,19425,23,,,1,70,,19426,23,,,1,101,,19427,23,,,1,30,,19428,23,,,1,70,,19429,23,,,1,30,,19430,23,,,1,70,,19431,23,,,1,31,,19432,23,,,1,70,,19433,23,,,1,30,,19434,23,,,1,72,,19435,23,,,1,98,,19436,23,,,1,96,,19437,23,,,1,100,,19438,23,,,1,98,,19439,23,,,1
7801,'NYE/31',1034,,19440,23,,,1,304,,19441,23,,,1
