7101,'WKDY/30',752,,18765,19,,,1,104,,18766,19,,,1,157,,18767,19,,,1,117,,18768,19,,,1,118,,18769,19,,,1,155,,18770,19,,,1,117,,18771,19,,,1,116,,18772,19,,,1,168,,18773,19,,,1
7101,'WKDY/31',752,,18774,19,,,1,104,,18775,19,,,1,157,,18776,19,,,1,117,,18777,19,,,1,118,,18778,19,,,1,155,,18779,19,,,1,117,,18780,19,,,1,116,,18781,19,,,1,168,,18782,19,,,1
7101,'WKDY',601,,18783,19,,,1,34,,18784,19,,,1,72,,18785,19,,,1,30,,18786,19,,,1,70,,18787,19,,,1,16,,18788,19,,,1,15,,18789,19,,,1,73,,18790,19,,,1,17,,18791,19,,,1,15,,18792,19,,,1,15,,18793,19,,,1,70,,18794,19,,,1,17,,18795,19,,,1,55,,18796,19,,,1,15,,18797,19,,,1,30,,18798,19,,,1,58,,18799,19,,,1,15,,18800,19,,,1,15,,18801,19,,,1,70,,18802,19,,,1,15,,18803,19,,,1,15,,18804,19,,,1,15,,18805,19,,,1,70,,18806,19,,,1,16,,18807,19,,,1,15,,18808,19,,,1,56,,18809,19,,,1,30,,18810,19,,,1,15,,18811,19,,,1,55,,18812,19,,,1,15,,18813,19,,,1,31,,18814,19,,,1,53,,18815,19,,,1,15,,18816,19,,,1,15,,18817,19,,,1,15,,18818,19,,,1,67,,18819,19,,,1,15,,18820,19,,,1,28,,18821,19,,,1,70,,18822,19,,,1,29,,18823,19,,,1,70,,18824,19,,,1,28,,18825,19,,,1,66,,18826,19,,,1,30,,18827,19,,,1,67,,18828,19,,,1,30,,18829,19,,,1,100,,18830,19,,,1
7101,'SAT',659,,18831,19,,,1,60,,18832,19,,,1,20,,18833,19,,,1,20,,18834,19,,,1,63,,18835,19,,,1,21,,18836,19,,,1,60,,18837,19,,,1,21,,18838,19,,,1,19,,18839,19,,,1,63,,18840,19,,,1,19,,18841,19,,,1,20,,18842,19,,,1,61,,18843,19,,,1,20,,18844,19,,,1,20,,18845,19,,,1,61,,18846,19,,,1,21,,18847,19,,,1,21,,18848,19,,,1,63,,18849,19,,,1,25,,18850,19,,,1,20,,18851,19,,,1,61,,18852,19,,,1,20,,18853,19,,,1,20,,18854,19,,,1,60,,18855,19,,,1,20,,18856,19,,,1,20,,18857,19,,,1,61,,18858,19,,,1,19,,18859,19,,,1,21,,18860,19,,,1,60,,18861,19,,,1,15,,18862,19,,,1,19,,18863,19,,,1,60,,18864,19,,,1,20,,18865,19,,,1,18,,18866,19,,,1,60,,18867,19,,,1,19,,18868,19,,,1,19,,18869,19,,,1,60,,18870,19,,,1,20,,18871,19,,,1,21,,18872,19,,,1,59,,18873,19,,,1,18,,18874,19,,,1,19,,18875,19,,,1,59,,18876,19,,,1,30,,18877,19,,,1,68,,18878,19,,,1,27,,18879,19,,,1
7101,'SUN',659,,18880,19,,,1,70,,18881,19,,,1,30,,18882,19,,,1,72,,18883,19,,,1,73,,18884,19,,,1,30,,18885,19,,,1,73,,18886,19,,,1,30,,18887,19,,,1,70,,18888,19,,,1,32,,18889,19,,,1,70,,18890,19,,,1,32,,18891,19,,,1,73,,18892,19,,,1,30,,18893,19,,,1,70,,18894,19,,,1,30,,18895,19,,,1,70,,18896,19,,,1,30,,18897,19,,,1,70,,18898,19,,,1,30,,18899,19,,,1,70,,18900,19,,,1,26,,18901,19,,,1,69,,18902,19,,,1,30,,18903,19,,,1,68,,18904,19,,,1,30,,18905,19,,,1,68,,18906,19,,,1,29,,18907,19,,,1,69,,18908,19,,,1,29,,18909,19,,,1,69,,18910,19,,,1,28,,18911,19,,,1,30,,18912,19,,,1,70,,18913,19,,,1
7101,'NYE',601,,18914,19,,,1,34,,18915,19,,,1,72,,18916,19,,,1,30,,18917,19,,,1,70,,18918,19,,,1,16,,18919,19,,,1,15,,18920,19,,,1,73,,18921,19,,,1,17,,18922,19,,,1,15,,18923,19,,,1,15,,18924,19,,,1,70,,18925,19,,,1,17,,18926,19,,,1,55,,18927,19,,,1,15,,18928,19,,,1,30,,18929,19,,,1,58,,18930,19,,,1,15,,18931,19,,,1,15,,18932,19,,,1,70,,18933,19,,,1,15,,18934,19,,,1,15,,18935,19,,,1,15,,18936,19,,,1,70,,18937,19,,,1,16,,18938,19,,,1,15,,18939,19,,,1,56,,18940,19,,,1,30,,18941,19,,,1,15,,18942,19,,,1,55,,18943,19,,,1,15,,18944,19,,,1,31,,18945,19,,,1,53,,18946,19,,,1,15,,18947,19,,,1,15,,18948,19,,,1,15,,18949,19,,,1,67,,18950,19,,,1,15,,18951,19,,,1,28,,18952,19,,,1,70,,18953,19,,,1,29,,18954,19,,,1,70,,18955,19,,,1,28,,18956,19,,,1,66,,18957,19,,,1,30,,18958,19,,,1,67,,18959,19,,,1,30,,18960,19,,,1,100,,18961,19,,,1
7101,'NYE/31',752,,18962,19,,,1,104,,18963,19,,,1,157,,18964,19,,,1,117,,18965,19,,,1,118,,18966,19,,,1,155,,18967,19,,,1,117,,18968,19,,,1,116,,18969,19,,,1,168,,18970,19,,,1
7801,'WKDY/30',1104,,19442,24,,,1,305,,19443,24,,,1
7801,'WKDY/31',1104,,19444,24,,,1,305,,19445,24,,,1
7801,'WKDY',534,,19446,24,,,1,96,,19447,24,,,1,71,,19448,24,,,1,32,,19449,24,,,1,70,,19450,24,,,1,30,,19451,24,,,1,70,,19452,24,,,1,30,,19453,24,,,1,70,,19454,24,,,1,30,,19455,24,,,1,102,,19456,24,,,1,72,,19457,24,,,1,30,,19458,24,,,1,71,,19459,24,,,1,30,,19460,24,,,1,101,,19461,24,,,1,72,,19462,24,,,1,30,,19463,24,,,1,71,,19464,24,,,1,30,,19465,24,,,1,71,,19466,24,,,1,27,,19467,24,,,1,69,,19468,24,,,1,32,,19469,24,,,1,98,,19470,24,,,1,93,,19471,24,,,1,100,,19472,24,,,1
7801,'SAT',832,,19473,24,,,1,103,,19474,24,,,1,100,,19475,24,,,1,102,,19476,24,,,1,101,,19477,24,,,1,102,,19478,24,,,1,99,,19479,24,,,1,100,,19480,24,,,1,99,,19481,24,,,1,99,,19482,24,,,1,100,,19483,24,,,1,96,,19484,24,,,1
7801,'SUN',832,,19485,24,,,1,103,,19486,24,,,1,100,,19487,24,,,1,102,,19488,24,,,1,101,,19489,24,,,1,102,,19490,24,,,1,99,,19491,24,,,1,100,,19492,24,,,1,99,,19493,24,,,1,94,,19494,24,,,1,105,,19495,24,,,1,96,,19496,24,,,1
7801,'NYE',534,,19497,24,,,1,96,,19498,24,,,1,71,,19499,24,,,1,32,,19500,24,,,1,70,,19501,24,,,1,30,,19502,24,,,1,70,,19503,24,,,1,30,,19504,24,,,1,70,,19505,24,,,1,30,,19506,24,,,1,102,,19507,24,,,1,72,,19508,24,,,1,30,,19509,24,,,1,71,,19510,24,,,1,30,,19511,24,,,1,101,,19512,24,,,1,72,,19513,24,,,1,30,,19514,24,,,1,71,,19515,24,,,1,30,,19516,24,,,1,71,,19517,24,,,1,27,,19518,24,,,1,69,,19519,24,,,1,32,,19520,24,,,1,98,,19521,24,,,1,93,,19522,24,,,1,100,,19523,24,,,1
7801,'NYE/31',1104,,19524,24,,,1,305,,19525,24,,,1
