701,'WKDY/30',647,,14405,3,,,1,173,,14406,3,,,1,130,,14407,3,,,1,170,,14408,3,,,1,130,,14409,3,,,1,170,,14410,3,,,1,130,,14411,3,,,1,170,,14412,3,,,1,130,,14413,3,,,1
701,'WKDY/31',647,,14414,3,,,1,173,,14415,3,,,1,130,,14416,3,,,1,170,,14417,3,,,1,130,,14418,3,,,1,170,,14419,3,,,1,130,,14420,3,,,1,170,,14421,3,,,1,130,,14422,3,,,1
701,'WKDY',546,,14423,3,,,1,170,,14424,3,,,1,34,,14425,3,,,1,100,,14426,3,,,1,70,,14427,3,,,1,100,,14428,3,,,1,30,,14429,3,,,1,100,,14430,3,,,1,70,,14431,3,,,1,100,,14432,3,,,1,30,,14433,3,,,1,100,,14434,3,,,1,70,,14435,3,,,1,100,,14436,3,,,1,30,,14437,3,,,1,100,,14438,3,,,1,70,,14439,3,,,1,100,,14440,3,,,1,100,,14441,3,,,1,99,,14442,3,,,1
701,'SAT',649,,14443,3,,,1,100,,14444,3,,,1,100,,14445,3,,,1,100,,14446,3,,,1,101,,14447,3,,,1,100,,14448,3,,,1,100,,14449,3,,,1,100,,14450,3,,,1,100,,14451,3,,,1,100,,14452,3,,,1,100,,14453,3,,,1,100,,14454,3,,,1,100,,14455,3,,,1,100,,14456,3,,,1,100,,14457,3,,,1
701,'SUN',649,,14458,3,,,1,100,,14459,3,,,1,100,,14460,3,,,1,100,,14461,3,,,1,101,,14462,3,,,1,100,,14463,3,,,1,100,,14464,3,,,1,100,,14465,3,,,1,100,,14466,3,,,1,100,,14467,3,,,1,100,,14468,3,,,1,100,,14469,3,,,1,100,,14470,3,,,1,100,,14471,3,,,1,100,,14472,3,,,1
701,'NYE',546,,14473,3,,,1,170,,14474,3,,,1,34,,14475,3,,,1,100,,14476,3,,,1,70,,14477,3,,,1,100,,14478,3,,,1,30,,14479,3,,,1,100,,14480,3,,,1,70,,14481,3,,,1,100,,14482,3,,,1,30,,14483,3,,,1,100,,14484,3,,,1,70,,14485,3,,,1,100,,14486,3,,,1,30,,14487,3,,,1,100,,14488,3,,,1,70,,14489,3,,,1,100,,14490,3,,,1,100,,14491,3,,,1,99,,14492,3,,,1
701,'NYE/31',647,,14493,3,,,1,173,,14494,3,,,1,130,,14495,3,,,1,170,,14496,3,,,1,130,,14497,3,,,1,170,,14498,3,,,1,130,,14499,3,,,1,170,,14500,3,,,1,130,,14501,3,,,1
1201,'WKDY',526,,14648,3,,,1,30,,14649,3,,,1,70,,14650,3,,,1,30,,14651,3,,,1,70,,14652,3,,,1,30,,14653,3,,,1,70,,14654,3,,,1,30,,14655,3,,,1,70,,14656,3,,,1,30,,14657,3,,,1,70,,14658,3,,,1,30,,14659,3,,,1,70,,14660,3,,,1,30,,14661,3,,,1,70,,14662,3,,,1,30,,14663,3,,,1,70,,14664,3,,,1,30,,14665,3,,,1,70,,14666,3,,,1,30,,14667,3,,,1,70,,14668,3,,,1,30,,14669,3,,,1,70,,14670,3,,,1,30,,14671,3,,,1,70,,14672,3,,,1,30,,14673,3,,,1,70,,14674,3,,,1,30,,14675,3,,,1,70,,14676,3,,,1,30,,14677,3,,,1,70,,14678,3,,,1,30,,14679,3,,,1
1201,'SAT',618,,14680,3,,,1,100,,14681,3,,,1,100,,14682,3,,,1,100,,14683,3,,,1,100,,14684,3,,,1,100,,14685,3,,,1,100,,14686,3,,,1,100,,14687,3,,,1,101,,14688,3,,,1,100,,14689,3,,,1,100,,14690,3,,,1,99,,14691,3,,,1,100,,14692,3,,,1,100,,14693,3,,,1,100,,14694,3,,,1,100,,14695,3,,,1
1201,'SUN',618,,14696,3,,,1,100,,14697,3,,,1,100,,14698,3,,,1,100,,14699,3,,,1,100,,14700,3,,,1,100,,14701,3,,,1,100,,14702,3,,,1,100,,14703,3,,,1,101,,14704,3,,,1,100,,14705,3,,,1,100,,14706,3,,,1,99,,14707,3,,,1,100,,14708,3,,,1,100,,14709,3,,,1,100,,14710,3,,,1,100,,14711,3,,,1
1201,'NYE',526,,14712,3,,,1,30,,14713,3,,,1,70,,14714,3,,,1,30,,14715,3,,,1,70,,14716,3,,,1,30,,14717,3,,,1,70,,14718,3,,,1,30,,14719,3,,,1,70,,14720,3,,,1,30,,14721,3,,,1,70,,14722,3,,,1,30,,14723,3,,,1,70,,14724,3,,,1,30,,14725,3,,,1,70,,14726,3,,,1,30,,14727,3,,,1,70,,14728,3,,,1,30,,14729,3,,,1,70,,14730,3,,,1,30,,14731,3,,,1,70,,14732,3,,,1,30,,14733,3,,,1,70,,14734,3,,,1,30,,14735,3,,,1,70,,14736,3,,,1,30,,14737,3,,,1,70,,14738,3,,,1,30,,14739,3,,,1,70,,14740,3,,,1,30,,14741,3,,,1,70,,14742,3,,,1,30,,14743,3,,,1
7400,'WKDY/30',918,,19153,3,,,1,230,,19154,3,,,1,271,,19155,3,,,1,230,,19156,3,,,1,269,,19157,3,,,1,100,,19158,3,,,1,99,,19159,3,,,1
7400,'WKDY/31',918,,19160,3,,,1,230,,19161,3,,,1,271,,19162,3,,,1,230,,19163,3,,,1,269,,19164,3,,,1,100,,19165,3,,,1,99,,19166,3,,,1
7400,'WKDY',447,,19167,3,,,1,101,,19168,3,,,1,69,,19169,3,,,1,32,,19170,3,,,1,69,,19171,3,,,1,30,,19172,3,,,1,70,,19173,3,,,1,30,,19174,3,,,1,100,,19175,3,,,1,70,,19176,3,,,1,30,,19177,3,,,1,70,,19178,3,,,1,100,,19179,3,,,1,30,,19180,3,,,1,71,,19181,3,,,1,30,,19182,3,,,1,100,,19183,3,,,1,70,,19184,3,,,1,30,,19185,3,,,1,70,,19186,3,,,1,100,,19187,3,,,1,30,,19188,3,,,1,70,,19189,3,,,1,29,,19190,3,,,1,100,,19191,3,,,1,100,,19192,3,,,1
7400,'SAT',721,,19193,3,,,1,101,,19194,3,,,1,100,,19195,3,,,1,100,,19196,3,,,1,100,,19197,3,,,1,100,,19198,3,,,1,103,,19199,3,,,1,97,,19200,3,,,1,100,,19201,3,,,1,100,,19202,3,,,1,100,,19203,3,,,1,100,,19204,3,,,1,100,,19205,3,,,1,100,,19206,3,,,1
7400,'SUN',721,,19207,3,,,1,101,,19208,3,,,1,100,,19209,3,,,1,100,,19210,3,,,1,100,,19211,3,,,1,100,,19212,3,,,1,103,,19213,3,,,1,97,,19214,3,,,1,100,,19215,3,,,1,100,,19216,3,,,1,100,,19217,3,,,1,100,,19218,3,,,1,100,,19219,3,,,1,100,,19220,3,,,1
7400,'NYE',447,,19221,3,,,1,101,,19222,3,,,1,69,,19223,3,,,1,32,,19224,3,,,1,69,,19225,3,,,1,30,,19226,3,,,1,70,,19227,3,,,1,30,,19228,3,,,1,100,,19229,3,,,1,70,,19230,3,,,1,30,,19231,3,,,1,70,,19232,3,,,1,100,,19233,3,,,1,30,,19234,3,,,1,71,,19235,3,,,1,30,,19236,3,,,1,100,,19237,3,,,1,70,,19238,3,,,1,30,,19239,3,,,1,70,,19240,3,,,1,100,,19241,3,,,1,30,,19242,3,,,1,70,,19243,3,,,1,29,,19244,3,,,1,100,,19245,3,,,1,100,,19246,3,,,1
7400,'NYE/31',918,,19247,3,,,1,230,,19248,3,,,1,271,,19249,3,,,1,230,,19250,3,,,1,269,,19251,3,,,1,100,,19252,3,,,1,99,,19253,3,,,1
8000,'WKDY',523,,19526,3,,,1,30,,19527,3,,,1,71,,19528,3,,,1,30,,19529,3,,,1,70,,19530,3,,,1,30,,19531,3,,,1,70,,19532,3,,,1,30,,19533,3,,,1,70,,19534,3,,,1,30,,19535,3,,,1,70,,19536,3,,,1,30,,19537,3,,,1,70,,19538,3,,,1,30,,19539,3,,,1,70,,19540,3,,,1,30,,19541,3,,,1,71,,19542,3,,,1,30,,19543,3,,,1,70,,19544,3,,,1,30,,19545,3,,,1,70,,19546,3,,,1,30,,19547,3,,,1,70,,19548,3,,,1,27,,19549,3,,,1,70,,19550,3,,,1,29,,19551,3,,,1,70,,19552,3,,,1,33,,19553,3,,,1,70,,19554,3,,,1,30,,19555,3,,,1,69,,19556,3,,,1,30,,19557,3,,,1
8000,'SAT',623,,19558,3,,,1,100,,19559,3,,,1,30,,19560,3,,,1,70,,19561,3,,,1,31,,19562,3,,,1,70,,19563,3,,,1,30,,19564,3,,,1,70,,19565,3,,,1,30,,19566,3,,,1,70,,19567,3,,,1,30,,19568,3,,,1,70,,19569,3,,,1,30,,19570,3,,,1,70,,19571,3,,,1,30,,19572,3,,,1,70,,19573,3,,,1,30,,19574,3,,,1,70,,19575,3,,,1,30,,19576,3,,,1,70,,19577,3,,,1,30,,19578,3,,,1,70,,19579,3,,,1,30,,19580,3,,,1,70,,19581,3,,,1,30,,19582,3,,,1,70,,19583,3,,,1,29,,19584,3,,,1,100,,19585,3,,,1
8000,'SUN',623,,19586,3,,,1,100,,19587,3,,,1,30,,19588,3,,,1,70,,19589,3,,,1,31,,19590,3,,,1,70,,19591,3,,,1,30,,19592,3,,,1,70,,19593,3,,,1,30,,19594,3,,,1,70,,19595,3,,,1,30,,19596,3,,,1,70,,19597,3,,,1,30,,19598,3,,,1,70,,19599,3,,,1,30,,19600,3,,,1,70,,19601,3,,,1,30,,19602,3,,,1,70,,19603,3,,,1,30,,19604,3,,,1,70,,19605,3,,,1,30,,19606,3,,,1,70,,19607,3,,,1,30,,19608,3,,,1,70,,19609,3,,,1,30,,19610,3,,,1,70,,19611,3,,,1,29,,19612,3,,,1,100,,19613,3,,,1
8000,'NYE',523,,19614,3,,,1,30,,19615,3,,,1,71,,19616,3,,,1,30,,19617,3,,,1,70,,19618,3,,,1,30,,19619,3,,,1,70,,19620,3,,,1,30,,19621,3,,,1,70,,19622,3,,,1,30,,19623,3,,,1,70,,19624,3,,,1,30,,19625,3,,,1,70,,19626,3,,,1,30,,19627,3,,,1,70,,19628,3,,,1,30,,19629,3,,,1,71,,19630,3,,,1,30,,19631,3,,,1,70,,19632,3,,,1,30,,19633,3,,,1,70,,19634,3,,,1,30,,19635,3,,,1,70,,19636,3,,,1,27,,19637,3,,,1,70,,19638,3,,,1,29,,19639,3,,,1,70,,19640,3,,,1,33,,19641,3,,,1,70,,19642,3,,,1,30,,19643,3,,,1,69,,19644,3,,,1,30,,19645,3,,,1,70,,19646,3,,,1,30,,19647,3,,,1,70,,19648,3,,,1,30,,19649,3,,,1,70,,19650,3,,,1,30,,19651,3,,,1,70,,19652,3,,,1,30,,19653,3,,,1,70,,19654,3,,,1,30,,19655,3,,,1,70,,19656,3,,,1
