3101,'WKDY/30',635,,15368,15,,,1,197,,15369,15,,,1,199,,15370,15,,,1,197,,15371,15,,,1,199,,15372,15,,,1,200,,15373,15,,,1,205,,15374,15,,,1
3101,'WKDY/31',635,,15375,15,,,1,197,,15376,15,,,1,199,,15377,15,,,1,197,,15378,15,,,1,199,,15379,15,,,1,200,,15380,15,,,1,205,,15381,15,,,1
3101,'WKDY',536,,15382,15,,,1,69,,15383,15,,,1,98,,15384,15,,,1,30,,15385,15,,,1,70,,15386,15,,,1,98,,15387,15,,,1,30,,15388,15,,,1,70,,15389,15,,,1,100,,15390,15,,,1,28,,15391,15,,,1,30,,15392,15,,,1,98,,15393,15,,,1,70,,15394,15,,,1,30,,15395,15,,,1,100,,15396,15,,,1,69,,15397,15,,,1,30,,15398,15,,,1,101,,15399,15,,,1,74,,15400,15,,,1,70,,15401,15,,,1,102,,15402,15,,,1,101,,15403,15,,,1,100,,15404,15,,,1
3101,'SAT',744,,15405,15,,,1,79,,15406,15,,,1,79,,15407,15,,,1,39,,15408,15,,,1,79,,15409,15,,,1,80,,15410,15,,,1,38,,15411,15,,,1,79,,15412,15,,,1,40,,15413,15,,,1,80,,15414,15,,,1,80,,15415,15,,,1,40,,15416,15,,,1,80,,15417,15,,,1,82,,15418,15,,,1,40,,15419,15,,,1,81,,15420,15,,,1,82,,15421,15,,,1,81,,15422,15,,,1,40,,15423,15,,,1
3101,'SUN',743,,15424,15,,,1,100,,15425,15,,,1,98,,15426,15,,,1,100,,15427,15,,,1,96,,15428,15,,,1,101,,15429,15,,,1,100,,15430,15,,,1,100,,15431,15,,,1,100,,15432,15,,,1,100,,15433,15,,,1,101,,15434,15,,,1,102,,15435,15,,,1,102,,15436,15,,,1
3101,'NYE',536,,15437,15,,,1,69,,15438,15,,,1,98,,15439,15,,,1,30,,15440,15,,,1,70,,15441,15,,,1,98,,15442,15,,,1,30,,15443,15,,,1,70,,15444,15,,,1,100,,15445,15,,,1,28,,15446,15,,,1,30,,15447,15,,,1,98,,15448,15,,,1,70,,15449,15,,,1,30,,15450,15,,,1,100,,15451,15,,,1,69,,15452,15,,,1,30,,15453,15,,,1,101,,15454,15,,,1,74,,15455,15,,,1,70,,15456,15,,,1,102,,15457,15,,,1,101,,15458,15,,,1,100,,15459,15,,,1
3101,'NYE/31',635,,15460,15,,,1,197,,15461,15,,,1,199,,15462,15,,,1,197,,15463,15,,,1,199,,15464,15,,,1,200,,15465,15,,,1,205,,15466,15,,,1
7100,'WKDY/30',724,,18559,13,,,1,103,,18560,13,,,1,116,,18561,13,,,1,116,,18562,13,,,1,156,,18563,13,,,1,115,,18564,13,,,1,115,,18565,13,,,1,156,,18566,13,,,1,130,,18567,13,,,1
7100,'WKDY/31',724,,18568,13,,,1,103,,18569,13,,,1,116,,18570,13,,,1,116,,18571,13,,,1,156,,18572,13,,,1,115,,18573,13,,,1,115,,18574,13,,,1,156,,18575,13,,,1,130,,18576,13,,,1
7100,'WKDY',537,,18577,13,,,1,71,,18578,13,,,1,31,,18579,13,,,1,70,,18580,13,,,1,30,,18581,13,,,1,16,,18582,13,,,1,55,,18583,13,,,1,32,,18584,13,,,1,16,,18585,13,,,1,55,,18586,13,,,1,15,,18587,13,,,1,30,,18588,13,,,1,56,,18589,13,,,1,15,,18590,13,,,1,15,,18591,13,,,1,70,,18592,13,,,1,16,,18593,13,,,1,15,,18594,13,,,1,55,,18595,13,,,1,30,,18596,13,,,1,15,,18597,13,,,1,55,,18598,13,,,1,15,,18599,13,,,1,30,,18600,13,,,1,55,,18601,13,,,1,15,,18602,13,,,1,15,,18603,13,,,1,70,,18604,13,,,1,15,,18605,13,,,1,15,,18606,13,,,1,15,,18607,13,,,1,71,,18608,13,,,1,15,,18609,13,,,1,15,,18610,13,,,1,55,,18611,13,,,1,15,,18612,13,,,1,29,,18613,13,,,1,55,,18614,13,,,1,28,,18615,13,,,1,30,,18616,13,,,1,70,,18617,13,,,1,30,,18618,13,,,1,68,,18619,13,,,1,29,,18620,13,,,1,70,,18621,13,,,1,29,,18622,13,,,1,70,,18623,13,,,1,100,,18624,13,,,1
7100,'SAT',634,,18625,13,,,1,20,,18626,13,,,1,60,,18627,13,,,1,20,,18628,13,,,1,21,,18629,13,,,1,61,,18630,13,,,1,20,,18631,13,,,1,20,,18632,13,,,1,58,,18633,13,,,1,22,,18634,13,,,1,19,,18635,13,,,1,60,,18636,13,,,1,20,,18637,13,,,1,20,,18638,13,,,1,60,,18639,13,,,1,20,,18640,13,,,1,21,,18641,13,,,1,61,,18642,13,,,1,22,,18643,13,,,1,63,,18644,13,,,1,20,,18645,13,,,1,21,,18646,13,,,1,60,,18647,13,,,1,20,,18648,13,,,1,20,,18649,13,,,1,60,,18650,13,,,1,21,,18651,13,,,1,20,,18652,13,,,1,60,,18653,13,,,1,21,,18654,13,,,1,20,,18655,13,,,1,58,,18656,13,,,1,19,,18657,13,,,1,20,,18658,13,,,1,60,,18659,13,,,1,18,,18660,13,,,1,20,,18661,13,,,1,19,,18662,13,,,1,60,,18663,13,,,1,20,,18664,13,,,1,20,,18665,13,,,1,61,,18666,13,,,1,20,,18667,13,,,1,19,,18668,13,,,1,60,,18669,13,,,1,20,,18670,13,,,1,70,,18671,13,,,1,29,,18672,13,,,1,68,,18673,13,,,1
7100,'SUN',634,,18674,13,,,1,70,,18675,13,,,1,30,,18676,13,,,1,70,,18677,13,,,1,32,,18678,13,,,1,70,,18679,13,,,1,31,,18680,13,,,1,70,,18681,13,,,1,30,,18682,13,,,1,71,,18683,13,,,1,30,,18684,13,,,1,71,,18685,13,,,1,32,,18686,13,,,1,70,,18687,13,,,1,30,,18688,13,,,1,70,,18689,13,,,1,30,,18690,13,,,1,70,,18691,13,,,1,30,,18692,13,,,1,70,,18693,13,,,1,30,,18694,13,,,1,67,,18695,13,,,1,30,,18696,13,,,1,70,,18697,13,,,1,30,,18698,13,,,1,70,,18699,13,,,1,28,,18700,13,,,1,70,,18701,13,,,1,30,,18702,13,,,1,70,,18703,13,,,1,30,,18704,13,,,1,69,,18705,13,,,1,30,,18706,13,,,1,70,,18707,13,,,1
7100,'NYE',537,,18708,13,,,1,71,,18709,13,,,1,31,,18710,13,,,1,70,,18711,13,,,1,30,,18712,13,,,1,16,,18713,13,,,1,55,,18714,13,,,1,32,,18715,13,,,1,16,,18716,13,,,1,55,,18717,13,,,1,15,,18718,13,,,1,30,,18719,13,,,1,56,,18720,13,,,1,15,,18721,13,,,1,15,,18722,13,,,1,70,,18723,13,,,1,16,,18724,13,,,1,15,,18725,13,,,1,55,,18726,13,,,1,30,,18727,13,,,1,15,,18728,13,,,1,55,,18729,13,,,1,15,,18730,13,,,1,30,,18731,13,,,1,55,,18732,13,,,1,15,,18733,13,,,1,15,,18734,13,,,1,70,,18735,13,,,1,15,,18736,13,,,1,15,,18737,13,,,1,15,,18738,13,,,1,71,,18739,13,,,1,15,,18740,13,,,1,15,,18741,13,,,1,55,,18742,13,,,1,15,,18743,13,,,1,29,,18744,13,,,1,55,,18745,13,,,1,28,,18746,13,,,1,30,,18747,13,,,1,70,,18748,13,,,1,30,,18749,13,,,1,68,,18750,13,,,1,29,,18751,13,,,1,70,,18752,13,,,1,29,,18753,13,,,1,70,,18754,13,,,1,100,,18755,13,,,1
7100,'NYE/31',724,,18756,13,,,1,103,,18757,13,,,1,116,,18758,13,,,1,116,,18759,13,,,1,156,,18760,13,,,1,115,,18761,13,,,1,115,,18762,13,,,1,156,,18763,13,,,1,130,,18764,13,,,1
