3201,'WKDY',607,,15575,32,,,1,30,,15576,32,,,1,100,,15577,32,,,1,70,,15578,32,,,1,30,,15579,32,,,1,100,,15580,32,,,1,70,,15581,32,,,1,30,,15582,32,,,1,100,,15583,32,,,1,70,,15584,32,,,1,30,,15585,32,,,1,100,,15586,32,,,1,70,,15587,32,,,1,30,,15588,32,,,1,100,,15589,32,,,1,70,,15590,32,,,1,30,,15591,32,,,1,100,,15592,32,,,1,70,,15593,32,,,1,30,,15594,32,,,1,100,,15595,32,,,1,100,,15596,32,,,1,100,,15597,32,,,1
3201,'WKDY/30',707,,15561,32,,,1,200,,15562,32,,,1,200,,15563,32,,,1,200,,15564,32,,,1,200,,15565,32,,,1,200,,15566,32,,,1,200,,15567,32,,,1
3201,'WKDY/31',707,,15568,32,,,1,200,,15569,32,,,1,200,,15570,32,,,1,200,,15571,32,,,1,200,,15572,32,,,1,200,,15573,32,,,1,200,,15574,32,,,1
3201,'SAT',813,,15598,32,,,1,39,,15599,32,,,1,81,,15600,32,,,1,80,,15601,32,,,1,40,,15602,32,,,1,81,,15603,32,,,1,80,,15604,32,,,1,39,,15605,32,,,1,80,,15606,32,,,1,80,,15607,32,,,1,40,,15608,32,,,1,80,,15609,32,,,1,80,,15610,32,,,1,40,,15611,32,,,1,79,,15612,32,,,1,81,,15613,32,,,1,42,,15614,32,,,1,79,,15615,32,,,1,80,,15616,32,,,1
3201,'SUN',814,,15617,32,,,1,100,,15618,32,,,1,99,,15619,32,,,1,100,,15620,32,,,1,99,,15621,32,,,1,102,,15622,32,,,1,100,,15623,32,,,1,99,,15624,32,,,1,99,,15625,32,,,1,100,,15626,32,,,1,100,,15627,32,,,1,100,,15628,32,,,1,101,,15629,32,,,1
3201,'NYE',607,,15630,32,,,1,30,,15631,32,,,1,100,,15632,32,,,1,70,,15633,32,,,1,30,,15634,32,,,1,100,,15635,32,,,1,70,,15636,32,,,1,30,,15637,32,,,1,100,,15638,32,,,1,70,,15639,32,,,1,30,,15640,32,,,1,100,,15641,32,,,1,70,,15642,32,,,1,30,,15643,32,,,1,100,,15644,32,,,1,70,,15645,32,,,1,30,,15646,32,,,1,100,,15647,32,,,1,70,,15648,32,,,1,30,,15649,32,,,1,100,,15650,32,,,1,100,,15651,32,,,1,100,,15652,32,,,1
3201,'NYE/31',707,,15653,32,,,1,200,,15654,32,,,1,200,,15655,32,,,1,200,,15656,32,,,1,200,,15657,32,,,1,200,,15658,32,,,1,200,,15659,32,,,1
7801,'WKDY',458,,19358,26,,,1,142,,19359,26,,,1,32,,19360,26,,,1,70,,19361,26,,,1,31,,19362,26,,,1,73,,19363,26,,,1,30,,19364,26,,,1,70,,19365,26,,,1,30,,19366,26,,,1,70,,19367,26,,,1,100,,19368,26,,,1,32,,19369,26,,,1,70,,19370,26,,,1,31,,19371,26,,,1,70,,19372,26,,,1,101,,19373,26,,,1,30,,19374,26,,,1,70,,19375,26,,,1,30,,19376,26,,,1,70,,19377,26,,,1,31,,19378,26,,,1,70,,19379,26,,,1,30,,19380,26,,,1,72,,19381,26,,,1,98,,19382,26,,,1,96,,19383,26,,,1,100,,19384,26,,,1,97,,19385,26,,,1
7801,'WKDY/30',1036,,19354,26,,,1,304,,19355,26,,,1
7801,'WKDY/31',1036,,19356,26,,,1,304,,19357,26,,,1
7801,'SAT',805,,19386,26,,,1,102,,19387,26,,,1,100,,19388,26,,,1,101,,19389,26,,,1,100,,19390,26,,,1,102,,19391,26,,,1,100,,19392,26,,,1,100,,19393,26,,,1,99,,19394,26,,,1,100,,19395,26,,,1,100,,19396,26,,,1,97,,19397,26,,,1,99,,19398,26,,,1
7801,'SUN',805,,19399,26,,,1,102,,19400,26,,,1,100,,19401,26,,,1,101,,19402,26,,,1,100,,19403,26,,,1,102,,19404,26,,,1,100,,19405,26,,,1,100,,19406,26,,,1,99,,19407,26,,,1,95,,19408,26,,,1,105,,19409,26,,,1,97,,19410,26,,,1,104,,19411,26,,,1
7801,'NYE',458,,19412,26,,,1,142,,19413,26,,,1,32,,19414,26,,,1,70,,19415,26,,,1,31,,19416,26,,,1,73,,19417,26,,,1,30,,19418,26,,,1,70,,19419,26,,,1,30,,19420,26,,,1,70,,19421,26,,,1,100,,19422,26,,,1,32,,19423,26,,,1,70,,19424,26,,,1,31,,19425,26,,,1,70,,19426,26,,,1,101,,19427,26,,,1,30,,19428,26,,,1,70,,19429,26,,,1,30,,19430,26,,,1,70,,19431,26,,,1,31,,19432,26,,,1,70,,19433,26,,,1,30,,19434,26,,,1,72,,19435,26,,,1,98,,19436,26,,,1,96,,19437,26,,,1,100,,19438,26,,,1,97,,19439,26,,,1
7801,'NYE/31',1036,,19440,26,,,1,304,,19441,26,,,1
