2500,'WKDY',610,,14898,4,,,1,30,,14899,4,,,1,70,,14900,4,,,1,31,,14901,4,,,1,71,,14902,4,,,1,30,,14903,4,,,1,72,,14904,4,,,1,30,,14905,4,,,1,69,,14906,4,,,1,30,,14907,4,,,1,70,,14908,4,,,1,31,,14909,4,,,1,73,,14910,4,,,1,30,,14911,4,,,1,70,,14912,4,,,1,28,,14913,4,,,1,70,,14914,4,,,1,30,,14915,4,,,1,71,,14916,4,,,1,31,,14917,4,,,1,70,,14918,4,,,1,30,,14919,4,,,1,70,,14920,4,,,1,29,,14921,4,,,1,68,,14922,4,,,1,28,,14923,4,,,1,93,,14924,4,,,1,104,,14925,4,,,1
2500,'SAT',740,,14926,4,,,1,101,,14927,4,,,1,100,,14928,4,,,1,102,,14929,4,,,1,101,,14930,4,,,1,104,,14931,4,,,1,100,,14932,4,,,1,100,,14933,4,,,1,99,,14934,4,,,1,99,,14935,4,,,1,96,,14936,4,,,1,98,,14937,4,,,1,99,,14938,4,,,1
2500,'SUN',740,,14939,4,,,1,101,,14940,4,,,1,100,,14941,4,,,1,102,,14942,4,,,1,101,,14943,4,,,1,104,,14944,4,,,1,100,,14945,4,,,1,100,,14946,4,,,1,99,,14947,4,,,1,99,,14948,4,,,1,96,,14949,4,,,1,98,,14950,4,,,1,99,,14951,4,,,1
2500,'NYE',610,,14952,4,,,1,30,,14953,4,,,1,70,,14954,4,,,1,31,,14955,4,,,1,71,,14956,4,,,1,30,,14957,4,,,1,72,,14958,4,,,1,30,,14959,4,,,1,69,,14960,4,,,1,30,,14961,4,,,1,70,,14962,4,,,1,31,,14963,4,,,1,73,,14964,4,,,1,30,,14965,4,,,1,70,,14966,4,,,1,28,,14967,4,,,1,70,,14968,4,,,1,30,,14969,4,,,1,71,,14970,4,,,1,31,,14971,4,,,1,70,,14972,4,,,1,30,,14973,4,,,1,70,,14974,4,,,1,29,,14975,4,,,1,68,,14976,4,,,1,28,,14977,4,,,1,93,,14978,4,,,1,104,,14979,4,,,1
3201,'WKDY/30',643,,15561,3,,,1,197,,15562,3,,,1,199,,15563,3,,,1,197,,15564,3,,,1,200,,15565,3,,,1,199,,15566,3,,,1,205,,15567,3,,,1
3201,'WKDY/31',643,,15568,3,,,1,197,,15569,3,,,1,199,,15570,3,,,1,197,,15571,3,,,1,200,,15572,3,,,1,199,,15573,3,,,1,205,,15574,3,,,1
3201,'WKDY',543,,15575,3,,,1,70,,15576,3,,,1,98,,15577,3,,,1,30,,15578,3,,,1,70,,15579,3,,,1,98,,15580,3,,,1,30,,15581,3,,,1,70,,15582,3,,,1,100,,15583,3,,,1,28,,15584,3,,,1,70,,15585,3,,,1,98,,15586,3,,,1,30,,15587,3,,,1,71,,15588,3,,,1,100,,15589,3,,,1,29,,15590,3,,,1,70,,15591,3,,,1,100,,15592,3,,,1,34,,15593,3,,,1,70,,15594,3,,,1,102,,15595,3,,,1,101,,15596,3,,,1,100,,15597,3,,,1
3201,'SAT',750,,15598,3,,,1,79,,15599,3,,,1,80,,15600,3,,,1,39,,15601,3,,,1,79,,15602,3,,,1,80,,15603,3,,,1,39,,15604,3,,,1,79,,15605,3,,,1,80,,15606,3,,,1,40,,15607,3,,,1,80,,15608,3,,,1,80,,15609,3,,,1,40,,15610,3,,,1,82,,15611,3,,,1,80,,15612,3,,,1,41,,15613,3,,,1,82,,15614,3,,,1,80,,15615,3,,,1,40,,15616,3,,,1
3201,'SUN',751,,15617,3,,,1,100,,15618,3,,,1,98,,15619,3,,,1,100,,15620,3,,,1,96,,15621,3,,,1,101,,15622,3,,,1,100,,15623,3,,,1,100,,15624,3,,,1,100,,15625,3,,,1,100,,15626,3,,,1,101,,15627,3,,,1,102,,15628,3,,,1,101,,15629,3,,,1
3201,'NYE',543,,15630,3,,,1,70,,15631,3,,,1,98,,15632,3,,,1,30,,15633,3,,,1,70,,15634,3,,,1,98,,15635,3,,,1,30,,15636,3,,,1,70,,15637,3,,,1,100,,15638,3,,,1,28,,15639,3,,,1,70,,15640,3,,,1,98,,15641,3,,,1,30,,15642,3,,,1,71,,15643,3,,,1,100,,15644,3,,,1,29,,15645,3,,,1,70,,15646,3,,,1,100,,15647,3,,,1,34,,15648,3,,,1,70,,15649,3,,,1,102,,15650,3,,,1,101,,15651,3,,,1,100,,15652,3,,,1
3201,'NYE/31',643,,15653,3,,,1,197,,15654,3,,,1,199,,15655,3,,,1,197,,15656,3,,,1,200,,15657,3,,,1,199,,15658,3,,,1,205,,15659,3,,,1
