700,'WKDY',615,,14423,29,4,,1,134,,14424,29,4,,1,74,,14425,29,4,,1,100,,14426,29,4,,1,30,,14427,29,4,,1,100,,14428,29,4,,1,70,,14429,29,4,,1,102,,14430,29,4,,1,30,,14431,29,4,,1,101,,14432,29,4,,1,70,,14433,29,4,,1,103,,14434,29,4,,1,30,,14435,29,4,,1,99,,14436,29,4,,1,70,,14437,29,4,,1,100,,14438,29,4,,1,25,,14439,29,4,,1,100,,14440,29,4,,1,100,,14441,29,4,,1,96,,14442,29,4,,1
700,'WKDY/30',720,,14405,29,4,,1,133,,14406,29,4,,1,170,,14407,29,4,,1,132,,14408,29,4,,1,170,,14409,29,4,,1,134,,14410,29,4,,1,169,,14411,29,4,,1,130,,14412,29,4,,1,165,,14413,29,4,,1
700,'WKDY/31',720,,14414,29,4,,1,133,,14415,29,4,,1,170,,14416,29,4,,1,132,,14417,29,4,,1,170,,14418,29,4,,1,134,,14419,29,4,,1,169,,14420,29,4,,1,130,,14421,29,4,,1,165,,14422,29,4,,1
700,'SAT',719,,14443,29,4,,1,100,,14444,29,4,,1,103,,14445,29,4,,1,100,,14446,29,4,,1,102,,14447,29,4,,1,102,,14448,29,4,,1,100,,14449,29,4,,1,102,,14450,29,4,,1,100,,14451,29,4,,1,100,,14452,29,4,,1,100,,14453,29,4,,1,95,,14454,29,4,,1,100,,14455,29,4,,1,98,,14456,29,4,,1,100,,14457,29,4,,1
700,'SUN',719,,14458,29,4,,1,100,,14459,29,4,,1,103,,14460,29,4,,1,100,,14461,29,4,,1,102,,14462,29,4,,1,102,,14463,29,4,,1,100,,14464,29,4,,1,102,,14465,29,4,,1,100,,14466,29,4,,1,100,,14467,29,4,,1,100,,14468,29,4,,1,95,,14469,29,4,,1,100,,14470,29,4,,1,98,,14471,29,4,,1,100,,14472,29,4,,1
700,'NYE',615,,14473,29,4,,1,134,,14474,29,4,,1,74,,14475,29,4,,1,100,,14476,29,4,,1,30,,14477,29,4,,1,100,,14478,29,4,,1,70,,14479,29,4,,1,102,,14480,29,4,,1,30,,14481,29,4,,1,101,,14482,29,4,,1,70,,14483,29,4,,1,103,,14484,29,4,,1,30,,14485,29,4,,1,99,,14486,29,4,,1,70,,14487,29,4,,1,100,,14488,29,4,,1,25,,14489,29,4,,1,100,,14490,29,4,,1,100,,14491,29,4,,1,96,,14492,29,4,,1
700,'NYE/31',720,,14493,29,4,,1,133,,14494,29,4,,1,170,,14495,29,4,,1,132,,14496,29,4,,1,170,,14497,29,4,,1,134,,14498,29,4,,1,169,,14499,29,4,,1,130,,14500,29,4,,1,165,,14501,29,4,,1
701,'WKDY',615,,14324,1,,,1,20,,14325,1,,,1,114,,14326,1,,,1,74,,14327,1,,,1,100,,14328,1,,,1,30,,14329,1,,,1,100,,14330,1,,,1,70,,14331,1,,,1,102,,14332,1,,,1,30,,14333,1,,,1,101,,14334,1,,,1,70,,14335,1,,,1,103,,14336,1,,,1,30,,14337,1,,,1,99,,14338,1,,,1,70,,14339,1,,,1,100,,14340,1,,,1,25,,14341,1,,,1,100,,14342,1,,,1,100,,14343,1,,,1,96,,14344,1,,,1
701,'WKDY/30',720,,14306,1,,,1,133,,14307,1,,,1,170,,14308,1,,,1,132,,14309,1,,,1,170,,14310,1,,,1,134,,14311,1,,,1,169,,14312,1,,,1,130,,14313,1,,,1,165,,14314,1,,,1
701,'WKDY/31',720,,14315,1,,,1,133,,14316,1,,,1,170,,14317,1,,,1,132,,14318,1,,,1,170,,14319,1,,,1,134,,14320,1,,,1,169,,14321,1,,,1,130,,14322,1,,,1,165,,14323,1,,,1
701,'SAT',719,,14345,1,,,1,100,,14346,1,,,1,103,,14347,1,,,1,100,,14348,1,,,1,102,,14349,1,,,1,102,,14350,1,,,1,100,,14351,1,,,1,102,,14352,1,,,1,100,,14353,1,,,1,100,,14354,1,,,1,100,,14355,1,,,1,95,,14356,1,,,1,100,,14357,1,,,1,98,,14358,1,,,1,100,,14359,1,,,1
701,'SUN',719,,14360,1,,,1,100,,14361,1,,,1,103,,14362,1,,,1,100,,14363,1,,,1,102,,14364,1,,,1,102,,14365,1,,,1,100,,14366,1,,,1,102,,14367,1,,,1,100,,14368,1,,,1,100,,14369,1,,,1,100,,14370,1,,,1,95,,14371,1,,,1,100,,14372,1,,,1,98,,14373,1,,,1,100,,14374,1,,,1
701,'NYE',615,,14375,1,,,1,20,,14376,1,,,1,114,,14377,1,,,1,74,,14378,1,,,1,100,,14379,1,,,1,30,,14380,1,,,1,100,,14381,1,,,1,70,,14382,1,,,1,102,,14383,1,,,1,30,,14384,1,,,1,101,,14385,1,,,1,70,,14386,1,,,1,103,,14387,1,,,1,30,,14388,1,,,1,99,,14389,1,,,1,70,,14390,1,,,1,100,,14391,1,,,1,25,,14392,1,,,1,100,,14393,1,,,1,100,,14394,1,,,1,96,,14395,1,,,1
701,'NYE/31',720,,14396,1,,,1,133,,14397,1,,,1,170,,14398,1,,,1,132,,14399,1,,,1,170,,14400,1,,,1,134,,14401,1,,,1,169,,14402,1,,,1,130,,14403,1,,,1,165,,14404,1,,,1
