2501,'WKDY',602,,14980,34,,,1,31,,14981,34,,,1,70,,14982,34,,,1,31,,14983,34,,,1,70,,14984,34,,,1,30,,14985,34,,,1,71,,14986,34,,,1,30,,14987,34,,,1,69,,14988,34,,,1,30,,14989,34,,,1,70,,14990,34,,,1,31,,14991,34,,,1,72,,14992,34,,,1,30,,14993,34,,,1,70,,14994,34,,,1,29,,14995,34,,,1,70,,14996,34,,,1,30,,14997,34,,,1,71,,14998,34,,,1,31,,14999,34,,,1,70,,15000,34,,,1,30,,15001,34,,,1,70,,15002,34,,,1,29,,15003,34,,,1,68,,15004,34,,,1,30,,15005,34,,,1,93,,15006,34,,,1,104,,15007,34,,,1
2501,'SAT',733,,15008,34,,,1,101,,15009,34,,,1,100,,15010,34,,,1,101,,15011,34,,,1,100,,15012,34,,,1,104,,15013,34,,,1,100,,15014,34,,,1,100,,15015,34,,,1,99,,15016,34,,,1,99,,15017,34,,,1,97,,15018,34,,,1,99,,15019,34,,,1,99,,15020,34,,,1
2501,'SUN',733,,15021,34,,,1,101,,15022,34,,,1,100,,15023,34,,,1,101,,15024,34,,,1,100,,15025,34,,,1,104,,15026,34,,,1,100,,15027,34,,,1,100,,15028,34,,,1,99,,15029,34,,,1,99,,15030,34,,,1,97,,15031,34,,,1,99,,15032,34,,,1,99,,15033,34,,,1
2501,'NYE',602,,15034,34,,,1,31,,15035,34,,,1,70,,15036,34,,,1,31,,15037,34,,,1,70,,15038,34,,,1,30,,15039,34,,,1,71,,15040,34,,,1,30,,15041,34,,,1,69,,15042,34,,,1,30,,15043,34,,,1,70,,15044,34,,,1,31,,15045,34,,,1,72,,15046,34,,,1,30,,15047,34,,,1,70,,15048,34,,,1,29,,15049,34,,,1,70,,15050,34,,,1,30,,15051,34,,,1,71,,15052,34,,,1,31,,15053,34,,,1,70,,15054,34,,,1,30,,15055,34,,,1,70,,15056,34,,,1,29,,15057,34,,,1,68,,15058,34,,,1,30,,15059,34,,,1,93,,15060,34,,,1,104,,15061,34,,,1
3100,'WKDY/30',740,,15272,1,,,1,202,,15273,1,,,1,200,,15274,1,,,1,201,,15275,1,,,1,202,,15276,1,,,1,198,,15277,1,,,1
3100,'WKDY/31',740,,15278,1,,,1,202,,15279,1,,,1,200,,15280,1,,,1,201,,15281,1,,,1,202,,15282,1,,,1,198,,15283,1,,,1
3100,'WKDY',538,,15284,1,,,1,71,,15285,1,,,1,30,,15286,1,,,1,71,,15287,1,,,1,102,,15288,1,,,1,30,,15289,1,,,1,70,,15290,1,,,1,100,,15291,1,,,1,30,,15292,1,,,1,70,,15293,1,,,1,101,,15294,1,,,1,30,,15295,1,,,1,70,,15296,1,,,1,100,,15297,1,,,1,32,,15298,1,,,1,70,,15299,1,,,1,99,,15300,1,,,1,30,,15301,1,,,1,69,,15302,1,,,1,99,,15303,1,,,1,30,,15304,1,,,1,69,,15305,1,,,1,100,,15306,1,,,1,100,,15307,1,,,1
3100,'SAT',847,,15308,1,,,1,80,,15309,1,,,1,80,,15310,1,,,1,40,,15311,1,,,1,81,,15312,1,,,1,80,,15313,1,,,1,40,,15314,1,,,1,80,,15315,1,,,1,80,,15316,1,,,1,40,,15317,1,,,1,80,,15318,1,,,1,80,,15319,1,,,1,40,,15320,1,,,1,80,,15321,1,,,1,79,,15322,1,,,1,40,,15323,1,,,1,80,,15324,1,,,1,80,,15325,1,,,1
3100,'SUN',845,,15326,1,,,1,100,,15327,1,,,1,101,,15328,1,,,1,100,,15329,1,,,1,100,,15330,1,,,1,100,,15331,1,,,1,100,,15332,1,,,1,100,,15333,1,,,1,100,,15334,1,,,1,100,,15335,1,,,1,99,,15336,1,,,1,100,,15337,1,,,1
3100,'NYE',538,,15338,1,,,1,71,,15339,1,,,1,30,,15340,1,,,1,71,,15341,1,,,1,102,,15342,1,,,1,30,,15343,1,,,1,70,,15344,1,,,1,100,,15345,1,,,1,30,,15346,1,,,1,70,,15347,1,,,1,101,,15348,1,,,1,30,,15349,1,,,1,70,,15350,1,,,1,100,,15351,1,,,1,32,,15352,1,,,1,70,,15353,1,,,1,99,,15354,1,,,1,30,,15355,1,,,1,69,,15356,1,,,1,99,,15357,1,,,1,30,,15358,1,,,1,69,,15359,1,,,1,100,,15360,1,,,1,100,,15361,1,,,1
3100,'NYE/31',740,,15362,1,,,1,202,,15363,1,,,1,200,,15364,1,,,1,201,,15365,1,,,1,202,,15366,1,,,1,198,,15367,1,,,1
3200,'WKDY/30',740,,15467,30,4,,1,202,,15468,30,4,,1,200,,15469,30,4,,1,201,,15470,30,4,,1,202,,15471,30,4,,1,198,,15472,30,4,,1
3200,'WKDY/31',740,,15473,30,4,,1,202,,15474,30,4,,1,200,,15475,30,4,,1,201,,15476,30,4,,1,202,,15477,30,4,,1,198,,15478,30,4,,1
3200,'WKDY',609,,15479,30,4,,1,30,,15480,30,4,,1,71,,15481,30,4,,1,102,,15482,30,4,,1,30,,15483,30,4,,1,70,,15484,30,4,,1,100,,15485,30,4,,1,30,,15486,30,4,,1,70,,15487,30,4,,1,101,,15488,30,4,,1,30,,15489,30,4,,1,70,,15490,30,4,,1,100,,15491,30,4,,1,32,,15492,30,4,,1,70,,15493,30,4,,1,99,,15494,30,4,,1,30,,15495,30,4,,1,69,,15496,30,4,,1,99,,15497,30,4,,1,30,,15498,30,4,,1,69,,15499,30,4,,1,100,,15500,30,4,,1,100,,15501,30,4,,1
3200,'SAT',847,,15502,30,4,,1,80,,15503,30,4,,1,80,,15504,30,4,,1,40,,15505,30,4,,1,81,,15506,30,4,,1,80,,15507,30,4,,1,40,,15508,30,4,,1,80,,15509,30,4,,1,80,,15510,30,4,,1,40,,15511,30,4,,1,80,,15512,30,4,,1,80,,15513,30,4,,1,40,,15514,30,4,,1,80,,15515,30,4,,1,79,,15516,30,4,,1,40,,15517,30,4,,1,80,,15518,30,4,,1,80,,15519,30,4,,1
3200,'SUN',845,,15520,30,4,,1,100,,15521,30,4,,1,101,,15522,30,4,,1,100,,15523,30,4,,1,100,,15524,30,4,,1,100,,15525,30,4,,1,100,,15526,30,4,,1,100,,15527,30,4,,1,100,,15528,30,4,,1,100,,15529,30,4,,1,99,,15530,30,4,,1,100,,15531,30,4,,1
3200,'NYE',609,,15532,30,4,,1,30,,15533,30,4,,1,71,,15534,30,4,,1,102,,15535,30,4,,1,30,,15536,30,4,,1,70,,15537,30,4,,1,100,,15538,30,4,,1,30,,15539,30,4,,1,70,,15540,30,4,,1,101,,15541,30,4,,1,30,,15542,30,4,,1,70,,15543,30,4,,1,100,,15544,30,4,,1,32,,15545,30,4,,1,70,,15546,30,4,,1,99,,15547,30,4,,1,30,,15548,30,4,,1,69,,15549,30,4,,1,99,,15550,30,4,,1,30,,15551,30,4,,1,69,,15552,30,4,,1,100,,15553,30,4,,1,100,,15554,30,4,,1
3200,'NYE/31',740,,15555,30,4,,1,202,,15556,30,4,,1,200,,15557,30,4,,1,201,,15558,30,4,,1,202,,15559,30,4,,1,198,,15560,30,4,,1
