7101,'WKDY/30',753,,18765,20,,,1,105,,18766,20,,,1,157,,18767,20,,,1,117,,18768,20,,,1,118,,18769,20,,,1,155,,18770,20,,,1,117,,18771,20,,,1,116,,18772,20,,,1,168,,18773,20,,,1
7101,'WKDY/31',753,,18774,20,,,1,105,,18775,20,,,1,157,,18776,20,,,1,117,,18777,20,,,1,118,,18778,20,,,1,155,,18779,20,,,1,117,,18780,20,,,1,116,,18781,20,,,1,168,,18782,20,,,1
7101,'WKDY',603,,18783,20,,,1,33,,18784,20,,,1,72,,18785,20,,,1,30,,18786,20,,,1,71,,18787,20,,,1,16,,18788,20,,,1,15,,18789,20,,,1,73,,18790,20,,,1,17,,18791,20,,,1,15,,18792,20,,,1,55,,18793,20,,,1,30,,18794,20,,,1,17,,18795,20,,,1,55,,18796,20,,,1,15,,18797,20,,,1,30,,18798,20,,,1,58,,18799,20,,,1,15,,18800,20,,,1,15,,18801,20,,,1,70,,18802,20,,,1,15,,18803,20,,,1,15,,18804,20,,,1,15,,18805,20,,,1,70,,18806,20,,,1,16,,18807,20,,,1,15,,18808,20,,,1,56,,18809,20,,,1,30,,18810,20,,,1,15,,18811,20,,,1,55,,18812,20,,,1,15,,18813,20,,,1,31,,18814,20,,,1,53,,18815,20,,,1,15,,18816,20,,,1,15,,18817,20,,,1,15,,18818,20,,,1,67,,18819,20,,,1,15,,18820,20,,,1,68,,18821,20,,,1,30,,18822,20,,,1,28,,18823,20,,,1,70,,18824,20,,,1,28,,18825,20,,,1,67,,18826,20,,,1,30,,18827,20,,,1,67,,18828,20,,,1,30,,18829,20,,,1,100,,18830,20,,,1
7101,'SAT',701,,18831,20,,,1,20,,18832,20,,,1,20,,18833,20,,,1,60,,18834,20,,,1,23,,18835,20,,,1,20,,18836,20,,,1,61,,18837,20,,,1,21,,18838,20,,,1,19,,18839,20,,,1,63,,18840,20,,,1,19,,18841,20,,,1,20,,18842,20,,,1,61,,18843,20,,,1,20,,18844,20,,,1,20,,18845,20,,,1,61,,18846,20,,,1,21,,18847,20,,,1,21,,18848,20,,,1,63,,18849,20,,,1,25,,18850,20,,,1,20,,18851,20,,,1,61,,18852,20,,,1,20,,18853,20,,,1,60,,18854,20,,,1,20,,18855,20,,,1,20,,18856,20,,,1,60,,18857,20,,,1,21,,18858,20,,,1,19,,18859,20,,,1,61,,18860,20,,,1,20,,18861,20,,,1,15,,18862,20,,,1,19,,18863,20,,,1,60,,18864,20,,,1,20,,18865,20,,,1,18,,18866,20,,,1,60,,18867,20,,,1,19,,18868,20,,,1,19,,18869,20,,,1,60,,18870,20,,,1,19,,18871,20,,,1,21,,18872,20,,,1,59,,18873,20,,,1,19,,18874,20,,,1,19,,18875,20,,,1,59,,18876,20,,,1,30,,18877,20,,,1,68,,18878,20,,,1,27,,18879,20,,,1
7101,'SUN',701,,18880,20,,,1,30,,18881,20,,,1,70,,18882,20,,,1,32,,18883,20,,,1,72,,18884,20,,,1,30,,18885,20,,,1,74,,18886,20,,,1,29,,18887,20,,,1,71,,18888,20,,,1,31,,18889,20,,,1,71,,18890,20,,,1,32,,18891,20,,,1,73,,18892,20,,,1,30,,18893,20,,,1,70,,18894,20,,,1,30,,18895,20,,,1,69,,18896,20,,,1,30,,18897,20,,,1,71,,18898,20,,,1,29,,18899,20,,,1,70,,18900,20,,,1,26,,18901,20,,,1,70,,18902,20,,,1,30,,18903,20,,,1,68,,18904,20,,,1,30,,18905,20,,,1,68,,18906,20,,,1,29,,18907,20,,,1,69,,18908,20,,,1,29,,18909,20,,,1,69,,18910,20,,,1,28,,18911,20,,,1,70,,18912,20,,,1,30,,18913,20,,,1
7101,'NYE',603,,18914,20,,,1,33,,18915,20,,,1,72,,18916,20,,,1,30,,18917,20,,,1,71,,18918,20,,,1,16,,18919,20,,,1,15,,18920,20,,,1,73,,18921,20,,,1,17,,18922,20,,,1,15,,18923,20,,,1,55,,18924,20,,,1,30,,18925,20,,,1,17,,18926,20,,,1,55,,18927,20,,,1,15,,18928,20,,,1,30,,18929,20,,,1,58,,18930,20,,,1,15,,18931,20,,,1,15,,18932,20,,,1,70,,18933,20,,,1,15,,18934,20,,,1,15,,18935,20,,,1,15,,18936,20,,,1,70,,18937,20,,,1,16,,18938,20,,,1,15,,18939,20,,,1,56,,18940,20,,,1,30,,18941,20,,,1,15,,18942,20,,,1,55,,18943,20,,,1,15,,18944,20,,,1,31,,18945,20,,,1,53,,18946,20,,,1,15,,18947,20,,,1,15,,18948,20,,,1,15,,18949,20,,,1,67,,18950,20,,,1,15,,18951,20,,,1,68,,18952,20,,,1,30,,18953,20,,,1,28,,18954,20,,,1,70,,18955,20,,,1,28,,18956,20,,,1,67,,18957,20,,,1,30,,18958,20,,,1,67,,18959,20,,,1,30,,18960,20,,,1,100,,18961,20,,,1
7101,'NYE/31',753,,18962,20,,,1,105,,18963,20,,,1,157,,18964,20,,,1,117,,18965,20,,,1,118,,18966,20,,,1,155,,18967,20,,,1,117,,18968,20,,,1,116,,18969,20,,,1,168,,18970,20,,,1
7801,'WKDY/30',1106,,19442,25,,,1,305,,19443,25,,,1
7801,'WKDY/31',1106,,19444,25,,,1,305,,19445,25,,,1
7801,'WKDY',535,,19446,25,,,1,96,,19447,25,,,1,71,,19448,25,,,1,33,,19449,25,,,1,70,,19450,25,,,1,30,,19451,25,,,1,70,,19452,25,,,1,30,,19453,25,,,1,70,,19454,25,,,1,30,,19455,25,,,1,102,,19456,25,,,1,72,,19457,25,,,1,30,,19458,25,,,1,71,,19459,25,,,1,30,,19460,25,,,1,101,,19461,25,,,1,72,,19462,25,,,1,30,,19463,25,,,1,71,,19464,25,,,1,30,,19465,25,,,1,71,,19466,25,,,1,27,,19467,25,,,1,68,,19468,25,,,1,32,,19469,25,,,1,98,,19470,25,,,1,93,,19471,25,,,1,100,,19472,25,,,1
7801,'SAT',833,,19473,25,,,1,103,,19474,25,,,1,101,,19475,25,,,1,101,,19476,25,,,1,102,,19477,25,,,1,102,,19478,25,,,1,99,,19479,25,,,1,99,,19480,25,,,1,99,,19481,25,,,1,99,,19482,25,,,1,100,,19483,25,,,1,96,,19484,25,,,1
7801,'SUN',833,,19485,25,,,1,103,,19486,25,,,1,100,,19487,25,,,1,103,,19488,25,,,1,101,,19489,25,,,1,102,,19490,25,,,1,99,,19491,25,,,1,100,,19492,25,,,1,98,,19493,25,,,1,95,,19494,25,,,1,105,,19495,25,,,1,95,,19496,25,,,1
7801,'NYE',535,,19497,25,,,1,96,,19498,25,,,1,71,,19499,25,,,1,33,,19500,25,,,1,70,,19501,25,,,1,30,,19502,25,,,1,70,,19503,25,,,1,30,,19504,25,,,1,70,,19505,25,,,1,30,,19506,25,,,1,102,,19507,25,,,1,72,,19508,25,,,1,30,,19509,25,,,1,71,,19510,25,,,1,30,,19511,25,,,1,101,,19512,25,,,1,72,,19513,25,,,1,30,,19514,25,,,1,71,,19515,25,,,1,30,,19516,25,,,1,71,,19517,25,,,1,27,,19518,25,,,1,68,,19519,25,,,1,32,,19520,25,,,1,98,,19521,25,,,1,93,,19522,25,,,1,100,,19523,25,,,1
7801,'NYE/31',1106,,19524,25,,,1,305,,19525,25,,,1
