3001,'WKDY',529,,15166,23,,,1,94,,15167,41,,,1,30,,15168,41,,,1,66,,15169,41,,,1,34,,15170,41,,,1,76,,15171,41,,,1,71,,15172,41,,,1,26,,15173,41,,,1,31,,15174,41,,,1,68,,15175,41,,,1,31,,15176,41,,,1,69,,15177,41,,,1,30,,15178,41,,,1,70,,15179,41,,,1,30,,15180,41,,,1,74,,15181,41,,,1,72,,15182,41,,,1,30,,15183,41,,,1,70,,15184,41,,,1,34,,15185,41,,,1,73,,15186,41,,,1,28,,15187,41,,,1,69,,15188,41,,,1,25,,15189,41,,,1,28,,15190,41,,,1,68,,15191,41,,,1,28,,15192,41,,,1,68,,15193,41,,,1,28,,15194,41,,,1,65,,15195,41,,,1,30,,15196,41,,,1,67,,15197,41,,,1,99,,15198,41,,,1
3001,'SAT',707,,15199,41,,,1,101,,15200,41,,,1,30,,15201,41,,,1,72,,15202,41,,,1,33,,15203,41,,,1,72,,15204,41,,,1,31,,15205,41,,,1,71,,15206,41,,,1,30,,15207,41,,,1,73,,15208,41,,,1,31,,15209,41,,,1,72,,15210,41,,,1,30,,15211,41,,,1,69,,15212,41,,,1,31,,15213,41,,,1,70,,15214,41,,,1,29,,15215,41,,,1,69,,15216,41,,,1,31,,15217,41,,,1,67,,15218,41,,,1,30,,15219,41,,,1,67,,15220,41,,,1,100,,15221,41,,,1,98,,15222,41,,,1,100,,15223,41,,,1
3001,'SUN',709,,15224,41,,,1,101,,15225,41,,,1,105,,15226,41,,,1,100,,15227,41,,,1,102,,15228,41,,,1,101,,15229,41,,,1,102,,15230,41,,,1,100,,15231,41,,,1,100,,15232,41,,,1,99,,15233,41,,,1,100,,15234,41,,,1,99,,15235,41,,,1,97,,15236,41,,,1,98,,15237,41,,,1,100,,15238,41,,,1
3001,'NYE',529,,15239,23,,,1,94,,15240,41,,,1,30,,15241,41,,,1,66,,15242,41,,,1,34,,15243,41,,,1,76,,15244,41,,,1,71,,15245,41,,,1,26,,15246,41,,,1,31,,15247,41,,,1,68,,15248,41,,,1,31,,15249,41,,,1,69,,15250,41,,,1,30,,15251,41,,,1,70,,15252,41,,,1,30,,15253,41,,,1,74,,15254,41,,,1,72,,15255,41,,,1,30,,15256,41,,,1,70,,15257,41,,,1,34,,15258,41,,,1,73,,15259,41,,,1,28,,15260,41,,,1,69,,15261,41,,,1,25,,15262,41,,,1,28,,15263,41,,,1,68,,15264,41,,,1,28,,15265,41,,,1,68,,15266,41,,,1,28,,15267,41,,,1,65,,15268,41,,,1,30,,15269,41,,,1,67,,15270,41,,,1,99,,15271,41,,,1
7400,'WKDY/30',934,,19153,23,,,1,271,,19154,23,,,1,231,,19155,23,,,1,271,,19156,23,,,1,227,,19157,23,,,1,98,,19158,23,,,1,99,,19159,23,,,1
7400,'WKDY/31',934,,19160,23,,,1,271,,19161,23,,,1,231,,19162,23,,,1,271,,19163,23,,,1,227,,19164,23,,,1,98,,19165,23,,,1,99,,19166,23,,,1
7400,'WKDY',500,,19167,23,,,1,102,,19168,23,,,1,29,,19169,23,,,1,72,,19170,23,,,1,31,,19171,23,,,1,70,,19172,23,,,1,30,,19173,23,,,1,70,,19174,23,,,1,100,,19175,23,,,1,31,,19176,23,,,1,70,,19177,23,,,1,30,,19178,23,,,1,100,,19179,23,,,1,70,,19180,23,,,1,31,,19181,23,,,1,70,,19182,23,,,1,100,,19183,23,,,1,30,,19184,23,,,1,71,,19185,23,,,1,30,,19186,23,,,1,100,,19187,23,,,1,69,,19188,23,,,1,29,,19189,23,,,1,69,,19190,23,,,1,100,,19191,23,,,1,98,,19192,23,,,1
7400,'SAT',735,,19193,23,,,1,101,,19194,23,,,1,100,,19195,23,,,1,100,,19196,23,,,1,102,,19197,23,,,1,100,,19198,23,,,1,103,,19199,23,,,1,97,,19200,23,,,1,100,,19201,23,,,1,100,,19202,23,,,1,100,,19203,23,,,1,99,,19204,23,,,1,99,,19205,23,,,1,100,,19206,23,,,1
7400,'SUN',735,,19207,23,,,1,101,,19208,23,,,1,100,,19209,23,,,1,100,,19210,23,,,1,102,,19211,23,,,1,100,,19212,23,,,1,103,,19213,23,,,1,97,,19214,23,,,1,100,,19215,23,,,1,100,,19216,23,,,1,100,,19217,23,,,1,99,,19218,23,,,1,99,,19219,23,,,1,100,,19220,23,,,1
7400,'NYE',500,,19221,23,,,1,102,,19222,23,,,1,29,,19223,23,,,1,72,,19224,23,,,1,31,,19225,23,,,1,70,,19226,23,,,1,30,,19227,23,,,1,70,,19228,23,,,1,100,,19229,23,,,1,31,,19230,23,,,1,70,,19231,23,,,1,30,,19232,23,,,1,100,,19233,23,,,1,70,,19234,23,,,1,31,,19235,23,,,1,70,,19236,23,,,1,100,,19237,23,,,1,30,,19238,23,,,1,71,,19239,23,,,1,30,,19240,23,,,1,100,,19241,23,,,1,69,,19242,23,,,1,29,,19243,23,,,1,69,,19244,23,,,1,100,,19245,23,,,1,98,,19246,23,,,1
7400,'NYE/31',934,,19247,23,,,1,271,,19248,23,,,1,231,,19249,23,,,1,271,,19250,23,,,1,227,,19251,23,,,1,98,,19252,23,,,1,99,,19253,23,,,1
