3000,'WKDY',608,,15062,10,,,1,31,,15063,10,,,1,71,,15064,10,,,1,30,,15065,10,,,1,70,,15066,10,,,1,30,,15067,10,,,1,70,,15068,10,,,1,30,,15069,10,,,1,70,,15070,10,,,1,30,,15071,10,,,1,70,,15072,10,,,1,30,,15073,10,,,1,70,,15074,10,,,1,31,,15075,10,,,1,70,,15076,10,,,1,30,,15077,10,,,1,70,,15078,10,,,1,31,,15079,10,,,1,70,,15080,10,,,1,30,,15081,10,,,1,70,,15082,10,,,1,30,,15083,10,,,1,70,,15084,10,,,1,30,,15085,10,,,1,70,,15086,10,,,1,30,,15087,10,,,1,68,,15088,10,,,1,30,,15089,10,,,1,69,,15090,10,,,1,100,,15091,10,,,1
3000,'SAT',737,,15096,10,,,1,71,,15097,10,,,1,31,,15098,10,,,1,70,,15099,10,,,1,30,,15100,10,,,1,70,,15101,10,,,1,30,,15102,10,,,1,71,,15103,10,,,1,30,,15104,10,,,1,70,,15105,10,,,1,30,,15106,10,,,1,70,,15107,10,,,1,31,,15108,10,,,1,70,,15109,10,,,1,29,,15110,10,,,1,70,,15111,10,,,1,30,,15112,10,,,1,70,,15113,10,,,1,30,,15114,10,,,1,70,,15115,10,,,1,100,,15116,10,,,1,100,,15117,10,,,1,100,,15118,10,,,1
3000,'SUN',809,,15121,10,,,1,100,,15122,10,,,1,101,,15123,10,,,1,100,,15124,10,,,1,100,,15125,10,,,1,100,,15126,10,,,1,100,,15127,10,,,1,100,,15128,10,,,1,100,,15129,10,,,1,100,,15130,10,,,1,100,,15131,10,,,1,99,,15132,10,,,1,100,,15133,10,,,1
3000,'NYE',608,,15136,10,,,1,31,,15137,10,,,1,71,,15138,10,,,1,30,,15139,10,,,1,70,,15140,10,,,1,30,,15141,10,,,1,70,,15142,10,,,1,30,,15143,10,,,1,70,,15144,10,,,1,30,,15145,10,,,1,70,,15146,10,,,1,30,,15147,10,,,1,70,,15148,10,,,1,31,,15149,10,,,1,70,,15150,10,,,1,30,,15151,10,,,1,70,,15152,10,,,1,31,,15153,10,,,1,70,,15154,10,,,1,30,,15155,10,,,1,70,,15156,10,,,1,30,,15157,10,,,1,70,,15158,10,,,1,30,,15159,10,,,1,70,,15160,10,,,1,30,,15161,10,,,1,68,,15162,10,,,1,30,,15163,10,,,1,69,,15164,10,,,1,100,,15165,10,,,1
7401,'WKDY',522,,19270,6,,,1,98,,19271,6,,,1,29,,19272,6,,,1,69,,19273,6,,,1,100,,19274,6,,,1,29,,19275,6,,,1,70,,19276,6,,,1,30,,19277,6,,,1,100,,19278,6,,,1,70,,19279,6,,,1,31,,19280,6,,,1,70,,19281,6,,,1,101,,19282,6,,,1,30,,19283,6,,,1,69,,19284,6,,,1,27,,19285,6,,,1,99,,19286,6,,,1,72,,19287,6,,,1,30,,19288,6,,,1,70,,19289,6,,,1,103,,19290,6,,,1,31,,19291,6,,,1,69,,19292,6,,,1,101,,19293,6,,,1
7401,'WKDY/30',749,,19254,6,,,1,268,,19255,6,,,1,232,,19256,6,,,1,266,,19257,6,,,1,233,,19258,6,,,1,202,,19259,6,,,1,100,,19260,6,,,1,99,,19261,6,,,1
7401,'WKDY/31',749,,19262,6,,,1,268,,19263,6,,,1,232,,19264,6,,,1,266,,19265,6,,,1,233,,19266,6,,,1,202,,19267,6,,,1,100,,19268,6,,,1,99,,19269,6,,,1
7401,'SAT',749,,19294,6,,,1,101,,19295,6,,,1,100,,19296,6,,,1,101,,19297,6,,,1,103,,19298,6,,,1,101,,19299,6,,,1,103,,19300,6,,,1,97,,19301,6,,,1,99,,19302,6,,,1,101,,19303,6,,,1,99,,19304,6,,,1,99,,19305,6,,,1,99,,19306,6,,,1,99,,19307,6,,,1
7401,'SUN',749,,19308,6,,,1,101,,19309,6,,,1,100,,19310,6,,,1,101,,19311,6,,,1,103,,19312,6,,,1,101,,19313,6,,,1,103,,19314,6,,,1,97,,19315,6,,,1,99,,19316,6,,,1,101,,19317,6,,,1,99,,19318,6,,,1,99,,19319,6,,,1,99,,19320,6,,,1,99,,19321,6,,,1
7401,'NYE',522,,19322,6,,,1,98,,19323,6,,,1,29,,19324,6,,,1,69,,19325,6,,,1,100,,19326,6,,,1,29,,19327,6,,,1,70,,19328,6,,,1,30,,19329,6,,,1,100,,19330,6,,,1,70,,19331,6,,,1,31,,19332,6,,,1,70,,19333,6,,,1,101,,19334,6,,,1,30,,19335,6,,,1,69,,19336,6,,,1,27,,19337,6,,,1,99,,19338,6,,,1,72,,19339,6,,,1,30,,19340,6,,,1,70,,19341,6,,,1,103,,19342,6,,,1,31,,19343,6,,,1,69,,19344,6,,,1,101,,19345,6,,,1
7401,'NYE/31',749,,19346,6,,,1,268,,19347,6,,,1,232,,19348,6,,,1,266,,19349,6,,,1,233,,19350,6,,,1,202,,19351,6,,,1,100,,19352,6,,,1,99,,19353,6,,,1
