7200,'WKDY/30',847,,18971,6,,,1,271,,18972,6,,,1,231,,18973,6,,,1,272,,18974,6,,,1,225,,18975,6,,,1
7200,'WKDY/31',847,,18976,6,,,1,271,,18977,6,,,1,231,,18978,6,,,1,272,,18979,6,,,1,225,,18980,6,,,1
7200,'WKDY',524,,18981,6,,,1,91,,18982,6,,,1,30,,18983,6,,,1,70,,18984,6,,,1,34,,18985,6,,,1,69,,18986,6,,,1,99,,18987,6,,,1,30,,18988,6,,,1,70,,18989,6,,,1,31,,18990,6,,,1,100,,18991,6,,,1,70,,18992,6,,,1,30,,18993,6,,,1,70,,18994,6,,,1,101,,18995,6,,,1,30,,18996,6,,,1,70,,18997,6,,,1,32,,18998,6,,,1,99,,18999,6,,,1,70,,19000,6,,,1,30,,19001,6,,,1,67,,19002,6,,,1,99,,19003,6,,,1,99,,19004,6,,,1,110,,19005,6,,,1
7200,'SAT',747,,19006,6,,,1,100,,19007,6,,,1,101,,19008,6,,,1,100,,19009,6,,,1,101,,19010,6,,,1,101,,19011,6,,,1,101,,19012,6,,,1,100,,19013,6,,,1,100,,19014,6,,,1,100,,19015,6,,,1,98,,19016,6,,,1,100,,19017,6,,,1,99,,19018,6,,,1
7200,'SUN',747,,19019,6,,,1,100,,19020,6,,,1,101,,19021,6,,,1,100,,19022,6,,,1,101,,19023,6,,,1,101,,19024,6,,,1,101,,19025,6,,,1,100,,19026,6,,,1,100,,19027,6,,,1,100,,19028,6,,,1,98,,19029,6,,,1,100,,19030,6,,,1,99,,19031,6,,,1
7200,'NYE',524,,19032,6,,,1,91,,19033,6,,,1,30,,19034,6,,,1,70,,19035,6,,,1,34,,19036,6,,,1,69,,19037,6,,,1,99,,19038,6,,,1,30,,19039,6,,,1,70,,19040,6,,,1,31,,19041,6,,,1,100,,19042,6,,,1,70,,19043,6,,,1,30,,19044,6,,,1,70,,19045,6,,,1,101,,19046,6,,,1,30,,19047,6,,,1,70,,19048,6,,,1,32,,19049,6,,,1,99,,19050,6,,,1,70,,19051,6,,,1,30,,19052,6,,,1,67,,19053,6,,,1,99,,19054,6,,,1,99,,19055,6,,,1,110,,19056,6,,,1
7200,'NYE/31',847,,19057,6,,,1,271,,19058,6,,,1,231,,19059,6,,,1,272,,19060,6,,,1,225,,19061,6,,,1
7401,'WKDY/30',756,,19254,12,,,1,268,,19255,12,,,1,232,,19256,12,,,1,267,,19257,12,,,1,233,,19258,12,,,1,201,,19259,12,,,1,99,,19260,12,,,1,99,,19261,12,,,1
7401,'WKDY/31',756,,19262,12,,,1,268,,19263,12,,,1,232,,19264,12,,,1,267,,19265,12,,,1,233,,19266,12,,,1,201,,19267,12,,,1,99,,19268,12,,,1,99,,19269,12,,,1
7401,'WKDY',528,,19270,12,,,1,98,,19271,12,,,1,29,,19272,12,,,1,70,,19273,12,,,1,100,,19274,12,,,1,29,,19275,12,,,1,70,,19276,12,,,1,30,,19277,12,,,1,100,,19278,12,,,1,70,,19279,12,,,1,31,,19280,12,,,1,70,,19281,12,,,1,101,,19282,12,,,1,30,,19283,12,,,1,69,,19284,12,,,1,28,,19285,12,,,1,99,,19286,12,,,1,72,,19287,12,,,1,30,,19288,12,,,1,70,,19289,12,,,1,103,,19290,12,,,1,31,,19291,12,,,1,68,,19292,12,,,1,101,,19293,12,,,1
7401,'SAT',755,,19294,12,,,1,101,,19295,12,,,1,100,,19296,12,,,1,101,,19297,12,,,1,143,,19298,12,,,1,101,,19299,12,,,1,103,,19300,12,,,1,97,,19301,12,,,1,99,,19302,12,,,1,101,,19303,12,,,1,99,,19304,12,,,1,59,,19305,12,,,1,99,,19306,12,,,1,99,,19307,12,,,1
7401,'SUN',755,,19308,12,,,1,101,,19309,12,,,1,100,,19310,12,,,1,101,,19311,12,,,1,143,,19312,12,,,1,101,,19313,12,,,1,103,,19314,12,,,1,97,,19315,12,,,1,99,,19316,12,,,1,101,,19317,12,,,1,99,,19318,12,,,1,59,,19319,12,,,1,99,,19320,12,,,1,99,,19321,12,,,1
7401,'NYE',528,,19322,12,,,1,98,,19323,12,,,1,29,,19324,12,,,1,70,,19325,12,,,1,100,,19326,12,,,1,29,,19327,12,,,1,70,,19328,12,,,1,30,,19329,12,,,1,100,,19330,12,,,1,70,,19331,12,,,1,31,,19332,12,,,1,70,,19333,12,,,1,101,,19334,12,,,1,30,,19335,12,,,1,69,,19336,12,,,1,28,,19337,12,,,1,99,,19338,12,,,1,72,,19339,12,,,1,30,,19340,12,,,1,70,,19341,12,,,1,103,,19342,12,,,1,31,,19343,12,,,1,68,,19344,12,,,1,101,,19345,12,,,1
7401,'NYE/31',756,,19346,12,,,1,268,,19347,12,,,1,232,,19348,12,,,1,267,,19349,12,,,1,233,,19350,12,,,1,201,,19351,12,,,1,99,,19352,12,,,1,99,,19353,12,,,1
