7200,'WKDY',525,,18981,7,,,1,91,,18982,7,,,1,30,,18983,7,,,1,70,,18984,7,,,1,34,,18985,7,,,1,69,,18986,7,,,1,99,,18987,7,,,1,30,,18988,7,,,1,70,,18989,7,,,1,31,,18990,7,,,1,100,,18991,7,,,1,70,,18992,7,,,1,30,,18993,7,,,1,70,,18994,7,,,1,101,,18995,7,,,1,31,,18996,7,,,1,70,,18997,7,,,1,32,,18998,7,,,1,98,,18999,7,,,1,70,,19000,7,,,1,30,,19001,7,,,1,67,,19002,7,,,1,99,,19003,7,,,1,99,,19004,7,,,1,110,,19005,7,,,1
7200,'WKDY/30',848,,18971,7,,,1,271,,18972,7,,,1,231,,18973,7,,,1,273,,18974,7,,,1,224,,18975,7,,,1
7200,'WKDY/31',848,,18976,7,,,1,271,,18977,7,,,1,231,,18978,7,,,1,273,,18979,7,,,1,224,,18980,7,,,1
7200,'SAT',748,,19006,7,,,1,100,,19007,7,,,1,101,,19008,7,,,1,100,,19009,7,,,1,101,,19010,7,,,1,101,,19011,7,,,1,101,,19012,7,,,1,100,,19013,7,,,1,100,,19014,7,,,1,100,,19015,7,,,1,98,,19016,7,,,1,100,,19017,7,,,1,99,,19018,7,,,1
7200,'SUN',748,,19019,7,,,1,100,,19020,7,,,1,101,,19021,7,,,1,100,,19022,7,,,1,101,,19023,7,,,1,101,,19024,7,,,1,101,,19025,7,,,1,100,,19026,7,,,1,100,,19027,7,,,1,100,,19028,7,,,1,98,,19029,7,,,1,100,,19030,7,,,1,99,,19031,7,,,1
7200,'NYE',525,,19032,7,,,1,91,,19033,7,,,1,30,,19034,7,,,1,70,,19035,7,,,1,34,,19036,7,,,1,69,,19037,7,,,1,99,,19038,7,,,1,30,,19039,7,,,1,70,,19040,7,,,1,31,,19041,7,,,1,100,,19042,7,,,1,70,,19043,7,,,1,30,,19044,7,,,1,70,,19045,7,,,1,101,,19046,7,,,1,31,,19047,7,,,1,70,,19048,7,,,1,32,,19049,7,,,1,98,,19050,7,,,1,70,,19051,7,,,1,30,,19052,7,,,1,67,,19053,7,,,1,99,,19054,7,,,1,99,,19055,7,,,1,110,,19056,7,,,1
7200,'NYE/31',848,,19057,7,,,1,271,,19058,7,,,1,231,,19059,7,,,1,273,,19060,7,,,1,224,,19061,7,,,1
7401,'WKDY',529,,19270,14,,,1,98,,19271,14,,,1,29,,19272,14,,,1,71,,19273,14,,,1,100,,19274,14,,,1,29,,19275,14,,,1,70,,19276,14,,,1,30,,19277,14,,,1,100,,19278,14,,,1,70,,19279,14,,,1,31,,19280,14,,,1,70,,19281,14,,,1,101,,19282,14,,,1,30,,19283,14,,,1,69,,19284,14,,,1,28,,19285,14,,,1,99,,19286,14,,,1,72,,19287,14,,,1,30,,19288,14,,,1,70,,19289,14,,,1,103,,19290,14,,,1,30,,19291,14,,,1,68,,19292,14,,,1,101,,19293,14,,,1
7401,'WKDY/30',758,,19254,14,,,1,268,,19255,14,,,1,232,,19256,14,,,1,267,,19257,14,,,1,233,,19258,14,,,1,200,,19259,14,,,1,99,,19260,14,,,1,99,,19261,14,,,1
7401,'WKDY/31',758,,19262,14,,,1,268,,19263,14,,,1,232,,19264,14,,,1,267,,19265,14,,,1,233,,19266,14,,,1,200,,19267,14,,,1,99,,19268,14,,,1,99,,19269,14,,,1
7401,'SAT',757,,19294,14,,,1,101,,19295,14,,,1,100,,19296,14,,,1,101,,19297,14,,,1,143,,19298,14,,,1,101,,19299,14,,,1,103,,19300,14,,,1,97,,19301,14,,,1,99,,19302,14,,,1,101,,19303,14,,,1,99,,19304,14,,,1,99,,19305,14,,,1,99,,19306,14,,,1,58,,19307,14,,,1
7401,'SUN',757,,19308,14,,,1,101,,19309,14,,,1,100,,19310,14,,,1,101,,19311,14,,,1,143,,19312,14,,,1,101,,19313,14,,,1,103,,19314,14,,,1,97,,19315,14,,,1,99,,19316,14,,,1,101,,19317,14,,,1,99,,19318,14,,,1,99,,19319,14,,,1,99,,19320,14,,,1,58,,19321,14,,,1
7401,'NYE',529,,19322,14,,,1,98,,19323,14,,,1,29,,19324,14,,,1,71,,19325,14,,,1,100,,19326,14,,,1,29,,19327,14,,,1,70,,19328,14,,,1,30,,19329,14,,,1,100,,19330,14,,,1,70,,19331,14,,,1,31,,19332,14,,,1,70,,19333,14,,,1,101,,19334,14,,,1,30,,19335,14,,,1,69,,19336,14,,,1,28,,19337,14,,,1,99,,19338,14,,,1,72,,19339,14,,,1,30,,19340,14,,,1,70,,19341,14,,,1,103,,19342,14,,,1,30,,19343,14,,,1,68,,19344,14,,,1,101,,19345,14,,,1
7401,'NYE/31',758,,19346,14,,,1,268,,19347,14,,,1,232,,19348,14,,,1,267,,19349,14,,,1,233,,19350,14,,,1,200,,19351,14,,,1,99,,19352,14,,,1,99,,19353,14,,,1
