7100,'WKDY/30',735,,18559,23,4,,1,103,,18560,23,4,,1,116,,18561,23,4,,1,157,,18562,23,4,,1,117,,18563,23,4,,1,115,,18564,23,4,,1,115,,18565,23,4,,1,156,,18566,23,4,,1,129,,18567,23,4,,1
7100,'WKDY/31',735,,18568,23,4,,1,103,,18569,23,4,,1,116,,18570,23,4,,1,157,,18571,23,4,,1,117,,18572,23,4,,1,115,,18573,23,4,,1,115,,18574,23,4,,1,156,,18575,23,4,,1,129,,18576,23,4,,1
7100,'WKDY',547,,18577,23,4,,1,72,,18578,23,4,,1,31,,18579,23,4,,1,70,,18580,23,4,,1,30,,18581,23,4,,1,56,,18582,23,4,,1,15,,18583,23,4,,1,32,,18584,23,4,,1,56,,18585,23,4,,1,15,,18586,23,4,,1,15,,18587,23,4,,1,70,,18588,23,4,,1,17,,18589,23,4,,1,15,,18590,23,4,,1,15,,18591,23,4,,1,70,,18592,23,4,,1,17,,18593,23,4,,1,15,,18594,23,4,,1,55,,18595,23,4,,1,30,,18596,23,4,,1,15,,18597,23,4,,1,55,,18598,23,4,,1,15,,18599,23,4,,1,30,,18600,23,4,,1,55,,18601,23,4,,1,15,,18602,23,4,,1,15,,18603,23,4,,1,70,,18604,23,4,,1,15,,18605,23,4,,1,15,,18606,23,4,,1,15,,18607,23,4,,1,71,,18608,23,4,,1,14,,18609,23,4,,1,15,,18610,23,4,,1,55,,18611,23,4,,1,15,,18612,23,4,,1,29,,18613,23,4,,1,55,,18614,23,4,,1,28,,18615,23,4,,1,70,,18616,23,4,,1,29,,18617,23,4,,1,70,,18618,23,4,,1,28,,18619,23,4,,1,69,,18620,23,4,,1,30,,18621,23,4,,1,68,,18622,23,4,,1,30,,18623,23,4,,1,100,,18624,23,4,,1
7100,'SAT',645,,18625,23,4,,1,60,,18626,23,4,,1,20,,18627,23,4,,1,20,,18628,23,4,,1,61,,18629,23,4,,1,21,,18630,23,4,,1,20,,18631,23,4,,1,61,,18632,23,4,,1,18,,18633,23,4,,1,22,,18634,23,4,,1,59,,18635,23,4,,1,20,,18636,23,4,,1,20,,18637,23,4,,1,60,,18638,23,4,,1,20,,18639,23,4,,1,20,,18640,23,4,,1,61,,18641,23,4,,1,21,,18642,23,4,,1,23,,18643,23,4,,1,63,,18644,23,4,,1,20,,18645,23,4,,1,21,,18646,23,4,,1,60,,18647,23,4,,1,20,,18648,23,4,,1,21,,18649,23,4,,1,60,,18650,23,4,,1,20,,18651,23,4,,1,20,,18652,23,4,,1,60,,18653,23,4,,1,21,,18654,23,4,,1,20,,18655,23,4,,1,57,,18656,23,4,,1,19,,18657,23,4,,1,20,,18658,23,4,,1,60,,18659,23,4,,1,18,,18660,23,4,,1,20,,18661,23,4,,1,59,,18662,23,4,,1,20,,18663,23,4,,1,20,,18664,23,4,,1,60,,18665,23,4,,1,21,,18666,23,4,,1,19,,18667,23,4,,1,59,,18668,23,4,,1,20,,18669,23,4,,1,20,,18670,23,4,,1,70,,18671,23,4,,1,28,,18672,23,4,,1,68,,18673,23,4,,1
7100,'SUN',645,,18674,23,4,,1,70,,18675,23,4,,1,30,,18676,23,4,,1,70,,18677,23,4,,1,32,,18678,23,4,,1,70,,18679,23,4,,1,32,,18680,23,4,,1,70,,18681,23,4,,1,30,,18682,23,4,,1,71,,18683,23,4,,1,30,,18684,23,4,,1,72,,18685,23,4,,1,32,,18686,23,4,,1,70,,18687,23,4,,1,30,,18688,23,4,,1,70,,18689,23,4,,1,30,,18690,23,4,,1,70,,18691,23,4,,1,30,,18692,23,4,,1,70,,18693,23,4,,1,30,,18694,23,4,,1,66,,18695,23,4,,1,30,,18696,23,4,,1,70,,18697,23,4,,1,30,,18698,23,4,,1,70,,18699,23,4,,1,28,,18700,23,4,,1,70,,18701,23,4,,1,29,,18702,23,4,,1,70,,18703,23,4,,1,29,,18704,23,4,,1,69,,18705,23,4,,1,30,,18706,23,4,,1,70,,18707,23,4,,1
7100,'NYE',547,,18708,23,4,,1,72,,18709,23,4,,1,31,,18710,23,4,,1,70,,18711,23,4,,1,30,,18712,23,4,,1,56,,18713,23,4,,1,15,,18714,23,4,,1,32,,18715,23,4,,1,56,,18716,23,4,,1,15,,18717,23,4,,1,15,,18718,23,4,,1,70,,18719,23,4,,1,17,,18720,23,4,,1,15,,18721,23,4,,1,15,,18722,23,4,,1,70,,18723,23,4,,1,17,,18724,23,4,,1,15,,18725,23,4,,1,55,,18726,23,4,,1,30,,18727,23,4,,1,15,,18728,23,4,,1,55,,18729,23,4,,1,15,,18730,23,4,,1,30,,18731,23,4,,1,55,,18732,23,4,,1,15,,18733,23,4,,1,15,,18734,23,4,,1,70,,18735,23,4,,1,15,,18736,23,4,,1,15,,18737,23,4,,1,15,,18738,23,4,,1,71,,18739,23,4,,1,14,,18740,23,4,,1,15,,18741,23,4,,1,55,,18742,23,4,,1,15,,18743,23,4,,1,29,,18744,23,4,,1,55,,18745,23,4,,1,28,,18746,23,4,,1,70,,18747,23,4,,1,29,,18748,23,4,,1,70,,18749,23,4,,1,28,,18750,23,4,,1,69,,18751,23,4,,1,30,,18752,23,4,,1,68,,18753,23,4,,1,30,,18754,23,4,,1,100,,18755,23,4,,1
7100,'NYE/31',735,,18756,23,4,,1,103,,18757,23,4,,1,116,,18758,23,4,,1,157,,18759,23,4,,1,117,,18760,23,4,,1,115,,18761,23,4,,1,115,,18762,23,4,,1,156,,18763,23,4,,1,129,,18764,23,4,,1
7101,'WKDY/30',735,,18765,1,,,1,103,,18766,1,,,1,116,,18767,1,,,1,157,,18768,1,,,1,117,,18769,1,,,1,115,,18770,1,,,1,115,,18771,1,,,1,156,,18772,1,,,1,129,,18773,1,,,1
7101,'WKDY/31',735,,18774,1,,,1,103,,18775,1,,,1,116,,18776,1,,,1,157,,18777,1,,,1,117,,18778,1,,,1,115,,18779,1,,,1,115,,18780,1,,,1,156,,18781,1,,,1,129,,18782,1,,,1
7101,'WKDY',547,,18783,1,,,1,72,,18784,1,,,1,31,,18785,1,,,1,70,,18786,1,,,1,30,,18787,1,,,1,56,,18788,1,,,1,15,,18789,1,,,1,32,,18790,1,,,1,56,,18791,1,,,1,15,,18792,1,,,1,15,,18793,1,,,1,70,,18794,1,,,1,17,,18795,1,,,1,15,,18796,1,,,1,15,,18797,1,,,1,70,,18798,1,,,1,17,,18799,1,,,1,15,,18800,1,,,1,55,,18801,1,,,1,30,,18802,1,,,1,15,,18803,1,,,1,55,,18804,1,,,1,15,,18805,1,,,1,30,,18806,1,,,1,55,,18807,1,,,1,15,,18808,1,,,1,15,,18809,1,,,1,70,,18810,1,,,1,15,,18811,1,,,1,15,,18812,1,,,1,15,,18813,1,,,1,71,,18814,1,,,1,14,,18815,1,,,1,15,,18816,1,,,1,55,,18817,1,,,1,15,,18818,1,,,1,29,,18819,1,,,1,55,,18820,1,,,1,28,,18821,1,,,1,70,,18822,1,,,1,29,,18823,1,,,1,70,,18824,1,,,1,28,,18825,1,,,1,69,,18826,1,,,1,30,,18827,1,,,1,68,,18828,1,,,1,30,,18829,1,,,1,100,,18830,1,,,1
7101,'SAT',645,,18831,1,,,1,60,,18832,1,,,1,20,,18833,1,,,1,20,,18834,1,,,1,61,,18835,1,,,1,21,,18836,1,,,1,20,,18837,1,,,1,61,,18838,1,,,1,18,,18839,1,,,1,22,,18840,1,,,1,59,,18841,1,,,1,20,,18842,1,,,1,20,,18843,1,,,1,60,,18844,1,,,1,20,,18845,1,,,1,20,,18846,1,,,1,61,,18847,1,,,1,21,,18848,1,,,1,23,,18849,1,,,1,63,,18850,1,,,1,20,,18851,1,,,1,21,,18852,1,,,1,60,,18853,1,,,1,20,,18854,1,,,1,21,,18855,1,,,1,60,,18856,1,,,1,20,,18857,1,,,1,20,,18858,1,,,1,60,,18859,1,,,1,21,,18860,1,,,1,20,,18861,1,,,1,57,,18862,1,,,1,19,,18863,1,,,1,20,,18864,1,,,1,60,,18865,1,,,1,18,,18866,1,,,1,20,,18867,1,,,1,59,,18868,1,,,1,20,,18869,1,,,1,20,,18870,1,,,1,60,,18871,1,,,1,21,,18872,1,,,1,19,,18873,1,,,1,59,,18874,1,,,1,20,,18875,1,,,1,20,,18876,1,,,1,70,,18877,1,,,1,28,,18878,1,,,1,68,,18879,1,,,1
7101,'SUN',645,,18880,1,,,1,70,,18881,1,,,1,30,,18882,1,,,1,70,,18883,1,,,1,32,,18884,1,,,1,70,,18885,1,,,1,32,,18886,1,,,1,70,,18887,1,,,1,30,,18888,1,,,1,71,,18889,1,,,1,30,,18890,1,,,1,72,,18891,1,,,1,32,,18892,1,,,1,70,,18893,1,,,1,30,,18894,1,,,1,70,,18895,1,,,1,30,,18896,1,,,1,70,,18897,1,,,1,30,,18898,1,,,1,70,,18899,1,,,1,30,,18900,1,,,1,66,,18901,1,,,1,30,,18902,1,,,1,70,,18903,1,,,1,30,,18904,1,,,1,70,,18905,1,,,1,28,,18906,1,,,1,70,,18907,1,,,1,29,,18908,1,,,1,70,,18909,1,,,1,29,,18910,1,,,1,69,,18911,1,,,1,30,,18912,1,,,1,70,,18913,1,,,1
7101,'NYE',547,,18914,1,,,1,72,,18915,1,,,1,31,,18916,1,,,1,70,,18917,1,,,1,30,,18918,1,,,1,56,,18919,1,,,1,15,,18920,1,,,1,32,,18921,1,,,1,56,,18922,1,,,1,15,,18923,1,,,1,15,,18924,1,,,1,70,,18925,1,,,1,17,,18926,1,,,1,15,,18927,1,,,1,15,,18928,1,,,1,70,,18929,1,,,1,17,,18930,1,,,1,15,,18931,1,,,1,55,,18932,1,,,1,30,,18933,1,,,1,15,,18934,1,,,1,55,,18935,1,,,1,15,,18936,1,,,1,30,,18937,1,,,1,55,,18938,1,,,1,15,,18939,1,,,1,15,,18940,1,,,1,70,,18941,1,,,1,15,,18942,1,,,1,15,,18943,1,,,1,15,,18944,1,,,1,71,,18945,1,,,1,14,,18946,1,,,1,15,,18947,1,,,1,55,,18948,1,,,1,15,,18949,1,,,1,29,,18950,1,,,1,55,,18951,1,,,1,28,,18952,1,,,1,70,,18953,1,,,1,29,,18954,1,,,1,70,,18955,1,,,1,28,,18956,1,,,1,69,,18957,1,,,1,30,,18958,1,,,1,68,,18959,1,,,1,30,,18960,1,,,1,100,,18961,1,,,1
7101,'NYE/31',735,,18962,1,,,1,103,,18963,1,,,1,116,,18964,1,,,1,157,,18965,1,,,1,117,,18966,1,,,1,115,,18967,1,,,1,115,,18968,1,,,1,156,,18969,1,,,1,129,,18970,1,,,1
