6501,'WKDY',1350,,18367,2,4,,1
6501,'NYE',1350,,18493,2,4,,1
8000,'WKDY',558,,19657,1,,,1,70,,19658,1,,,1,30,,19659,1,,,1,70,,19660,1,,,1,30,,19661,1,,,1,70,,19662,1,,,1,30,,19663,1,,,1,70,,19664,1,,,1,30,,19665,1,,,1,70,,19666,1,,,1,30,,19667,1,,,1,70,,19668,1,,,1,30,,19669,1,,,1,70,,19670,1,,,1,30,,19671,1,,,1,70,,19672,1,,,1,30,,19673,1,,,1,70,,19674,1,,,1,30,,19675,1,,,1,70,,19676,1,,,1,30,,19677,1,,,1,70,,19678,1,,,1,30,,19679,1,,,1,70,,19680,1,,,1,30,,19681,1,,,1,70,,19682,1,,,1,30,,19683,1,,,1,70,,19684,1,,,1,30,,19685,1,,,1,70,,19686,1,,,1,30,,19687,1,,,1
8000,'SAT',658,,19688,1,,,1,100,,19689,1,,,1,70,,19690,1,,,1,30,,19691,1,,,1,70,,19692,1,,,1,30,,19693,1,,,1,70,,19694,1,,,1,30,,19695,1,,,1,70,,19696,1,,,1,30,,19697,1,,,1,70,,19698,1,,,1,30,,19699,1,,,1,70,,19700,1,,,1,30,,19701,1,,,1,70,,19702,1,,,1,30,,19703,1,,,1,70,,19704,1,,,1,30,,19705,1,,,1,70,,19706,1,,,1,30,,19707,1,,,1,70,,19708,1,,,1,30,,19709,1,,,1,70,,19710,1,,,1,30,,19711,1,,,1,70,,19712,1,,,1,30,,19713,1,,,1,70,,19714,1,,,1,100,,19715,1,,,1
8000,'SUN',658,,19716,1,,,1,100,,19717,1,,,1,70,,19718,1,,,1,30,,19719,1,,,1,70,,19720,1,,,1,30,,19721,1,,,1,70,,19722,1,,,1,30,,19723,1,,,1,70,,19724,1,,,1,30,,19725,1,,,1,70,,19726,1,,,1,30,,19727,1,,,1,70,,19728,1,,,1,30,,19729,1,,,1,70,,19730,1,,,1,30,,19731,1,,,1,70,,19732,1,,,1,30,,19733,1,,,1,70,,19734,1,,,1,30,,19735,1,,,1,70,,19736,1,,,1,30,,19737,1,,,1,70,,19738,1,,,1,30,,19739,1,,,1,70,,19740,1,,,1,30,,19741,1,,,1,70,,19742,1,,,1,100,,19743,1,,,1
8000,'NYE',558,,19744,1,,,1,70,,19745,1,,,1,30,,19746,1,,,1,70,,19747,1,,,1,30,,19748,1,,,1,70,,19749,1,,,1,30,,19750,1,,,1,70,,19751,1,,,1,30,,19752,1,,,1,70,,19753,1,,,1,30,,19754,1,,,1,70,,19755,1,,,1,30,,19756,1,,,1,70,,19757,1,,,1,30,,19758,1,,,1,70,,19759,1,,,1,30,,19760,1,,,1,70,,19761,1,,,1,30,,19762,1,,,1,70,,19763,1,,,1,30,,19764,1,,,1,70,,19765,1,,,1,30,,19766,1,,,1,70,,19767,1,,,1,30,,19768,1,,,1,70,,19769,1,,,1,30,,19770,1,,,1,70,,19771,1,,,1,30,,19772,1,,,1,70,,19773,1,,,1,30,,19774,1,,,1,70,,19785,1,,,1,30,,19775,1,,,1,70,,19776,1,,,1,30,,19777,1,,,1,70,,19778,1,,,1,30,,19779,1,,,1,70,,19780,1,,,1,30,,19781,1,,,1,70,,19782,1,,,1,30,,19783,1,,,1,70,,19784,1,,,1
8001,'WKDY',550,,19526,33,4,,1,70,,19527,33,4,,1,33,,19528,33,4,,1,70,,19529,33,4,,1,32,,19530,33,4,,1,70,,19531,33,4,,1,31,,19532,33,4,,1,70,,19533,33,4,,1,31,,19534,33,4,,1,70,,19535,33,4,,1,31,,19536,33,4,,1,70,,19537,33,4,,1,30,,19538,33,4,,1,70,,19539,33,4,,1,30,,19540,33,4,,1,70,,19541,33,4,,1,31,,19542,33,4,,1,70,,19543,33,4,,1,71,,19544,33,4,,1,31,,19545,33,4,,1,70,,19546,33,4,,1,30,,19547,33,4,,1,70,,19548,33,4,,1,27,,19549,33,4,,1,27,,19550,33,4,,1,69,,19551,33,4,,1,28,,19552,33,4,,1,72,,19553,33,4,,1,30,,19554,33,4,,1,69,,19555,33,4,,1,27,,19556,33,4,,1,70,,19557,33,4,,1
8001,'SAT',650,,19558,33,4,,1,100,,19559,33,4,,1,70,,19560,33,4,,1,31,,19561,33,4,,1,72,,19562,33,4,,1,30,,19563,33,4,,1,70,,19564,33,4,,1,30,,19565,33,4,,1,70,,19566,33,4,,1,32,,19567,33,4,,1,70,,19568,33,4,,1,30,,19569,33,4,,1,70,,19570,33,4,,1,30,,19571,33,4,,1,70,,19572,33,4,,1,30,,19573,33,4,,1,71,,19574,33,4,,1,30,,19575,33,4,,1,70,,19576,33,4,,1,30,,19577,33,4,,1,70,,19578,33,4,,1,29,,19579,33,4,,1,69,,19580,33,4,,1,28,,19581,33,4,,1,70,,19582,33,4,,1,30,,19583,33,4,,1,69,,19584,33,4,,1,99,,19585,33,4,,1
8001,'SUN',650,,19586,33,4,,1,100,,19587,33,4,,1,70,,19588,33,4,,1,31,,19589,33,4,,1,72,,19590,33,4,,1,30,,19591,33,4,,1,70,,19592,33,4,,1,30,,19593,33,4,,1,70,,19594,33,4,,1,32,,19595,33,4,,1,70,,19596,33,4,,1,30,,19597,33,4,,1,70,,19598,33,4,,1,30,,19599,33,4,,1,70,,19600,33,4,,1,30,,19601,33,4,,1,71,,19602,33,4,,1,30,,19603,33,4,,1,70,,19604,33,4,,1,30,,19605,33,4,,1,70,,19606,33,4,,1,29,,19607,33,4,,1,69,,19608,33,4,,1,28,,19609,33,4,,1,70,,19610,33,4,,1,30,,19611,33,4,,1,69,,19612,33,4,,1,99,,19613,33,4,,1
8001,'NYE',550,,19614,33,4,,1,70,,19615,33,4,,1,33,,19616,33,4,,1,70,,19617,33,4,,1,32,,19618,33,4,,1,70,,19619,33,4,,1,31,,19620,33,4,,1,70,,19621,33,4,,1,31,,19622,33,4,,1,70,,19623,33,4,,1,31,,19624,33,4,,1,70,,19625,33,4,,1,30,,19626,33,4,,1,70,,19627,33,4,,1,30,,19628,33,4,,1,70,,19629,33,4,,1,31,,19630,33,4,,1,70,,19631,33,4,,1,71,,19632,33,4,,1,31,,19633,33,4,,1,70,,19634,33,4,,1,30,,19635,33,4,,1,70,,19636,33,4,,1,27,,19637,33,4,,1,27,,19638,33,4,,1,69,,19639,33,4,,1,28,,19640,33,4,,1,72,,19641,33,4,,1,30,,19642,33,4,,1,69,,19643,33,4,,1,27,,19644,33,4,,1,70,,19645,33,4,,1,30,,19646,33,4,,1,70,,19647,33,4,,1,30,,19648,33,4,,1,70,,19649,33,4,,1,30,,19650,33,4,,1,70,,19651,33,4,,1,30,,19652,33,4,,1,70,,19653,33,4,,1,30,,19654,33,4,,1,70,,19655,33,4,,1,30,,19656,33,4,,1
