3101,'WKDY/30',638,,15368,20,,,1,197,,15369,20,,,1,199,,15370,20,,,1,197,,15371,20,,,1,200,,15372,20,,,1,199,,15373,20,,,1,205,,15374,20,,,1
3101,'WKDY/31',638,,15375,20,,,1,197,,15376,20,,,1,199,,15377,20,,,1,197,,15378,20,,,1,200,,15379,20,,,1,199,,15380,20,,,1,205,,15381,20,,,1
3101,'WKDY',539,,15382,20,,,1,69,,15383,20,,,1,98,,15384,20,,,1,30,,15385,20,,,1,70,,15386,20,,,1,98,,15387,20,,,1,30,,15388,20,,,1,70,,15389,20,,,1,100,,15390,20,,,1,28,,15391,20,,,1,70,,15392,20,,,1,98,,15393,20,,,1,30,,15394,20,,,1,71,,15395,20,,,1,100,,15396,20,,,1,29,,15397,20,,,1,70,,15398,20,,,1,100,,15399,20,,,1,34,,15400,20,,,1,70,,15401,20,,,1,102,,15402,20,,,1,101,,15403,20,,,1,100,,15404,20,,,1
3101,'SAT',746,,15405,20,,,1,79,,15406,20,,,1,79,,15407,20,,,1,39,,15408,20,,,1,79,,15409,20,,,1,80,,15410,20,,,1,39,,15411,20,,,1,79,,15412,20,,,1,80,,15413,20,,,1,40,,15414,20,,,1,80,,15415,20,,,1,80,,15416,20,,,1,40,,15417,20,,,1,82,,15418,20,,,1,80,,15419,20,,,1,41,,15420,20,,,1,82,,15421,20,,,1,80,,15422,20,,,1,40,,15423,20,,,1
3101,'SUN',746,,15424,20,,,1,100,,15425,20,,,1,98,,15426,20,,,1,100,,15427,20,,,1,96,,15428,20,,,1,101,,15429,20,,,1,100,,15430,20,,,1,100,,15431,20,,,1,100,,15432,20,,,1,100,,15433,20,,,1,101,,15434,20,,,1,102,,15435,20,,,1,101,,15436,20,,,1
3101,'NYE',539,,15437,20,,,1,69,,15438,20,,,1,98,,15439,20,,,1,30,,15440,20,,,1,70,,15441,20,,,1,98,,15442,20,,,1,30,,15443,20,,,1,70,,15444,20,,,1,100,,15445,20,,,1,28,,15446,20,,,1,70,,15447,20,,,1,98,,15448,20,,,1,30,,15449,20,,,1,71,,15450,20,,,1,100,,15451,20,,,1,29,,15452,20,,,1,70,,15453,20,,,1,100,,15454,20,,,1,34,,15455,20,,,1,70,,15456,20,,,1,102,,15457,20,,,1,101,,15458,20,,,1,100,,15459,20,,,1
3101,'NYE/31',638,,15460,20,,,1,197,,15461,20,,,1,199,,15462,20,,,1,197,,15463,20,,,1,200,,15464,20,,,1,199,,15465,20,,,1,205,,15466,20,,,1
7100,'WKDY/30',727,,18559,18,,,1,103,,18560,18,,,1,116,,18561,18,,,1,156,,18562,18,,,1,117,,18563,18,,,1,115,,18564,18,,,1,115,,18565,18,,,1,156,,18566,18,,,1,129,,18567,18,,,1
7100,'WKDY/31',727,,18568,18,,,1,103,,18569,18,,,1,116,,18570,18,,,1,156,,18571,18,,,1,117,,18572,18,,,1,115,,18573,18,,,1,115,,18574,18,,,1,156,,18575,18,,,1,129,,18576,18,,,1
7100,'WKDY',540,,18577,18,,,1,71,,18578,18,,,1,31,,18579,18,,,1,70,,18580,18,,,1,30,,18581,18,,,1,16,,18582,18,,,1,55,,18583,18,,,1,32,,18584,18,,,1,56,,18585,18,,,1,15,,18586,18,,,1,15,,18587,18,,,1,70,,18588,18,,,1,16,,18589,18,,,1,15,,18590,18,,,1,15,,18591,18,,,1,70,,18592,18,,,1,17,,18593,18,,,1,15,,18594,18,,,1,55,,18595,18,,,1,30,,18596,18,,,1,15,,18597,18,,,1,55,,18598,18,,,1,15,,18599,18,,,1,30,,18600,18,,,1,55,,18601,18,,,1,15,,18602,18,,,1,15,,18603,18,,,1,70,,18604,18,,,1,15,,18605,18,,,1,15,,18606,18,,,1,15,,18607,18,,,1,71,,18608,18,,,1,14,,18609,18,,,1,15,,18610,18,,,1,55,,18611,18,,,1,15,,18612,18,,,1,29,,18613,18,,,1,55,,18614,18,,,1,28,,18615,18,,,1,70,,18616,18,,,1,30,,18617,18,,,1,70,,18618,18,,,1,28,,18619,18,,,1,29,,18620,18,,,1,70,,18621,18,,,1,28,,18622,18,,,1,70,,18623,18,,,1,100,,18624,18,,,1
7100,'SAT',636,,18625,18,,,1,20,,18626,18,,,1,60,,18627,18,,,1,20,,18628,18,,,1,21,,18629,18,,,1,61,,18630,18,,,1,20,,18631,18,,,1,21,,18632,18,,,1,58,,18633,18,,,1,22,,18634,18,,,1,19,,18635,18,,,1,60,,18636,18,,,1,20,,18637,18,,,1,20,,18638,18,,,1,60,,18639,18,,,1,20,,18640,18,,,1,21,,18641,18,,,1,61,,18642,18,,,1,22,,18643,18,,,1,63,,18644,18,,,1,20,,18645,18,,,1,21,,18646,18,,,1,60,,18647,18,,,1,20,,18648,18,,,1,21,,18649,18,,,1,60,,18650,18,,,1,20,,18651,18,,,1,20,,18652,18,,,1,60,,18653,18,,,1,21,,18654,18,,,1,20,,18655,18,,,1,58,,18656,18,,,1,19,,18657,18,,,1,20,,18658,18,,,1,60,,18659,18,,,1,18,,18660,18,,,1,20,,18661,18,,,1,59,,18662,18,,,1,20,,18663,18,,,1,20,,18664,18,,,1,60,,18665,18,,,1,21,,18666,18,,,1,20,,18667,18,,,1,59,,18668,18,,,1,20,,18669,18,,,1,20,,18670,18,,,1,70,,18671,18,,,1,29,,18672,18,,,1,68,,18673,18,,,1
7100,'SUN',637,,18674,18,,,1,70,,18675,18,,,1,30,,18676,18,,,1,70,,18677,18,,,1,32,,18678,18,,,1,70,,18679,18,,,1,31,,18680,18,,,1,70,,18681,18,,,1,30,,18682,18,,,1,71,,18683,18,,,1,30,,18684,18,,,1,71,,18685,18,,,1,32,,18686,18,,,1,70,,18687,18,,,1,30,,18688,18,,,1,70,,18689,18,,,1,30,,18690,18,,,1,70,,18691,18,,,1,30,,18692,18,,,1,70,,18693,18,,,1,30,,18694,18,,,1,67,,18695,18,,,1,30,,18696,18,,,1,70,,18697,18,,,1,30,,18698,18,,,1,70,,18699,18,,,1,28,,18700,18,,,1,70,,18701,18,,,1,30,,18702,18,,,1,70,,18703,18,,,1,29,,18704,18,,,1,69,,18705,18,,,1,30,,18706,18,,,1,70,,18707,18,,,1
7100,'NYE',540,,18708,18,,,1,71,,18709,18,,,1,31,,18710,18,,,1,70,,18711,18,,,1,30,,18712,18,,,1,16,,18713,18,,,1,55,,18714,18,,,1,32,,18715,18,,,1,56,,18716,18,,,1,15,,18717,18,,,1,15,,18718,18,,,1,70,,18719,18,,,1,16,,18720,18,,,1,15,,18721,18,,,1,15,,18722,18,,,1,70,,18723,18,,,1,17,,18724,18,,,1,15,,18725,18,,,1,55,,18726,18,,,1,30,,18727,18,,,1,15,,18728,18,,,1,55,,18729,18,,,1,15,,18730,18,,,1,30,,18731,18,,,1,55,,18732,18,,,1,15,,18733,18,,,1,15,,18734,18,,,1,70,,18735,18,,,1,15,,18736,18,,,1,15,,18737,18,,,1,15,,18738,18,,,1,71,,18739,18,,,1,14,,18740,18,,,1,15,,18741,18,,,1,55,,18742,18,,,1,15,,18743,18,,,1,29,,18744,18,,,1,55,,18745,18,,,1,28,,18746,18,,,1,70,,18747,18,,,1,30,,18748,18,,,1,70,,18749,18,,,1,28,,18750,18,,,1,29,,18751,18,,,1,70,,18752,18,,,1,28,,18753,18,,,1,70,,18754,18,,,1,100,,18755,18,,,1
7100,'NYE/31',727,,18756,18,,,1,103,,18757,18,,,1,116,,18758,18,,,1,156,,18759,18,,,1,117,,18760,18,,,1,115,,18761,18,,,1,115,,18762,18,,,1,156,,18763,18,,,1,129,,18764,18,,,1
