701,'WKDY',645,,14324,25,,,1,60,,14325,25,,,1,121,,14326,25,,,1,33,,14327,25,,,1,99,,14328,25,,,1,70,,14329,25,,,1,100,,14330,25,,,1,30,,14331,25,,,1,142,,14332,25,,,1,30,,14333,25,,,1,103,,14334,25,,,1,70,,14335,25,,,1,103,,14336,25,,,1,30,,14337,25,,,1,98,,14338,25,,,1,70,,14339,25,,,1,96,,14340,25,,,1,23,,14341,25,,,1,98,,14342,25,,,1,100,,14343,25,,,1,96,,14344,25,,,1
701,'WKDY/30',757,,14306,25,,,1,171,,14307,25,,,1,130,,14308,25,,,1,172,,14309,25,,,1,172,,14310,25,,,1,134,,14311,25,,,1,169,,14312,25,,,1,125,,14313,25,,,1,123,,14314,25,,,1
701,'WKDY/31',757,,14315,25,,,1,171,,14316,25,,,1,130,,14317,25,,,1,172,,14318,25,,,1,172,,14319,25,,,1,134,,14320,25,,,1,169,,14321,25,,,1,125,,14322,25,,,1,123,,14323,25,,,1
701,'SAT',747,,14345,25,,,1,100,,14346,25,,,1,105,,14347,25,,,1,103,,14348,25,,,1,102,,14349,25,,,1,144,,14350,25,,,1,100,,14351,25,,,1,101,,14352,25,,,1,100,,14353,25,,,1,99,,14354,25,,,1,100,,14355,25,,,1,52,,14356,25,,,1,100,,14357,25,,,1,96,,14358,25,,,1,100,,14359,25,,,1
701,'SUN',747,,14360,25,,,1,100,,14361,25,,,1,105,,14362,25,,,1,103,,14363,25,,,1,102,,14364,25,,,1,144,,14365,25,,,1,100,,14366,25,,,1,101,,14367,25,,,1,100,,14368,25,,,1,99,,14369,25,,,1,100,,14370,25,,,1,52,,14371,25,,,1,100,,14372,25,,,1,96,,14373,25,,,1,100,,14374,25,,,1
701,'NYE',645,,14375,25,,,1,60,,14376,25,,,1,121,,14377,25,,,1,33,,14378,25,,,1,99,,14379,25,,,1,70,,14380,25,,,1,100,,14381,25,,,1,30,,14382,25,,,1,142,,14383,25,,,1,30,,14384,25,,,1,103,,14385,25,,,1,70,,14386,25,,,1,103,,14387,25,,,1,30,,14388,25,,,1,98,,14389,25,,,1,70,,14390,25,,,1,96,,14391,25,,,1,23,,14392,25,,,1,98,,14393,25,,,1,100,,14394,25,,,1,96,,14395,25,,,1
701,'NYE/31',757,,14396,25,,,1,171,,14397,25,,,1,130,,14398,25,,,1,172,,14399,25,,,1,172,,14400,25,,,1,134,,14401,25,,,1,169,,14402,25,,,1,125,,14403,25,,,1,123,,14404,25,,,1
1201,'WKDY',640,,14552,27,,,1,70,,14553,27,,,1,33,,14554,27,,,1,70,,14555,27,,,1,30,,14556,27,,,1,70,,14557,27,,,1,30,,14558,27,,,1,70,,14559,27,,,1,30,,14560,27,,,1,70,,14561,27,,,1,30,,14562,27,,,1,70,,14563,27,,,1,30,,14564,27,,,1,70,,14565,27,,,1,30,,14566,27,,,1,70,,14567,27,,,1,30,,14568,27,,,1,70,,14569,27,,,1,34,,14570,27,,,1,70,,14571,27,,,1,30,,14572,27,,,1,70,,14573,27,,,1,29,,14574,27,,,1,70,,14575,27,,,1,29,,14576,27,,,1,70,,14577,27,,,1,30,,14578,27,,,1,67,,14579,27,,,1,30,,14580,27,,,1,70,,14581,27,,,1,28,,14582,27,,,1,70,,14583,27,,,1
1201,'SAT',730,,14584,27,,,1,101,,14585,27,,,1,101,,14586,27,,,1,101,,14587,27,,,1,102,,14588,27,,,1,100,,14589,27,,,1,100,,14590,27,,,1,102,,14591,27,,,1,100,,14592,27,,,1,100,,14593,27,,,1,98,,14594,27,,,1,99,,14595,27,,,1,99,,14596,27,,,1,99,,14597,27,,,1,99,,14598,27,,,1,100,,14599,27,,,1
1201,'SUN',730,,14600,27,,,1,101,,14601,27,,,1,101,,14602,27,,,1,101,,14603,27,,,1,102,,14604,27,,,1,100,,14605,27,,,1,100,,14606,27,,,1,102,,14607,27,,,1,100,,14608,27,,,1,100,,14609,27,,,1,98,,14610,27,,,1,99,,14611,27,,,1,99,,14612,27,,,1,99,,14613,27,,,1,99,,14614,27,,,1,100,,14615,27,,,1
1201,'NYE',640,,14616,27,,,1,70,,14617,27,,,1,33,,14618,27,,,1,70,,14619,27,,,1,30,,14620,27,,,1,70,,14621,27,,,1,30,,14622,27,,,1,70,,14623,27,,,1,30,,14624,27,,,1,70,,14625,27,,,1,30,,14626,27,,,1,70,,14627,27,,,1,30,,14628,27,,,1,70,,14629,27,,,1,30,,14630,27,,,1,70,,14631,27,,,1,30,,14632,27,,,1,70,,14633,27,,,1,34,,14634,27,,,1,70,,14635,27,,,1,30,,14636,27,,,1,70,,14637,27,,,1,29,,14638,27,,,1,70,,14639,27,,,1,29,,14640,27,,,1,70,,14641,27,,,1,30,,14642,27,,,1,67,,14643,27,,,1,30,,14644,27,,,1,70,,14645,27,,,1,28,,14646,27,,,1,70,,14647,27,,,1
7200,'WKDY',537,,18981,26,,,1,93,,18982,26,,,1,70,,18983,26,,,1,30,,18984,26,,,1,74,,18985,26,,,1,29,,18986,26,,,1,99,,18987,26,,,1,70,,18988,26,,,1,30,,18989,26,,,1,71,,18990,26,,,1,100,,18991,26,,,1,30,,18992,26,,,1,70,,18993,26,,,1,30,,18994,26,,,1,101,,18995,26,,,1,73,,18996,26,,,1,30,,18997,26,,,1,72,,18998,26,,,1,96,,18999,26,,,1,30,,19000,26,,,1,70,,19001,26,,,1,25,,19002,26,,,1,99,,19003,26,,,1,99,,19004,26,,,1,111,,19005,26,,,1
7200,'WKDY/30',902,,18971,26,,,1,231,,18972,26,,,1,271,,18973,26,,,1,235,,18974,26,,,1,220,,18975,26,,,1
7200,'WKDY/31',902,,18976,26,,,1,231,,18977,26,,,1,271,,18978,26,,,1,235,,18979,26,,,1,220,,18980,26,,,1
7200,'SAT',800,,19006,26,,,1,102,,19007,26,,,1,101,,19008,26,,,1,100,,19009,26,,,1,101,,19010,26,,,1,102,,19011,26,,,1,101,,19012,26,,,1,99,,19013,26,,,1,100,,19014,26,,,1,100,,19015,26,,,1,98,,19016,26,,,1,100,,19017,26,,,1,99,,19018,26,,,1
7200,'SUN',800,,19019,26,,,1,102,,19020,26,,,1,101,,19021,26,,,1,100,,19022,26,,,1,101,,19023,26,,,1,102,,19024,26,,,1,101,,19025,26,,,1,99,,19026,26,,,1,100,,19027,26,,,1,100,,19028,26,,,1,98,,19029,26,,,1,100,,19030,26,,,1,99,,19031,26,,,1
7200,'NYE',537,,19032,26,,,1,93,,19033,26,,,1,70,,19034,26,,,1,30,,19035,26,,,1,74,,19036,26,,,1,29,,19037,26,,,1,99,,19038,26,,,1,70,,19039,26,,,1,30,,19040,26,,,1,71,,19041,26,,,1,100,,19042,26,,,1,30,,19043,26,,,1,70,,19044,26,,,1,30,,19045,26,,,1,101,,19046,26,,,1,73,,19047,26,,,1,30,,19048,26,,,1,72,,19049,26,,,1,96,,19050,26,,,1,30,,19051,26,,,1,70,,19052,26,,,1,25,,19053,26,,,1,99,,19054,26,,,1,99,,19055,26,,,1,111,,19056,26,,,1
7200,'NYE/31',902,,19057,26,,,1,231,,19058,26,,,1,271,,19059,26,,,1,235,,19060,26,,,1,220,,19061,26,,,1
7401,'WKDY',537,,19270,24,,,1,100,,19271,24,,,1,69,,19272,24,,,1,31,,19273,24,,,1,100,,19274,24,,,1,69,,19275,24,,,1,30,,19276,24,,,1,70,,19277,24,,,1,100,,19278,24,,,1,31,,19279,24,,,1,71,,19280,24,,,1,31,,19281,24,,,1,102,,19282,24,,,1,70,,19283,24,,,1,29,,19284,24,,,1,68,,19285,24,,,1,100,,19286,24,,,1,32,,19287,24,,,1,70,,19288,24,,,1,29,,19289,24,,,1,101,,19290,24,,,1,68,,19291,24,,,1,28,,19292,24,,,1,101,,19293,24,,,1
7401,'WKDY/30',808,,19254,24,,,1,228,,19255,24,,,1,275,,19256,24,,,1,227,,19257,24,,,1,271,,19258,24,,,1,198,,19259,24,,,1,99,,19260,24,,,1,99,,19261,24,,,1
7401,'WKDY/31',808,,19262,24,,,1,228,,19263,24,,,1,275,,19264,24,,,1,227,,19265,24,,,1,271,,19266,24,,,1,198,,19267,24,,,1,99,,19268,24,,,1,99,,19269,24,,,1
7401,'SAT',807,,19294,24,,,1,101,,19295,24,,,1,100,,19296,24,,,1,101,,19297,24,,,1,103,,19298,24,,,1,102,,19299,24,,,1,103,,19300,24,,,1,97,,19301,24,,,1,98,,19302,24,,,1,101,,19303,24,,,1,99,,19304,24,,,1,99,,19305,24,,,1,99,,19306,24,,,1,98,,19307,24,,,1
7401,'SUN',807,,19308,24,,,1,101,,19309,24,,,1,100,,19310,24,,,1,101,,19311,24,,,1,103,,19312,24,,,1,102,,19313,24,,,1,103,,19314,24,,,1,97,,19315,24,,,1,98,,19316,24,,,1,101,,19317,24,,,1,99,,19318,24,,,1,99,,19319,24,,,1,99,,19320,24,,,1,98,,19321,24,,,1
7401,'NYE',537,,19322,24,,,1,100,,19323,24,,,1,69,,19324,24,,,1,31,,19325,24,,,1,100,,19326,24,,,1,69,,19327,24,,,1,30,,19328,24,,,1,70,,19329,24,,,1,100,,19330,24,,,1,31,,19331,24,,,1,71,,19332,24,,,1,31,,19333,24,,,1,102,,19334,24,,,1,70,,19335,24,,,1,29,,19336,24,,,1,68,,19337,24,,,1,100,,19338,24,,,1,32,,19339,24,,,1,70,,19340,24,,,1,29,,19341,24,,,1,101,,19342,24,,,1,68,,19343,24,,,1,28,,19344,24,,,1,101,,19345,24,,,1
7401,'NYE/31',808,,19346,24,,,1,228,,19347,24,,,1,275,,19348,24,,,1,227,,19349,24,,,1,271,,19350,24,,,1,198,,19351,24,,,1,99,,19352,24,,,1,99,,19353,24,,,1
8000,'WKDY',627,,19657,33,,,1,30,,19658,33,,,1,73,,19659,33,,,1,71,,19660,33,,,1,31,,19661,33,,,1,70,,19662,33,,,1,29,,19663,33,,,1,70,,19664,33,,,1,31,,19665,33,,,1,70,,19666,33,,,1,30,,19667,33,,,1,70,,19668,33,,,1,30,,19669,33,,,1,70,,19670,33,,,1,30,,19671,33,,,1,71,,19672,33,,,1,31,,19673,33,,,1,70,,19674,33,,,1,33,,19675,33,,,1,70,,19676,33,,,1,31,,19677,33,,,1,68,,19678,33,,,1,30,,19679,33,,,1,67,,19680,33,,,1,30,,19681,33,,,1,26,,19682,33,,,1,69,,19683,33,,,1,30,,19684,33,,,1,68,,19685,33,,,1,29,,19686,33,,,1,70,,19687,33,,,1
8000,'SAT',725,,19688,33,,,1,101,,19689,33,,,1,29,,19690,33,,,1,72,,19691,33,,,1,29,,19692,33,,,1,72,,19693,33,,,1,29,,19694,33,,,1,71,,19695,33,,,1,29,,19696,33,,,1,72,,19697,33,,,1,71,,19698,33,,,1,30,,19699,33,,,1,70,,19700,33,,,1,30,,19701,33,,,1,70,,19702,33,,,1,30,,19703,33,,,1,29,,19704,33,,,1,70,,19705,33,,,1,29,,19706,33,,,1,71,,19707,33,,,1,29,,19708,33,,,1,71,,19709,33,,,1,28,,19710,33,,,1,69,,19711,33,,,1,30,,19712,33,,,1,70,,19713,33,,,1,30,,19714,33,,,1,99,,19715,33,,,1
8000,'SUN',725,,19716,33,,,1,101,,19717,33,,,1,29,,19718,33,,,1,72,,19719,33,,,1,29,,19720,33,,,1,72,,19721,33,,,1,29,,19722,33,,,1,71,,19723,33,,,1,29,,19724,33,,,1,72,,19725,33,,,1,71,,19726,33,,,1,30,,19727,33,,,1,70,,19728,33,,,1,30,,19729,33,,,1,70,,19730,33,,,1,30,,19731,33,,,1,29,,19732,33,,,1,70,,19733,33,,,1,29,,19734,33,,,1,71,,19735,33,,,1,29,,19736,33,,,1,71,,19737,33,,,1,28,,19738,33,,,1,69,,19739,33,,,1,30,,19740,33,,,1,70,,19741,33,,,1,30,,19742,33,,,1,99,,19743,33,,,1
8000,'NYE',627,,19744,33,,,1,30,,19745,33,,,1,73,,19746,33,,,1,71,,19747,33,,,1,31,,19748,33,,,1,70,,19749,33,,,1,29,,19750,33,,,1,70,,19751,33,,,1,31,,19752,33,,,1,70,,19753,33,,,1,30,,19754,33,,,1,70,,19755,33,,,1,30,,19756,33,,,1,70,,19757,33,,,1,30,,19758,33,,,1,71,,19759,33,,,1,31,,19760,33,,,1,70,,19761,33,,,1,33,,19762,33,,,1,70,,19763,33,,,1,31,,19764,33,,,1,68,,19765,33,,,1,30,,19766,33,,,1,67,,19767,33,,,1,30,,19768,33,,,1,26,,19769,33,,,1,69,,19770,33,,,1,30,,19771,33,,,1,68,,19772,33,,,1,29,,19773,33,,,1,70,,19774,33,,,1,30,,19785,33,,,1,70,,19775,33,,,1,30,,19776,33,,,1,70,,19777,33,,,1,30,,19778,33,,,1,70,,19779,33,,,1,30,,19780,33,,,1,70,,19781,33,,,1,30,,19782,33,,,1,70,,19783,33,,,1,30,,19784,33,,,1
