700,'WKDY',551,,14423,9,,,1,171,,14424,9,,,1,34,,14425,9,,,1,100,,14426,9,,,1,70,,14427,9,,,1,100,,14428,9,,,1,30,,14429,9,,,1,100,,14430,9,,,1,70,,14431,9,,,1,100,,14432,9,,,1,30,,14433,9,,,1,101,,14434,9,,,1,70,,14435,9,,,1,100,,14436,9,,,1,30,,14437,9,,,1,100,,14438,9,,,1,69,,14439,9,,,1,100,,14440,9,,,1,100,,14441,9,,,1,98,,14442,9,,,1
700,'WKDY/30',653,,14405,9,,,1,173,,14406,9,,,1,130,,14407,9,,,1,170,,14408,9,,,1,130,,14409,9,,,1,171,,14410,9,,,1,130,,14411,9,,,1,170,,14412,9,,,1,129,,14413,9,,,1
700,'WKDY/31',653,,14414,9,,,1,173,,14415,9,,,1,130,,14416,9,,,1,170,,14417,9,,,1,130,,14418,9,,,1,171,,14419,9,,,1,130,,14420,9,,,1,170,,14421,9,,,1,129,,14422,9,,,1
700,'SAT',654,,14443,9,,,1,100,,14444,9,,,1,101,,14445,9,,,1,100,,14446,9,,,1,101,,14447,9,,,1,101,,14448,9,,,1,100,,14449,9,,,1,100,,14450,9,,,1,100,,14451,9,,,1,100,,14452,9,,,1,100,,14453,9,,,1,99,,14454,9,,,1,100,,14455,9,,,1,100,,14456,9,,,1,100,,14457,9,,,1
700,'SUN',654,,14458,9,,,1,100,,14459,9,,,1,101,,14460,9,,,1,100,,14461,9,,,1,101,,14462,9,,,1,101,,14463,9,,,1,100,,14464,9,,,1,100,,14465,9,,,1,100,,14466,9,,,1,100,,14467,9,,,1,100,,14468,9,,,1,99,,14469,9,,,1,100,,14470,9,,,1,100,,14471,9,,,1,100,,14472,9,,,1
700,'NYE',551,,14473,9,,,1,171,,14474,9,,,1,34,,14475,9,,,1,100,,14476,9,,,1,70,,14477,9,,,1,100,,14478,9,,,1,30,,14479,9,,,1,100,,14480,9,,,1,70,,14481,9,,,1,100,,14482,9,,,1,30,,14483,9,,,1,101,,14484,9,,,1,70,,14485,9,,,1,100,,14486,9,,,1,30,,14487,9,,,1,100,,14488,9,,,1,69,,14489,9,,,1,100,,14490,9,,,1,100,,14491,9,,,1,98,,14492,9,,,1
700,'NYE/31',653,,14493,9,,,1,173,,14494,9,,,1,130,,14495,9,,,1,170,,14496,9,,,1,130,,14497,9,,,1,171,,14498,9,,,1,130,,14499,9,,,1,170,,14500,9,,,1,129,,14501,9,,,1
7201,'WKDY',509,,19072,13,,,1,49,,19073,13,,,1,70,,19074,13,,,1,30,,19075,13,,,1,71,,19076,13,,,1,30,,19077,13,,,1,100,,19078,13,,,1,70,,19079,13,,,1,30,,19080,13,,,1,70,,19081,13,,,1,100,,19082,13,,,1,30,,19083,13,,,1,70,,19084,13,,,1,30,,19085,13,,,1,100,,19086,13,,,1,70,,19087,13,,,1,30,,19088,13,,,1,71,,19089,13,,,1,100,,19090,13,,,1,70,,19091,13,,,1,30,,19092,13,,,1,29,,19093,13,,,1,100,,19094,13,,,1,100,,19095,13,,,1,150,,19096,13,,,1
7201,'WKDY/30',829,,19062,13,,,1,230,,19063,13,,,1,270,,19064,13,,,1,271,,19065,13,,,1,229,,19066,13,,,1
7201,'WKDY/31',829,,19067,13,,,1,230,,19068,13,,,1,270,,19069,13,,,1,271,,19070,13,,,1,229,,19071,13,,,1
7201,'SAT',731,,19097,13,,,1,100,,19098,13,,,1,100,,19099,13,,,1,100,,19100,13,,,1,100,,19101,13,,,1,100,,19102,13,,,1,101,,19103,13,,,1,100,,19104,13,,,1,100,,19105,13,,,1,100,,19106,13,,,1,100,,19107,13,,,1,100,,19108,13,,,1,99,,19109,13,,,1
7201,'SUN',731,,19110,13,,,1,100,,19111,13,,,1,100,,19112,13,,,1,100,,19113,13,,,1,100,,19114,13,,,1,100,,19115,13,,,1,101,,19116,13,,,1,100,,19117,13,,,1,100,,19118,13,,,1,100,,19119,13,,,1,100,,19120,13,,,1,100,,19121,13,,,1,99,,19122,13,,,1
7201,'NYE',509,,19123,13,,,1,49,,19124,13,,,1,70,,19125,13,,,1,30,,19126,13,,,1,71,,19127,13,,,1,30,,19128,13,,,1,100,,19129,13,,,1,70,,19130,13,,,1,30,,19131,13,,,1,70,,19132,13,,,1,100,,19133,13,,,1,30,,19134,13,,,1,70,,19135,13,,,1,30,,19136,13,,,1,100,,19137,13,,,1,70,,19138,13,,,1,30,,19139,13,,,1,71,,19140,13,,,1,100,,19141,13,,,1,70,,19142,13,,,1,30,,19143,13,,,1,29,,19144,13,,,1,100,,19145,13,,,1,100,,19146,13,,,1,150,,19147,13,,,1
7201,'NYE/31',829,,19148,13,,,1,230,,19149,13,,,1,270,,19150,13,,,1,271,,19151,13,,,1,229,,19152,13,,,1
