7101,'WKDY/30',756,,18765,22,,,1,144,,18766,22,,,1,117,,18767,22,,,1,118,,18768,22,,,1,118,,18769,22,,,1,155,,18770,22,,,1,117,,18771,22,,,1,116,,18772,22,,,1,167,,18773,22,,,1
7101,'WKDY/31',756,,18774,22,,,1,144,,18775,22,,,1,117,,18776,22,,,1,118,,18777,22,,,1,118,,18778,22,,,1,155,,18779,22,,,1,117,,18780,22,,,1,116,,18781,22,,,1,167,,18782,22,,,1
7101,'WKDY',605,,18783,22,,,1,34,,18784,22,,,1,72,,18785,22,,,1,30,,18786,22,,,1,70,,18787,22,,,1,16,,18788,22,,,1,15,,18789,22,,,1,73,,18790,22,,,1,17,,18791,22,,,1,15,,18792,22,,,1,55,,18793,22,,,1,30,,18794,22,,,1,18,,18795,22,,,1,55,,18796,22,,,1,15,,18797,22,,,1,30,,18798,22,,,1,58,,18799,22,,,1,15,,18800,22,,,1,15,,18801,22,,,1,70,,18802,22,,,1,15,,18803,22,,,1,15,,18804,22,,,1,15,,18805,22,,,1,70,,18806,22,,,1,16,,18807,22,,,1,15,,18808,22,,,1,56,,18809,22,,,1,30,,18810,22,,,1,15,,18811,22,,,1,55,,18812,22,,,1,15,,18813,22,,,1,31,,18814,22,,,1,53,,18815,22,,,1,15,,18816,22,,,1,15,,18817,22,,,1,15,,18818,22,,,1,66,,18819,22,,,1,15,,18820,22,,,1,68,,18821,22,,,1,30,,18822,22,,,1,69,,18823,22,,,1,30,,18824,22,,,1,68,,18825,22,,,1,26,,18826,22,,,1,30,,18827,22,,,1,67,,18828,22,,,1,30,,18829,22,,,1,99,,18830,22,,,1
7101,'SAT',703,,18831,22,,,1,20,,18832,22,,,1,20,,18833,22,,,1,60,,18834,22,,,1,23,,18835,22,,,1,21,,18836,22,,,1,60,,18837,22,,,1,21,,18838,22,,,1,19,,18839,22,,,1,63,,18840,22,,,1,19,,18841,22,,,1,20,,18842,22,,,1,61,,18843,22,,,1,20,,18844,22,,,1,21,,18845,22,,,1,61,,18846,22,,,1,21,,18847,22,,,1,21,,18848,22,,,1,63,,18849,22,,,1,25,,18850,22,,,1,60,,18851,22,,,1,21,,18852,22,,,1,20,,18853,22,,,1,60,,18854,22,,,1,20,,18855,22,,,1,20,,18856,22,,,1,60,,18857,22,,,1,22,,18858,22,,,1,18,,18859,22,,,1,61,,18860,22,,,1,20,,18861,22,,,1,15,,18862,22,,,1,19,,18863,22,,,1,60,,18864,22,,,1,20,,18865,22,,,1,18,,18866,22,,,1,60,,18867,22,,,1,18,,18868,22,,,1,19,,18869,22,,,1,60,,18870,22,,,1,20,,18871,22,,,1,21,,18872,22,,,1,59,,18873,22,,,1,18,,18874,22,,,1,19,,18875,22,,,1,59,,18876,22,,,1,30,,18877,22,,,1,68,,18878,22,,,1,27,,18879,22,,,1
7101,'SUN',703,,18880,22,,,1,30,,18881,22,,,1,70,,18882,22,,,1,32,,18883,22,,,1,73,,18884,22,,,1,30,,18885,22,,,1,73,,18886,22,,,1,30,,18887,22,,,1,70,,18888,22,,,1,32,,18889,22,,,1,70,,18890,22,,,1,32,,18891,22,,,1,73,,18892,22,,,1,30,,18893,22,,,1,70,,18894,22,,,1,30,,18895,22,,,1,70,,18896,22,,,1,30,,18897,22,,,1,70,,18898,22,,,1,30,,18899,22,,,1,70,,18900,22,,,1,26,,18901,22,,,1,69,,18902,22,,,1,30,,18903,22,,,1,68,,18904,22,,,1,30,,18905,22,,,1,68,,18906,22,,,1,29,,18907,22,,,1,69,,18908,22,,,1,29,,18909,22,,,1,69,,18910,22,,,1,28,,18911,22,,,1,69,,18912,22,,,1,30,,18913,22,,,1
7101,'NYE',605,,18914,22,,,1,34,,18915,22,,,1,72,,18916,22,,,1,30,,18917,22,,,1,70,,18918,22,,,1,16,,18919,22,,,1,15,,18920,22,,,1,73,,18921,22,,,1,17,,18922,22,,,1,15,,18923,22,,,1,55,,18924,22,,,1,30,,18925,22,,,1,18,,18926,22,,,1,55,,18927,22,,,1,15,,18928,22,,,1,30,,18929,22,,,1,58,,18930,22,,,1,15,,18931,22,,,1,15,,18932,22,,,1,70,,18933,22,,,1,15,,18934,22,,,1,15,,18935,22,,,1,15,,18936,22,,,1,70,,18937,22,,,1,16,,18938,22,,,1,15,,18939,22,,,1,56,,18940,22,,,1,30,,18941,22,,,1,15,,18942,22,,,1,55,,18943,22,,,1,15,,18944,22,,,1,31,,18945,22,,,1,53,,18946,22,,,1,15,,18947,22,,,1,15,,18948,22,,,1,15,,18949,22,,,1,66,,18950,22,,,1,15,,18951,22,,,1,68,,18952,22,,,1,30,,18953,22,,,1,69,,18954,22,,,1,30,,18955,22,,,1,68,,18956,22,,,1,26,,18957,22,,,1,30,,18958,22,,,1,67,,18959,22,,,1,30,,18960,22,,,1,99,,18961,22,,,1
7101,'NYE/31',756,,18962,22,,,1,144,,18963,22,,,1,117,,18964,22,,,1,118,,18965,22,,,1,118,,18966,22,,,1,155,,18967,22,,,1,117,,18968,22,,,1,116,,18969,22,,,1,167,,18970,22,,,1
7801,'WKDY/30',1108,,19442,27,,,1,306,,19443,27,,,1
7801,'WKDY/31',1108,,19444,27,,,1,306,,19445,27,,,1
7801,'WKDY',537,,19446,27,,,1,96,,19447,27,,,1,71,,19448,27,,,1,33,,19449,27,,,1,70,,19450,27,,,1,30,,19451,27,,,1,70,,19452,27,,,1,30,,19453,27,,,1,70,,19454,27,,,1,30,,19455,27,,,1,102,,19456,27,,,1,72,,19457,27,,,1,30,,19458,27,,,1,72,,19459,27,,,1,30,,19460,27,,,1,100,,19461,27,,,1,73,,19462,27,,,1,30,,19463,27,,,1,71,,19464,27,,,1,29,,19465,27,,,1,72,,19466,27,,,1,27,,19467,27,,,1,68,,19468,27,,,1,31,,19469,27,,,1,98,,19470,27,,,1,93,,19471,27,,,1,100,,19472,27,,,1
7801,'SAT',835,,19473,27,,,1,103,,19474,27,,,1,101,,19475,27,,,1,102,,19476,27,,,1,101,,19477,27,,,1,102,,19478,27,,,1,99,,19479,27,,,1,100,,19480,27,,,1,99,,19481,27,,,1,99,,19482,27,,,1,100,,19483,27,,,1,95,,19484,27,,,1
7801,'SUN',835,,19485,27,,,1,104,,19486,27,,,1,100,,19487,27,,,1,102,,19488,27,,,1,101,,19489,27,,,1,102,,19490,27,,,1,99,,19491,27,,,1,100,,19492,27,,,1,99,,19493,27,,,1,94,,19494,27,,,1,105,,19495,27,,,1,96,,19496,27,,,1
7801,'NYE',537,,19497,27,,,1,96,,19498,27,,,1,71,,19499,27,,,1,33,,19500,27,,,1,70,,19501,27,,,1,30,,19502,27,,,1,70,,19503,27,,,1,30,,19504,27,,,1,70,,19505,27,,,1,30,,19506,27,,,1,102,,19507,27,,,1,72,,19508,27,,,1,30,,19509,27,,,1,72,,19510,27,,,1,30,,19511,27,,,1,100,,19512,27,,,1,73,,19513,27,,,1,30,,19514,27,,,1,71,,19515,27,,,1,29,,19516,27,,,1,72,,19517,27,,,1,27,,19518,27,,,1,68,,19519,27,,,1,31,,19520,27,,,1,98,,19521,27,,,1,93,,19522,27,,,1,100,,19523,27,,,1
7801,'NYE/31',1108,,19524,27,,,1,306,,19525,27,,,1
