3101,'WKDY/30',637,,15368,18,,,1,196,,15369,18,,,1,199,,15370,18,,,1,197,,15371,18,,,1,200,,15372,18,,,1,199,,15373,18,,,1,205,,15374,18,,,1
3101,'WKDY/31',637,,15375,18,,,1,196,,15376,18,,,1,199,,15377,18,,,1,197,,15378,18,,,1,200,,15379,18,,,1,199,,15380,18,,,1,205,,15381,18,,,1
3101,'WKDY',538,,15382,18,,,1,69,,15383,18,,,1,98,,15384,18,,,1,29,,15385,18,,,1,70,,15386,18,,,1,98,,15387,18,,,1,30,,15388,18,,,1,70,,15389,18,,,1,100,,15390,18,,,1,28,,15391,18,,,1,70,,15392,18,,,1,58,,15393,18,,,1,70,,15394,18,,,1,31,,15395,18,,,1,100,,15396,18,,,1,69,,15397,18,,,1,30,,15398,18,,,1,100,,15399,18,,,1,74,,15400,18,,,1,70,,15401,18,,,1,102,,15402,18,,,1,101,,15403,18,,,1,101,,15404,18,,,1
3101,'SAT',745,,15405,18,,,1,79,,15406,18,,,1,79,,15407,18,,,1,39,,15408,18,,,1,79,,15409,18,,,1,80,,15410,18,,,1,39,,15411,18,,,1,79,,15412,18,,,1,40,,15413,18,,,1,80,,15414,18,,,1,80,,15415,18,,,1,40,,15416,18,,,1,80,,15417,18,,,1,82,,15418,18,,,1,80,,15419,18,,,1,41,,15420,18,,,1,82,,15421,18,,,1,80,,15422,18,,,1,40,,15423,18,,,1
3101,'SUN',745,,15424,18,,,1,100,,15425,18,,,1,98,,15426,18,,,1,100,,15427,18,,,1,96,,15428,18,,,1,100,,15429,18,,,1,100,,15430,18,,,1,100,,15431,18,,,1,100,,15432,18,,,1,101,,15433,18,,,1,101,,15434,18,,,1,102,,15435,18,,,1,101,,15436,18,,,1
3101,'NYE',538,,15437,18,,,1,69,,15438,18,,,1,98,,15439,18,,,1,29,,15440,18,,,1,70,,15441,18,,,1,98,,15442,18,,,1,30,,15443,18,,,1,70,,15444,18,,,1,100,,15445,18,,,1,28,,15446,18,,,1,70,,15447,18,,,1,58,,15448,18,,,1,70,,15449,18,,,1,31,,15450,18,,,1,100,,15451,18,,,1,69,,15452,18,,,1,30,,15453,18,,,1,100,,15454,18,,,1,74,,15455,18,,,1,70,,15456,18,,,1,102,,15457,18,,,1,101,,15458,18,,,1,101,,15459,18,,,1
3101,'NYE/31',637,,15460,18,,,1,196,,15461,18,,,1,199,,15462,18,,,1,197,,15463,18,,,1,200,,15464,18,,,1,199,,15465,18,,,1,205,,15466,18,,,1
7100,'WKDY/30',726,,18559,16,,,1,102,,18560,16,,,1,116,,18561,16,,,1,156,,18562,16,,,1,117,,18563,16,,,1,115,,18564,16,,,1,115,,18565,16,,,1,156,,18566,16,,,1,129,,18567,16,,,1
7100,'WKDY/31',726,,18568,16,,,1,102,,18569,16,,,1,116,,18570,16,,,1,156,,18571,16,,,1,117,,18572,16,,,1,115,,18573,16,,,1,115,,18574,16,,,1,156,,18575,16,,,1,129,,18576,16,,,1
7100,'WKDY',538,,18577,16,,,1,72,,18578,16,,,1,31,,18579,16,,,1,70,,18580,16,,,1,30,,18581,16,,,1,15,,18582,16,,,1,55,,18583,16,,,1,32,,18584,16,,,1,16,,18585,16,,,1,55,,18586,16,,,1,15,,18587,16,,,1,30,,18588,16,,,1,56,,18589,16,,,1,15,,18590,16,,,1,15,,18591,16,,,1,70,,18592,16,,,1,17,,18593,16,,,1,15,,18594,16,,,1,55,,18595,16,,,1,30,,18596,16,,,1,15,,18597,16,,,1,55,,18598,16,,,1,15,,18599,16,,,1,30,,18600,16,,,1,55,,18601,16,,,1,15,,18602,16,,,1,15,,18603,16,,,1,70,,18604,16,,,1,15,,18605,16,,,1,15,,18606,16,,,1,15,,18607,16,,,1,71,,18608,16,,,1,14,,18609,16,,,1,15,,18610,16,,,1,55,,18611,16,,,1,15,,18612,16,,,1,29,,18613,16,,,1,55,,18614,16,,,1,28,,18615,16,,,1,30,,18616,16,,,1,70,,18617,16,,,1,30,,18618,16,,,1,68,,18619,16,,,1,30,,18620,16,,,1,70,,18621,16,,,1,28,,18622,16,,,1,70,,18623,16,,,1,100,,18624,16,,,1
7100,'SAT',635,,18625,16,,,1,20,,18626,16,,,1,60,,18627,16,,,1,20,,18628,16,,,1,21,,18629,16,,,1,61,,18630,16,,,1,20,,18631,16,,,1,21,,18632,16,,,1,58,,18633,16,,,1,22,,18634,16,,,1,19,,18635,16,,,1,59,,18636,16,,,1,20,,18637,16,,,1,20,,18638,16,,,1,60,,18639,16,,,1,20,,18640,16,,,1,21,,18641,16,,,1,61,,18642,16,,,1,22,,18643,16,,,1,63,,18644,16,,,1,20,,18645,16,,,1,21,,18646,16,,,1,60,,18647,16,,,1,20,,18648,16,,,1,21,,18649,16,,,1,60,,18650,16,,,1,20,,18651,16,,,1,20,,18652,16,,,1,60,,18653,16,,,1,21,,18654,16,,,1,20,,18655,16,,,1,58,,18656,16,,,1,19,,18657,16,,,1,20,,18658,16,,,1,60,,18659,16,,,1,18,,18660,16,,,1,20,,18661,16,,,1,59,,18662,16,,,1,21,,18663,16,,,1,20,,18664,16,,,1,60,,18665,16,,,1,21,,18666,16,,,1,20,,18667,16,,,1,59,,18668,16,,,1,20,,18669,16,,,1,20,,18670,16,,,1,70,,18671,16,,,1,28,,18672,16,,,1,68,,18673,16,,,1
7100,'SUN',636,,18674,16,,,1,70,,18675,16,,,1,30,,18676,16,,,1,70,,18677,16,,,1,32,,18678,16,,,1,70,,18679,16,,,1,30,,18680,16,,,1,70,,18681,16,,,1,30,,18682,16,,,1,71,,18683,16,,,1,30,,18684,16,,,1,71,,18685,16,,,1,32,,18686,16,,,1,70,,18687,16,,,1,30,,18688,16,,,1,70,,18689,16,,,1,30,,18690,16,,,1,70,,18691,16,,,1,30,,18692,16,,,1,70,,18693,16,,,1,30,,18694,16,,,1,67,,18695,16,,,1,30,,18696,16,,,1,70,,18697,16,,,1,30,,18698,16,,,1,70,,18699,16,,,1,29,,18700,16,,,1,70,,18701,16,,,1,30,,18702,16,,,1,70,,18703,16,,,1,29,,18704,16,,,1,69,,18705,16,,,1,30,,18706,16,,,1,70,,18707,16,,,1
7100,'NYE',538,,18708,16,,,1,72,,18709,16,,,1,31,,18710,16,,,1,70,,18711,16,,,1,30,,18712,16,,,1,15,,18713,16,,,1,55,,18714,16,,,1,32,,18715,16,,,1,16,,18716,16,,,1,55,,18717,16,,,1,15,,18718,16,,,1,30,,18719,16,,,1,56,,18720,16,,,1,15,,18721,16,,,1,15,,18722,16,,,1,70,,18723,16,,,1,17,,18724,16,,,1,15,,18725,16,,,1,55,,18726,16,,,1,30,,18727,16,,,1,15,,18728,16,,,1,55,,18729,16,,,1,15,,18730,16,,,1,30,,18731,16,,,1,55,,18732,16,,,1,15,,18733,16,,,1,15,,18734,16,,,1,70,,18735,16,,,1,15,,18736,16,,,1,15,,18737,16,,,1,15,,18738,16,,,1,71,,18739,16,,,1,14,,18740,16,,,1,15,,18741,16,,,1,55,,18742,16,,,1,15,,18743,16,,,1,29,,18744,16,,,1,55,,18745,16,,,1,28,,18746,16,,,1,30,,18747,16,,,1,70,,18748,16,,,1,30,,18749,16,,,1,68,,18750,16,,,1,30,,18751,16,,,1,70,,18752,16,,,1,28,,18753,16,,,1,70,,18754,16,,,1,100,,18755,16,,,1
7100,'NYE/31',726,,18756,16,,,1,102,,18757,16,,,1,116,,18758,16,,,1,156,,18759,16,,,1,117,,18760,16,,,1,115,,18761,16,,,1,115,,18762,16,,,1,156,,18763,16,,,1,129,,18764,16,,,1
