10500,'WKDY/31',543,,19970,3,,,1,81,,19971,3,,,1,87,,19972,3,,,1,90,,19973,3,,,1,42,,19974,3,,,1,87,,19975,3,,,1,25,,19976,3,,,1,101,,19977,3,,,1,96,,19978,3,,,1
10500,'NYE/31',543,,19990,3,,,1,81,,19991,3,,,1,87,,19992,3,,,1,90,,19993,3,,,1,42,,19994,3,,,1,87,,19995,3,,,1,25,,19996,3,,,1,101,,19997,3,,,1,96,,19998,3,,,1
10501,'WKDY/31',743,,20013,9,4,,1
10501,'NYE/31',743,,20034,9,4,,1
10601,'WKDY/31',553,,20069,6,4,,1,87,,20070,6,4,,1,85,,20071,6,4,,1,84,,20072,6,4,,1,34,,20073,6,4,,1
10601,'NYE/31',553,,20074,6,4,,1,87,,20075,6,4,,1,85,,20076,6,4,,1,84,,20077,6,4,,1,34,,20078,6,4,,1
16400,'WKDY/30',556,,20079,3,,,1,91,,20080,3,,,1,81,,20081,3,,,1,105,,20082,3,,,1,97,,20083,3,,,1,100,,20084,3,,,1
16400,'WKDY/31',556,,20097,3,,,1,91,,20098,3,,,1,81,,20099,3,,,1,105,,20100,3,,,1,97,,20101,3,,,1,100,,20102,3,,,1
16400,'WKDY',1130,,20115,3,,,1
16400,'NYE',1130,,20119,3,,,1
16400,'NYE/31',556,,20123,3,,,1,91,,20124,3,,,1,81,,20125,3,,,1,105,,20126,3,,,1,97,,20127,3,,,1,100,,20128,3,,,1
16401,'WKDY/30',627,,20142,4,4,,1,83,,20144,4,4,,1,49,,20146,4,4,,1,62,,20147,4,4,,1
16401,'WKDY/31',627,,20158,4,4,,1,83,,20160,4,4,,1,49,,20162,4,4,,1,62,,20163,4,4,,1
16401,'WKDY',523,,20173,4,4,,1
16401,'NYE',523,,20178,4,4,,1
16401,'NYE/31',627,,20184,4,4,,1,83,,20186,4,4,,1,49,,20188,4,4,,1,62,,20189,4,4,,1
