7200,'WKDY',2142,,19005,30,4,,1
7200,'SAT',1310,,19011,30,4,,1,101,,19012,30,4,,1
7200,'SUN',1310,,19024,30,4,,1,101,,19025,30,4,,1
7200,'NYE',2142,,19056,30,4,,1
7201,'WKDY/30',819,,19062,1,,,1,230,,19063,1,,,1,270,,19064,1,,,1,230,,19065,1,,,1,270,,19066,1,,,1
7201,'WKDY/31',819,,19067,1,,,1,230,,19068,1,,,1,270,,19069,1,,,1,230,,19070,1,,,1,270,,19071,1,,,1
7201,'WKDY',500,,19072,1,,,1,49,,19073,1,,,1,70,,19074,1,,,1,30,,19075,1,,,1,70,,19076,1,,,1,30,,19077,1,,,1,100,,19078,1,,,1,70,,19079,1,,,1,30,,19080,1,,,1,70,,19081,1,,,1,100,,19082,1,,,1,30,,19083,1,,,1,70,,19084,1,,,1,30,,19085,1,,,1,100,,19086,1,,,1,70,,19087,1,,,1,30,,19088,1,,,1,70,,19089,1,,,1,100,,19090,1,,,1,30,,19091,1,,,1,70,,19092,1,,,1,30,,19093,1,,,1,100,,19094,1,,,1,100,,19095,1,,,1,151,,19096,1,,,1
7201,'SAT',721,,19097,1,,,1,100,,19098,1,,,1,100,,19099,1,,,1,100,,19100,1,,,1,100,,19101,1,,,1,100,,19102,1,,,1,100,,19103,1,,,1,100,,19104,1,,,1,100,,19105,1,,,1,100,,19106,1,,,1,100,,19107,1,,,1,100,,19108,1,,,1,100,,19109,1,,,1
7201,'SUN',721,,19110,1,,,1,100,,19111,1,,,1,100,,19112,1,,,1,100,,19113,1,,,1,100,,19114,1,,,1,100,,19115,1,,,1,100,,19116,1,,,1,100,,19117,1,,,1,100,,19118,1,,,1,100,,19119,1,,,1,100,,19120,1,,,1,100,,19121,1,,,1,100,,19122,1,,,1
7201,'NYE',500,,19123,1,,,1,49,,19124,1,,,1,70,,19125,1,,,1,30,,19126,1,,,1,70,,19127,1,,,1,30,,19128,1,,,1,100,,19129,1,,,1,70,,19130,1,,,1,30,,19131,1,,,1,70,,19132,1,,,1,100,,19133,1,,,1,30,,19134,1,,,1,70,,19135,1,,,1,30,,19136,1,,,1,100,,19137,1,,,1,70,,19138,1,,,1,30,,19139,1,,,1,70,,19140,1,,,1,100,,19141,1,,,1,30,,19142,1,,,1,70,,19143,1,,,1,30,,19144,1,,,1,100,,19145,1,,,1,100,,19146,1,,,1,151,,19147,1,,,1
7201,'NYE/31',819,,19148,1,,,1,230,,19149,1,,,1,270,,19150,1,,,1,230,,19151,1,,,1,270,,19152,1,,,1
7401,'WKDY/30',813,,19254,26,4,,1,228,,19255,26,4,,1,275,,19256,26,4,,1,227,,19257,26,4,,1,271,,19258,26,4,,1
7401,'WKDY/31',813,,19262,26,4,,1,228,,19263,26,4,,1,275,,19264,26,4,,1,227,,19265,26,4,,1,271,,19266,26,4,,1
7401,'WKDY',542,,19270,26,4,,1,100,,19271,26,4,,1,69,,19272,26,4,,1,31,,19273,26,4,,1,100,,19274,26,4,,1,69,,19275,26,4,,1,30,,19276,26,4,,1,70,,19277,26,4,,1,100,,19278,26,4,,1,31,,19279,26,4,,1,71,,19280,26,4,,1,31,,19281,26,4,,1,102,,19282,26,4,,1,70,,19283,26,4,,1,29,,19284,26,4,,1,68,,19285,26,4,,1,100,,19286,26,4,,1,32,,19287,26,4,,1,70,,19288,26,4,,1,29,,19289,26,4,,1,101,,19290,26,4,,1,96,,19292,26,4,,1,100,,19293,26,4,,1
7401,'SAT',811,,19294,26,4,,1,101,,19295,26,4,,1,101,,19296,26,4,,1,101,,19297,26,4,,1,103,,19298,26,4,,1,302,,19301,26,4,,1,98,,19302,26,4,,1,101,,19303,26,4,,1,99,,19304,26,4,,1,99,,19305,26,4,,1
7401,'SUN',811,,19308,26,4,,1,101,,19309,26,4,,1,101,,19310,26,4,,1,101,,19311,26,4,,1,103,,19312,26,4,,1,302,,19315,26,4,,1,98,,19316,26,4,,1,101,,19317,26,4,,1,99,,19318,26,4,,1,99,,19319,26,4,,1
7401,'NYE',542,,19322,26,4,,1,100,,19323,26,4,,1,69,,19324,26,4,,1,31,,19325,26,4,,1,100,,19326,26,4,,1,69,,19327,26,4,,1,30,,19328,26,4,,1,70,,19329,26,4,,1,100,,19330,26,4,,1,31,,19331,26,4,,1,71,,19332,26,4,,1,31,,19333,26,4,,1,102,,19334,26,4,,1,70,,19335,26,4,,1,29,,19336,26,4,,1,68,,19337,26,4,,1,100,,19338,26,4,,1,32,,19339,26,4,,1,70,,19340,26,4,,1,29,,19341,26,4,,1,101,,19342,26,4,,1,96,,19344,26,4,,1,100,,19345,26,4,,1
7401,'NYE/31',813,,19346,26,4,,1,228,,19347,26,4,,1,275,,19348,26,4,,1,227,,19349,26,4,,1,271,,19350,26,4,,1
