701,'WKDY',643,,14324,22,,,1,60,,14325,22,,,1,120,,14326,22,,,1,33,,14327,22,,,1,99,,14328,22,,,1,70,,14329,22,,,1,100,,14330,22,,,1,30,,14331,22,,,1,102,,14332,22,,,1,70,,14333,22,,,1,103,,14334,22,,,1,70,,14335,22,,,1,103,,14336,22,,,1,30,,14337,22,,,1,98,,14338,22,,,1,70,,14339,22,,,1,57,,14340,22,,,1,63,,14341,22,,,1,98,,14342,22,,,1,100,,14343,22,,,1,96,,14344,22,,,1
701,'WKDY/30',754,,14306,22,,,1,171,,14307,22,,,1,130,,14308,22,,,1,172,,14309,22,,,1,132,,14310,22,,,1,174,,14311,22,,,1,169,,14312,22,,,1,126,,14313,22,,,1,123,,14314,22,,,1
701,'WKDY/31',754,,14315,22,,,1,171,,14316,22,,,1,130,,14317,22,,,1,172,,14318,22,,,1,132,,14319,22,,,1,174,,14320,22,,,1,169,,14321,22,,,1,126,,14322,22,,,1,123,,14323,22,,,1
701,'SAT',745,,14345,22,,,1,100,,14346,22,,,1,105,,14347,22,,,1,102,,14348,22,,,1,102,,14349,22,,,1,104,,14350,22,,,1,100,,14351,22,,,1,101,,14352,22,,,1,100,,14353,22,,,1,100,,14354,22,,,1,100,,14355,22,,,1,92,,14356,22,,,1,100,,14357,22,,,1,96,,14358,22,,,1,100,,14359,22,,,1
701,'SUN',745,,14360,22,,,1,100,,14361,22,,,1,105,,14362,22,,,1,102,,14363,22,,,1,102,,14364,22,,,1,104,,14365,22,,,1,100,,14366,22,,,1,101,,14367,22,,,1,100,,14368,22,,,1,100,,14369,22,,,1,100,,14370,22,,,1,92,,14371,22,,,1,100,,14372,22,,,1,96,,14373,22,,,1,100,,14374,22,,,1
701,'NYE',643,,14375,22,,,1,60,,14376,22,,,1,120,,14377,22,,,1,33,,14378,22,,,1,99,,14379,22,,,1,70,,14380,22,,,1,100,,14381,22,,,1,30,,14382,22,,,1,102,,14383,22,,,1,70,,14384,22,,,1,103,,14385,22,,,1,70,,14386,22,,,1,103,,14387,22,,,1,30,,14388,22,,,1,98,,14389,22,,,1,70,,14390,22,,,1,57,,14391,22,,,1,63,,14392,22,,,1,98,,14393,22,,,1,100,,14394,22,,,1,96,,14395,22,,,1
701,'NYE/31',754,,14396,22,,,1,171,,14397,22,,,1,130,,14398,22,,,1,172,,14399,22,,,1,132,,14400,22,,,1,174,,14401,22,,,1,169,,14402,22,,,1,126,,14403,22,,,1,123,,14404,22,,,1
7401,'WKDY',535,,19270,21,,,1,100,,19271,21,,,1,69,,19272,21,,,1,31,,19273,21,,,1,100,,19274,21,,,1,69,,19275,21,,,1,30,,19276,21,,,1,70,,19277,21,,,1,100,,19278,21,,,1,31,,19279,21,,,1,71,,19280,21,,,1,30,,19281,21,,,1,102,,19282,21,,,1,70,,19283,21,,,1,29,,19284,21,,,1,68,,19285,21,,,1,100,,19286,21,,,1,32,,19287,21,,,1,70,,19288,21,,,1,30,,19289,21,,,1,101,,19290,21,,,1,68,,19291,21,,,1,28,,19292,21,,,1,101,,19293,21,,,1
7401,'WKDY/30',806,,19254,21,,,1,228,,19255,21,,,1,274,,19256,21,,,1,227,,19257,21,,,1,272,,19258,21,,,1,198,,19259,21,,,1,99,,19260,21,,,1,99,,19261,21,,,1
7401,'WKDY/31',806,,19262,21,,,1,228,,19263,21,,,1,274,,19264,21,,,1,227,,19265,21,,,1,272,,19266,21,,,1,198,,19267,21,,,1,99,,19268,21,,,1,99,,19269,21,,,1
7401,'SAT',805,,19294,21,,,1,101,,19295,21,,,1,100,,19296,21,,,1,101,,19297,21,,,1,103,,19298,21,,,1,101,,19299,21,,,1,103,,19300,21,,,1,97,,19301,21,,,1,99,,19302,21,,,1,101,,19303,21,,,1,99,,19304,21,,,1,99,,19305,21,,,1,99,,19306,21,,,1,98,,19307,21,,,1
7401,'SUN',805,,19308,21,,,1,101,,19309,21,,,1,100,,19310,21,,,1,101,,19311,21,,,1,103,,19312,21,,,1,101,,19313,21,,,1,103,,19314,21,,,1,97,,19315,21,,,1,99,,19316,21,,,1,101,,19317,21,,,1,99,,19318,21,,,1,99,,19319,21,,,1,99,,19320,21,,,1,98,,19321,21,,,1
7401,'NYE',535,,19322,21,,,1,100,,19323,21,,,1,69,,19324,21,,,1,31,,19325,21,,,1,100,,19326,21,,,1,69,,19327,21,,,1,30,,19328,21,,,1,70,,19329,21,,,1,100,,19330,21,,,1,31,,19331,21,,,1,71,,19332,21,,,1,30,,19333,21,,,1,102,,19334,21,,,1,70,,19335,21,,,1,29,,19336,21,,,1,68,,19337,21,,,1,100,,19338,21,,,1,32,,19339,21,,,1,70,,19340,21,,,1,30,,19341,21,,,1,101,,19342,21,,,1,68,,19343,21,,,1,28,,19344,21,,,1,101,,19345,21,,,1
7401,'NYE/31',806,,19346,21,,,1,228,,19347,21,,,1,274,,19348,21,,,1,227,,19349,21,,,1,272,,19350,21,,,1,198,,19351,21,,,1,99,,19352,21,,,1,99,,19353,21,,,1
