701,'SAT',751,,14345,27,4,,1,100,,14346,27,4,,1,105,,14347,27,4,,1,103,,14348,27,4,,1,142,,14349,27,4,,1,104,,14350,27,4,,1,100,,14351,27,4,,1,101,,14352,27,4,,1,100,,14353,27,4,,1,99,,14354,27,4,,1,100,,14355,27,4,,1,52,,14356,27,4,,1
701,'SUN',751,,14360,27,4,,1,100,,14361,27,4,,1,105,,14362,27,4,,1,103,,14363,27,4,,1,142,,14364,27,4,,1,104,,14365,27,4,,1,100,,14366,27,4,,1,101,,14367,27,4,,1,100,,14368,27,4,,1,99,,14369,27,4,,1,100,,14370,27,4,,1,52,,14371,27,4,,1
1201,'SAT',733,,14584,29,4,,1,101,,14585,29,4,,1,102,,14586,29,4,,1,101,,14587,29,4,,1,102,,14588,29,4,,1,100,,14589,29,4,,1,100,,14590,29,4,,1,102,,14591,29,4,,1,100,,14592,29,4,,1,100,,14593,29,4,,1,98,,14594,29,4,,1,99,,14595,29,4,,1,99,,14596,29,4,,1,99,,14597,29,4,,1
1201,'SUN',733,,14600,29,4,,1,101,,14601,29,4,,1,102,,14602,29,4,,1,101,,14603,29,4,,1,102,,14604,29,4,,1,100,,14605,29,4,,1,100,,14606,29,4,,1,102,,14607,29,4,,1,100,,14608,29,4,,1,100,,14609,29,4,,1,98,,14610,29,4,,1,99,,14611,29,4,,1,99,,14612,29,4,,1,99,,14613,29,4,,1
8000,'WKDY',632,,19657,35,4,,1,71,,19658,35,4,,1,33,,19659,35,4,,1,71,,19660,35,4,,1,31,,19661,35,4,,1,70,,19662,35,4,,1,29,,19663,35,4,,1,70,,19664,35,4,,1,31,,19665,35,4,,1,70,,19666,35,4,,1,30,,19667,35,4,,1,70,,19668,35,4,,1,30,,19669,35,4,,1,70,,19670,35,4,,1,30,,19671,35,4,,1,72,,19672,35,4,,1,31,,19673,35,4,,1,70,,19674,35,4,,1,33,,19675,35,4,,1,70,,19676,35,4,,1,31,,19677,35,4,,1,68,,19678,35,4,,1,30,,19679,35,4,,1,66,,19680,35,4,,1,30,,19681,35,4,,1,66,,19682,35,4,,1,29,,19683,35,4,,1,70,,19684,35,4,,1,27,,19685,35,4,,1,69,,19686,35,4,,1,30,,19687,35,4,,1
8000,'SAT',2200,,19715,35,4,,1
8000,'SUN',2200,,19743,35,4,,1
8000,'NYE',632,,19744,35,4,,1,71,,19745,35,4,,1,33,,19746,35,4,,1,71,,19747,35,4,,1,31,,19748,35,4,,1,70,,19749,35,4,,1,29,,19750,35,4,,1,70,,19751,35,4,,1,31,,19752,35,4,,1,70,,19753,35,4,,1,30,,19754,35,4,,1,70,,19755,35,4,,1,30,,19756,35,4,,1,70,,19757,35,4,,1,30,,19758,35,4,,1,72,,19759,35,4,,1,31,,19760,35,4,,1,70,,19761,35,4,,1,33,,19762,35,4,,1,70,,19763,35,4,,1,31,,19764,35,4,,1,68,,19765,35,4,,1,30,,19766,35,4,,1,66,,19767,35,4,,1,30,,19768,35,4,,1,66,,19769,35,4,,1,29,,19770,35,4,,1,70,,19771,35,4,,1,27,,19772,35,4,,1,69,,19773,35,4,,1,30,,19774,35,4,,1,70,,19785,35,4,,1,30,,19775,35,4,,1,70,,19776,35,4,,1,30,,19777,35,4,,1,70,,19778,35,4,,1,30,,19779,35,4,,1,70,,19780,35,4,,1,30,,19781,35,4,,1,70,,19782,35,4,,1,30,,19783,35,4,,1,70,,19784,35,4,,1
8001,'WKDY',520,,19526,1,,,1,30,,19527,1,,,1,70,,19528,1,,,1,30,,19529,1,,,1,70,,19530,1,,,1,30,,19531,1,,,1,70,,19532,1,,,1,30,,19533,1,,,1,70,,19534,1,,,1,30,,19535,1,,,1,70,,19536,1,,,1,30,,19537,1,,,1,70,,19538,1,,,1,30,,19539,1,,,1,70,,19540,1,,,1,30,,19541,1,,,1,70,,19542,1,,,1,30,,19543,1,,,1,70,,19544,1,,,1,30,,19545,1,,,1,70,,19546,1,,,1,30,,19547,1,,,1,70,,19548,1,,,1,27,,19549,1,,,1,70,,19550,1,,,1,30,,19551,1,,,1,70,,19552,1,,,1,33,,19553,1,,,1,70,,19554,1,,,1,30,,19555,1,,,1,70,,19556,1,,,1,30,,19557,1,,,1
8001,'SAT',620,,19558,1,,,1,100,,19559,1,,,1,30,,19560,1,,,1,70,,19561,1,,,1,30,,19562,1,,,1,70,,19563,1,,,1,30,,19564,1,,,1,70,,19565,1,,,1,30,,19566,1,,,1,70,,19567,1,,,1,30,,19568,1,,,1,70,,19569,1,,,1,30,,19570,1,,,1,70,,19571,1,,,1,30,,19572,1,,,1,70,,19573,1,,,1,30,,19574,1,,,1,70,,19575,1,,,1,30,,19576,1,,,1,70,,19577,1,,,1,30,,19578,1,,,1,70,,19579,1,,,1,30,,19580,1,,,1,70,,19581,1,,,1,30,,19582,1,,,1,70,,19583,1,,,1,30,,19584,1,,,1,100,,19585,1,,,1
8001,'SUN',620,,19586,1,,,1,100,,19587,1,,,1,30,,19588,1,,,1,70,,19589,1,,,1,30,,19590,1,,,1,70,,19591,1,,,1,30,,19592,1,,,1,70,,19593,1,,,1,30,,19594,1,,,1,70,,19595,1,,,1,30,,19596,1,,,1,70,,19597,1,,,1,30,,19598,1,,,1,70,,19599,1,,,1,30,,19600,1,,,1,70,,19601,1,,,1,30,,19602,1,,,1,70,,19603,1,,,1,30,,19604,1,,,1,70,,19605,1,,,1,30,,19606,1,,,1,70,,19607,1,,,1,30,,19608,1,,,1,70,,19609,1,,,1,30,,19610,1,,,1,70,,19611,1,,,1,30,,19612,1,,,1,100,,19613,1,,,1
8001,'NYE',520,,19614,1,,,1,30,,19615,1,,,1,70,,19616,1,,,1,30,,19617,1,,,1,70,,19618,1,,,1,30,,19619,1,,,1,70,,19620,1,,,1,30,,19621,1,,,1,70,,19622,1,,,1,30,,19623,1,,,1,70,,19624,1,,,1,30,,19625,1,,,1,70,,19626,1,,,1,30,,19627,1,,,1,70,,19628,1,,,1,30,,19629,1,,,1,70,,19630,1,,,1,30,,19631,1,,,1,70,,19632,1,,,1,30,,19633,1,,,1,70,,19634,1,,,1,30,,19635,1,,,1,70,,19636,1,,,1,27,,19637,1,,,1,70,,19638,1,,,1,30,,19639,1,,,1,70,,19640,1,,,1,33,,19641,1,,,1,70,,19642,1,,,1,30,,19643,1,,,1,70,,19644,1,,,1,30,,19645,1,,,1,70,,19646,1,,,1,30,,19647,1,,,1,70,,19648,1,,,1,30,,19649,1,,,1,70,,19650,1,,,1,30,,19651,1,,,1,70,,19652,1,,,1,30,,19653,1,,,1,70,,19654,1,,,1,30,,19655,1,,,1,70,,19656,1,,,1
