6000,'WKDY/30',511,,17213,1,0,13,1,29,,17214,1,0,13,1,65,,17215,1,0,13,1,14,,17216,1,0,13,1,16,,17217,1,0,13,1,16,,17218,1,0,13,1,55,,17219,1,0,13,1,15,,17220,1,0,13,1,15,,17221,1,0,13,1,15,,17222,1,0,13,1,55,,17223,1,0,13,1,15,,17224,1,0,13,1,15,,17225,1,0,13,1,15,,17226,1,0,13,1,54,,17227,1,0,13,1,15,,17228,1,0,13,1,15,,17229,1,0,13,1,15,,17230,1,0,13,1,55,,17231,1,0,13,1,15,,17232,1,0,13,1,15,,17233,1,0,13,1,15,,17234,1,0,13,1,55,,17235,1,0,13,1,15,,17236,1,0,13,1,15,,17237,1,0,13,1,15,,17238,1,0,13,1,53,,17239,1,0,13,1,15,,17240,1,0,13,1,17,,17241,1,0,13,1,15,,17242,1,0,13,1,55,,17243,1,0,13,1,15,,17244,1,0,13,1,15,,17245,1,0,13,1,15,,17246,1,0,13,1,55,,17247,1,0,13,1,15,,17248,1,0,13,1,15,,17249,1,0,13,1,15,,17250,1,0,13,1,55,,17251,1,0,13,1,15,,17252,1,0,13,1,15,,17253,1,0,13,1,15,,17254,1,0,13,1,55,,17255,1,0,13,1,15,,17256,1,0,13,1,15,,17257,1,0,13,1,15,,17258,1,0,13,1,55,,17259,1,0,13,1,15,,17260,1,0,13,1,15,,17261,1,0,13,1,15,,17262,1,0,13,1,55,,17263,1,0,13,1,15,,17264,1,0,13,1,15,,17265,1,0,13,1,16,,17266,1,0,13,1,54,,17267,1,0,13,1,15,,17268,1,0,13,1,16,,17269,1,0,13,1,15,,17270,1,0,13,1,55,,17271,1,0,13,1,15,,17272,1,0,13,1,15,,17273,1,0,13,1,15,,17274,1,0,13,1,55,,17275,1,0,13,1,14,,17276,1,0,13,1,15,,17277,1,0,13,1,15,,17278,1,0,13,1,9,,17280,1,0,13,1,71,,17281,1,0,13,1,75,,17282,1,0,13,1,30,,17283,1,0,13,1,65,,17284,1,0,13,1,29,,17285,1,0,13,1
6000,'WKDY/31',511,,17287,1,0,13,1,29,,17288,1,0,13,1,65,,17289,1,0,13,1,14,,17290,1,0,13,1,16,,17291,1,0,13,1,16,,17292,1,0,13,1,55,,17293,1,0,13,1,15,,17294,1,0,13,1,15,,17295,1,0,13,1,15,,17296,1,0,13,1,55,,17297,1,0,13,1,15,,17298,1,0,13,1,15,,17299,1,0,13,1,15,,17300,1,0,13,1,54,,17301,1,0,13,1,15,,17302,1,0,13,1,15,,17303,1,0,13,1,15,,17304,1,0,13,1,55,,17305,1,0,13,1,15,,17306,1,0,13,1,15,,17307,1,0,13,1,15,,17308,1,0,13,1,55,,17309,1,0,13,1,15,,17310,1,0,13,1,15,,17311,1,0,13,1,15,,17312,1,0,13,1,53,,17313,1,,,1,15,,17314,1,,,1,12,,17315,1,,,1,16,,17316,1,,,1,55,,17317,1,,,1,15,,17318,1,,,1,16,,17319,1,,,1,14,,17320,1,,,1,54,,17321,1,,,1,13,,17322,1,,,1,17,,17323,1,,,1,13,,17324,1,,,1,16,,17325,1,,,1,56,,17326,1,,,1,14,,17327,1,,,1,15,,17328,1,,,1,14,,17329,1,,,1,56,,17330,1,,,1,16,,17331,1,,,1,14,,17332,1,,,1,56,,17333,1,,,1,15,,17334,1,,,1,15,,17335,1,,,1,16,,17336,1,,,1,57,,17337,1,,,1,13,,17338,1,,,1,14,,17339,1,,,1,21,,17340,1,,,1,54,,17341,1,,,1,15,,17342,1,,,1,16,,17343,1,,,1,15,,17344,1,,,1,55,,17345,1,,,1,15,,17346,1,,,1,15,,17347,1,,,1,15,,17348,1,,,1,55,,17349,1,,,1,14,,17350,1,,,1,15,,17351,1,,,1,15,,17352,1,,,1,9,,17354,1,,,1,71,,17355,1,,,1,29,,17356,1,,,1,71,,17357,1,,,1,70,,17358,1,,,1,29,,17359,1,,,1
6000,'SAT/30',641,,17361,1,0,13,1,70,,17362,1,0,13,1,30,,17363,1,0,13,1,70,,17364,1,0,13,1,31,,17365,1,0,13,1,69,,17366,1,0,13,1,30,,17367,1,0,13,1,9,,17368,1,0,13,1,55,,17369,1,0,13,1,15,,17370,1,0,13,1,15,,17371,1,0,13,1,15,,17372,1,0,13,1,55,,17373,1,0,13,1,15,,17374,1,0,13,1,9,,17375,1,0,13,1,14,,17376,1,0,13,1,62,,17377,1,0,13,1,10,,17378,1,0,13,1,15,,17379,1,0,13,1,15,,17380,1,0,13,1,55,,17381,1,0,13,1,15,,17382,1,0,13,1,15,,17383,1,0,13,1,15,,17384,1,0,13,1,55,,17385,1,0,13,1,15,,17386,1,0,13,1,15,,17387,1,0,13,1,15,,17388,1,0,13,1,55,,17389,1,0,13,1,15,,17390,1,0,13,1,15,,17391,1,0,13,1,15,,17392,1,0,13,1,55,,17393,1,0,13,1,15,,17394,1,0,13,1,15,,17395,1,0,13,1,15,,17396,1,0,13,1,55,,17397,1,0,13,1,15,,17398,1,0,13,1,15,,17399,1,0,13,1,15,,17400,1,0,13,1,55,,17401,1,0,13,1,15,,17402,1,0,13,1,15,,17403,1,0,13,1,15,,17404,1,0,13,1,55,,17405,1,0,13,1,15,,17406,1,0,13,1,15,,17407,1,0,13,1,15,,17408,1,0,13,1,55,,17409,1,0,13,1,15,,17410,1,0,13,1,15,,17411,1,0,13,1,15,,17412,1,0,13,1,55,,17413,1,0,13,1,15,,17414,1,0,13,1,15,,17415,1,0,13,1,15,,17416,1,0,13,1,12,,17418,1,0,13,1,84,,17419,1,0,13,1,71,,17420,1,0,13,1,29,,17421,1,0,13,1,71,,17423,1,0,13,1
6000,'SAT/31',641,,17424,1,0,13,1,70,,17425,1,0,13,1,30,,17426,1,0,13,1,70,,17427,1,0,13,1,31,,17428,1,0,13,1,69,,17429,1,0,13,1,30,,17430,1,0,13,1,9,,17431,1,0,13,1,55,,17432,1,0,13,1,15,,17433,1,0,13,1,15,,17434,1,0,13,1,15,,17435,1,0,13,1,55,,17436,1,0,13,1,15,,17437,1,0,13,1,9,,17438,1,0,13,1,14,,17439,1,0,13,1,62,,17440,1,,,1,10,,17441,1,,,1,15,,17442,1,,,1,15,,17443,1,,,1,55,,17444,1,,,1,15,,17445,1,,,1,15,,17446,1,,,1,15,,17447,1,,,1,55,,17448,1,,,1,15,,17449,1,,,1,15,,17450,1,,,1,15,,17451,1,,,1,55,,17452,1,,,1,15,,17453,1,,,1,15,,17454,1,,,1,15,,17455,1,,,1,55,,17456,1,,,1,15,,17457,1,,,1,15,,17458,1,,,1,15,,17459,1,,,1,55,,17460,1,,,1,15,,17461,1,,,1,15,,17462,1,,,1,15,,17463,1,,,1,55,,17464,1,,,1,15,,17465,1,,,1,15,,17466,1,,,1,15,,17467,1,,,1,55,,17468,1,,,1,15,,17469,1,,,1,15,,17470,1,,,1,15,,17471,1,,,1,55,,17472,1,,,1,15,,17473,1,,,1,15,,17474,1,,,1,15,,17475,1,,,1,55,,17476,1,,,1,15,,17477,1,,,1,15,,17478,1,,,1,15,,17479,1,,,1,12,,17481,1,,,1,66,,17482,1,,,1,30,,17483,1,,,1,88,,17484,1,,,1,71,,17486,1,,,1
6000,'SUN/30',641,,17487,1,0,13,1,70,,17488,1,0,13,1,30,,17489,1,0,13,1,70,,17490,1,0,13,1,31,,17491,1,0,13,1,69,,17492,1,0,13,1,30,,17493,1,0,13,1,9,,17494,1,0,13,1,55,,17495,1,0,13,1,15,,17496,1,0,13,1,15,,17497,1,0,13,1,15,,17498,1,0,13,1,55,,17499,1,0,13,1,15,,17500,1,0,13,1,9,,17501,1,0,13,1,14,,17502,1,0,13,1,62,,17503,1,0,13,1,10,,17504,1,0,13,1,15,,17505,1,0,13,1,15,,17506,1,0,13,1,55,,17507,1,0,13,1,15,,17508,1,0,13,1,15,,17509,1,0,13,1,15,,17510,1,0,13,1,55,,17511,1,0,13,1,15,,17512,1,0,13,1,15,,17513,1,0,13,1,15,,17514,1,0,13,1,55,,17515,1,0,13,1,15,,17516,1,0,13,1,15,,17517,1,0,13,1,15,,17518,1,0,13,1,55,,17519,1,0,13,1,15,,17520,1,0,13,1,15,,17521,1,0,13,1,15,,17522,1,0,13,1,55,,17523,1,0,13,1,15,,17524,1,0,13,1,15,,17525,1,0,13,1,15,,17526,1,0,13,1,55,,17527,1,0,13,1,15,,17528,1,0,13,1,15,,17529,1,0,13,1,15,,17530,1,0,13,1,55,,17531,1,0,13,1,15,,17532,1,0,13,1,15,,17533,1,0,13,1,15,,17534,1,0,13,1,55,,17535,1,0,13,1,15,,17536,1,0,13,1,15,,17537,1,0,13,1,15,,17538,1,0,13,1,55,,17539,1,0,13,1,15,,17540,1,0,13,1,15,,17541,1,0,13,1,15,,17543,1,0,13,1,12,,17544,1,0,13,1,84,,17545,1,0,13,1,71,,17546,1,0,13,1,29,,17547,1,0,13,1,71,,17548,1,0,13,1
6000,'SUN/31',641,,17550,1,0,13,1,70,,17551,1,0,13,1,30,,17552,1,0,13,1,70,,17553,1,0,13,1,31,,17554,1,0,13,1,69,,17555,1,0,13,1,30,,17556,1,0,13,1,9,,17557,1,0,13,1,55,,17558,1,0,13,1,15,,17559,1,0,13,1,15,,17560,1,0,13,1,15,,17561,1,0,13,1,55,,17562,1,0,13,1,15,,17563,1,0,13,1,9,,17564,1,0,13,1,14,,17565,1,0,13,1,62,,17566,1,,,1,10,,17567,1,,,1,15,,17568,1,,,1,15,,17569,1,,,1,55,,17570,1,,,1,15,,17571,1,,,1,15,,17572,1,,,1,15,,17573,1,,,1,55,,17574,1,,,1,15,,17575,1,,,1,15,,17576,1,,,1,15,,17577,1,,,1,55,,17578,1,,,1,15,,17579,1,,,1,15,,17580,1,,,1,15,,17581,1,,,1,55,,17582,1,,,1,15,,17583,1,,,1,15,,17584,1,,,1,15,,17585,1,,,1,55,,17586,1,,,1,15,,17587,1,,,1,15,,17588,1,,,1,15,,17589,1,,,1,55,,17590,1,,,1,15,,17591,1,,,1,15,,17592,1,,,1,15,,17593,1,,,1,55,,17594,1,,,1,15,,17595,1,,,1,15,,17596,1,,,1,15,,17597,1,,,1,55,,17598,1,,,1,15,,17599,1,,,1,15,,17600,1,,,1,15,,17601,1,,,1,55,,17602,1,,,1,15,,17603,1,,,1,15,,17604,1,,,1,15,,17605,1,,,1,12,,17607,1,,,1,66,,17608,1,,,1,30,,17609,1,,,1,88,,17610,1,,,1,71,,17612,1,,,1
6000,'NYE/31',511,,17613,1,0,13,1,29,,17614,1,0,13,1,65,,17615,1,0,13,1,14,,17616,1,0,13,1,16,,17617,1,0,13,1,16,,17618,1,0,13,1,55,,17619,1,0,13,1,15,,17620,1,0,13,1,15,,17621,1,0,13,1,15,,17622,1,0,13,1,55,,17623,1,0,13,1,15,,17624,1,0,13,1,15,,17625,1,0,13,1,15,,17626,1,0,13,1,54,,17627,1,0,13,1,15,,17628,1,0,13,1,15,,17629,1,0,13,1,15,,17630,1,0,13,1,55,,17631,1,0,13,1,15,,17632,1,0,13,1,15,,17633,1,0,13,1,15,,17634,1,0,13,1,55,,17635,1,0,13,1,15,,17636,1,0,13,1,15,,17637,1,0,13,1,15,,17638,1,0,13,1,53,,17639,1,,,1,15,,17640,1,,,1,12,,17641,1,,,1,16,,17642,1,,,1,55,,17643,1,,,1,15,,17644,1,,,1,16,,17645,1,,,1,14,,17646,1,,,1,54,,17647,1,,,1,13,,17648,1,,,1,17,,17649,1,,,1,13,,17650,1,,,1,16,,17651,1,,,1,56,,17652,1,,,1,14,,17653,1,,,1,15,,17654,1,,,1,14,,17655,1,,,1,56,,17656,1,,,1,16,,17657,1,,,1,14,,17658,1,,,1,56,,17659,1,,,1,15,,17660,1,,,1,15,,17661,1,,,1,16,,17662,1,,,1,57,,17663,1,,,1,13,,17664,1,,,1,14,,17665,1,,,1,21,,17666,1,,,1,54,,17667,1,,,1,15,,17668,1,,,1,16,,17669,1,,,1,15,,17670,1,,,1,55,,17671,1,,,1,15,,17672,1,,,1,15,,17673,1,,,1,15,,17674,1,,,1,55,,17675,1,,,1,14,,17676,1,,,1,15,,17677,1,,,1,15,,17678,1,,,1,9,,17680,1,,,1,71,,17681,1,,,1,29,,17682,1,,,1,71,,17683,1,,,1,70,,17684,1,,,1,29,,17685,1,,,1,74,,17686,1,,,1,30,,17687,1,,,1,70,,17688,1,,,1,30,,17689,1,,,1
6001,'WKDY/30',500,,17691,4,4,,1,29,,17692,4,4,,1,29,,17693,4,4,,1,53,,17694,4,4,,1,13,,17695,4,4,,1,14,,17696,4,4,,1,18,,17697,4,4,,1,56,,17698,4,4,,1,16,,17699,4,4,,1,15,,17700,4,4,,1,16,,17701,4,4,,1,55,,17702,4,4,,1,15,,17703,4,4,,1,12,,17704,4,4,,1,15,,17705,4,4,,1,55,,17706,4,4,,1,14,,17707,4,4,,1,15,,17708,4,4,,1,15,,17709,4,4,,1,55,,17710,4,4,,1,16,,17711,4,4,,1,15,,17712,4,4,,1,16,,17713,4,4,,1,55,,17714,4,4,,1,15,,17715,4,4,,1,15,,17716,4,4,,1,15,,17717,4,4,,1,55,,17718,4,4,,1,13,,17719,4,4,,1,15,,17720,4,4,,1,17,,17721,4,4,,1,55,,17722,4,4,,1,15,,17723,4,4,,1,15,,17724,4,4,,1,15,,17725,4,4,,1,55,,17726,4,4,,1,15,,17727,4,4,,1,15,,17728,4,4,,1,15,,17729,4,4,,1,55,,17730,4,4,,1,15,,17731,4,4,,1,15,,17732,4,4,,1,15,,17733,4,4,,1,55,,17734,4,4,,1,15,,17735,4,4,,1,15,,17736,4,4,,1,15,,17737,4,4,,1,55,,17738,4,4,,1,15,,17739,4,4,,1,15,,17740,4,4,,1,15,,17741,4,4,,1,55,,17742,4,4,,1,15,,17743,4,4,,1,15,,17744,4,4,,1,15,,17745,4,4,,1,56,,17746,4,4,,1,14,,17747,4,4,,1,15,,17748,4,4,,1,16,,17749,4,4,,1,55,,17750,4,4,,1,15,,17751,4,4,,1,15,,17752,4,4,,1,15,,17753,4,4,,1,55,,17754,4,4,,1,15,,17755,4,4,,1,14,,17756,4,4,,1,15,,17757,4,4,,1,64,,17758,4,4,,1,31,,17759,4,4,,1,75,,17760,4,4,,1,30,,17761,4,4,,1,65,,17762,4,4,,1
6001,'WKDY/31',500,,17763,4,4,,1,29,,17764,4,4,,1,29,,17765,4,4,,1,53,,17766,4,4,,1,13,,17767,4,4,,1,14,,17768,4,4,,1,18,,17769,4,4,,1,56,,17770,4,4,,1,16,,17771,4,4,,1,15,,17772,4,4,,1,16,,17773,4,4,,1,55,,17774,4,4,,1,15,,17775,4,4,,1,12,,17776,4,4,,1,15,,17777,4,4,,1,55,,17778,4,4,,1,14,,17779,4,4,,1,15,,17780,4,4,,1,15,,17781,4,4,,1,55,,17782,4,4,,1,16,,17783,4,4,,1,15,,17784,4,4,,1,16,,17785,4,4,,1,55,,17786,4,4,,1,15,,17787,4,4,,1,15,,17788,4,4,,1,61,,17789,6,4,,1,15,,17790,6,4,,1,9,,17791,6,4,,1,15,,17792,6,4,,1,12,,17793,6,4,,1,59,,17794,6,4,,1,15,,17795,6,4,,1,15,,17796,6,4,,1,16,,17797,6,4,,1,55,,17798,6,4,,1,14,,17799,6,4,,1,16,,17800,6,4,,1,57,,17801,6,4,,1,15,,17802,6,4,,1,16,,17803,6,4,,1,16,,17804,6,4,,1,54,,17805,6,4,,1,15,,17806,6,4,,1,14,,17807,6,4,,1,16,,17808,6,4,,1,56,,17809,6,4,,1,14,,17810,6,4,,1,16,,17811,6,4,,1,15,,17812,6,4,,1,55,,17813,6,4,,1,15,,17814,6,4,,1,15,,17815,6,4,,1,12,,17816,6,4,,1,14,,17817,6,4,,1,54,,17818,6,4,,1,13,,17819,6,4,,1,15,,17820,6,4,,1,15,,17821,6,4,,1,55,,17822,6,4,,1,15,,17823,6,4,,1,15,,17824,6,4,,1,15,,17825,6,4,,1,55,,17826,6,4,,1,15,,17827,6,4,,1,14,,17828,6,4,,1,15,,17829,6,4,,1,64,,17830,6,4,,1,31,,17831,6,4,,1,69,,17832,6,4,,1,30,,17833,6,4,,1,69,,17834,6,4,,1
6001,'SAT/30',624,,17835,4,4,,1,77,,17836,4,4,,1,30,,17837,4,4,,1,70,,17838,4,4,,1,30,,17839,4,4,,1,71,,17840,4,4,,1,29,,17841,4,4,,1,9,,17842,4,4,,1,61,,17843,4,4,,1,9,,17844,4,4,,1,15,,17845,4,4,,1,16,,17846,4,4,,1,16,,17847,4,4,,1,55,,17848,4,4,,1,15,,17849,4,4,,1,15,,17850,4,4,,1,10,,17851,4,4,,1,54,,17852,4,4,,1,22,,17853,4,4,,1,10,,17854,4,4,,1,15,,17855,4,4,,1,55,,17856,4,4,,1,15,,17857,4,4,,1,15,,17858,4,4,,1,15,,17859,4,4,,1,55,,17860,4,4,,1,15,,17861,4,4,,1,15,,17862,4,4,,1,15,,17863,4,4,,1,55,,17864,4,4,,1,15,,17865,4,4,,1,15,,17866,4,4,,1,15,,17867,4,4,,1,55,,17868,4,4,,1,15,,17869,4,4,,1,15,,17870,4,4,,1,15,,17871,4,4,,1,55,,17872,4,4,,1,15,,17873,4,4,,1,15,,17874,4,4,,1,15,,17875,4,4,,1,55,,17876,4,4,,1,15,,17877,4,4,,1,15,,17878,4,4,,1,15,,17879,4,4,,1,55,,17880,4,4,,1,15,,17881,4,4,,1,15,,17882,4,4,,1,15,,17883,4,4,,1,55,,17884,4,4,,1,15,,17885,4,4,,1,15,,17886,4,4,,1,15,,17887,4,4,,1,55,,17888,4,4,,1,15,,17889,4,4,,1,15,,17890,4,4,,1,15,,17891,4,4,,1,67,,17892,4,4,,1,84,,17893,4,4,,1,31,,17894,4,4,,1,69,,17895,4,4,,1
6001,'SAT/31',624,,17896,4,4,,1,77,,17897,4,4,,1,30,,17898,4,4,,1,70,,17899,4,4,,1,30,,17900,4,4,,1,71,,17901,4,4,,1,29,,17902,4,4,,1,9,,17903,4,4,,1,61,,17904,4,4,,1,9,,17905,4,4,,1,15,,17906,4,4,,1,16,,17907,4,4,,1,16,,17908,4,4,,1,55,,17909,4,4,,1,15,,17910,4,4,,1,15,,17911,4,4,,1,17,,17912,6,4,,1,55,,17913,6,4,,1,17,,17914,6,4,,1,11,,17915,6,4,,1,15,,17916,6,4,,1,57,,17917,6,4,,1,16,,17918,6,4,,1,15,,17919,6,4,,1,55,,17920,6,4,,1,16,,17921,6,4,,1,15,,17922,6,4,,1,14,,17923,6,4,,1,55,,17924,6,4,,1,16,,17925,6,4,,1,15,,17926,6,4,,1,15,,17927,6,4,,1,56,,17928,6,4,,1,14,,17929,6,4,,1,14,,17930,6,4,,1,13,,17931,6,4,,1,14,,17932,6,4,,1,55,,17933,6,4,,1,15,,17934,6,4,,1,15,,17935,6,4,,1,15,,17936,6,4,,1,55,,17937,6,4,,1,14,,17938,6,4,,1,15,,17939,6,4,,1,15,,17940,6,4,,1,52,,17941,6,4,,1,15,,17942,6,4,,1,12,,17943,6,4,,1,15,,17944,6,4,,1,55,,17945,6,4,,1,15,,17946,6,4,,1,15,,17947,6,4,,1,14,,17948,6,4,,1,55,,17949,6,4,,1,15,,17950,6,4,,1,15,,17951,6,4,,1,15,,17952,6,4,,1,67,,17953,6,4,,1,26,,17954,6,4,,1,70,,17955,6,4,,1,88,,17956,6,4,,1
6001,'SUN/30',624,,17957,4,4,,1,77,,17958,4,4,,1,30,,17959,4,4,,1,70,,17960,4,4,,1,30,,17961,4,4,,1,71,,17962,4,4,,1,29,,17963,4,4,,1,9,,17964,4,4,,1,61,,17965,4,4,,1,9,,17966,4,4,,1,15,,17967,4,4,,1,16,,17968,4,4,,1,16,,17969,4,4,,1,55,,17970,4,4,,1,15,,17971,4,4,,1,15,,17972,4,4,,1,10,,17973,4,4,,1,54,,17974,4,4,,1,22,,17975,4,4,,1,10,,17976,4,4,,1,15,,17977,4,4,,1,55,,17978,4,4,,1,15,,17979,4,4,,1,15,,17980,4,4,,1,15,,17981,4,4,,1,55,,17982,4,4,,1,15,,17983,4,4,,1,15,,17984,4,4,,1,15,,17985,4,4,,1,55,,17986,4,4,,1,15,,17987,4,4,,1,15,,17988,4,4,,1,15,,17989,4,4,,1,55,,17990,4,4,,1,15,,17991,4,4,,1,15,,17992,4,4,,1,15,,17993,4,4,,1,55,,17994,4,4,,1,15,,17995,4,4,,1,15,,17996,4,4,,1,15,,17997,4,4,,1,55,,17998,4,4,,1,15,,17999,4,4,,1,15,,18000,4,4,,1,15,,18001,4,4,,1,55,,18002,4,4,,1,15,,18003,4,4,,1,15,,18004,4,4,,1,15,,18005,4,4,,1,55,,18006,4,4,,1,15,,18007,4,4,,1,15,,18008,4,4,,1,15,,18009,4,4,,1,55,,18010,4,4,,1,15,,18011,4,4,,1,15,,18012,4,4,,1,15,,18013,4,4,,1,67,,18014,4,4,,1,84,,18015,4,4,,1,31,,18016,4,4,,1,69,,18017,4,4,,1
6001,'SUN/31',624,,18018,4,4,,1,77,,18019,4,4,,1,30,,18020,4,4,,1,70,,18021,4,4,,1,30,,18022,4,4,,1,71,,18023,4,4,,1,29,,18024,4,4,,1,9,,18025,4,4,,1,61,,18026,4,4,,1,9,,18027,4,4,,1,15,,18028,4,4,,1,16,,18029,4,4,,1,16,,18030,4,4,,1,55,,18031,4,4,,1,15,,18032,4,4,,1,15,,18033,4,4,,1,17,,18034,6,4,,1,55,,18035,6,4,,1,17,,18036,6,4,,1,11,,18037,6,4,,1,15,,18038,6,4,,1,57,,18039,6,4,,1,16,,18040,6,4,,1,15,,18041,6,4,,1,55,,18042,6,4,,1,16,,18043,6,4,,1,15,,18044,6,4,,1,14,,18045,6,4,,1,55,,18046,6,4,,1,16,,18047,6,4,,1,15,,18048,6,4,,1,15,,18049,6,4,,1,56,,18050,6,4,,1,14,,18051,6,4,,1,14,,18052,6,4,,1,13,,18053,6,4,,1,14,,18054,6,4,,1,55,,18055,6,4,,1,15,,18056,6,4,,1,15,,18057,6,4,,1,15,,18058,6,4,,1,55,,18059,6,4,,1,14,,18060,6,4,,1,15,,18061,6,4,,1,15,,18062,6,4,,1,52,,18063,6,4,,1,15,,18064,6,4,,1,12,,18065,6,4,,1,15,,18066,6,4,,1,55,,18067,6,4,,1,15,,18068,6,4,,1,15,,18069,6,4,,1,14,,18070,6,4,,1,55,,18071,6,4,,1,15,,18072,6,4,,1,15,,18073,6,4,,1,15,,18074,6,4,,1,67,,18075,6,4,,1,26,,18076,6,4,,1,70,,18077,6,4,,1,88,,18078,6,4,,1
6001,'NYE/31',500,,18079,4,4,,1,29,,18080,4,4,,1,29,,18081,4,4,,1,53,,18082,4,4,,1,13,,18083,4,4,,1,14,,18084,4,4,,1,18,,18085,4,4,,1,56,,18086,4,4,,1,16,,18087,4,4,,1,15,,18088,4,4,,1,16,,18089,4,4,,1,55,,18090,4,4,,1,15,,18091,4,4,,1,12,,18092,4,4,,1,15,,18093,4,4,,1,55,,18094,4,4,,1,14,,18095,4,4,,1,15,,18096,4,4,,1,15,,18097,4,4,,1,55,,18098,4,4,,1,16,,18099,4,4,,1,15,,18100,4,4,,1,16,,18101,4,4,,1,55,,18102,4,4,,1,15,,18103,4,4,,1,15,,18104,4,4,,1,61,,18105,6,4,,1,15,,18106,6,4,,1,9,,18107,6,4,,1,15,,18108,6,4,,1,12,,18109,6,4,,1,59,,18110,6,4,,1,15,,18111,6,4,,1,15,,18112,6,4,,1,16,,18113,6,4,,1,55,,18114,6,4,,1,14,,18115,6,4,,1,16,,18116,6,4,,1,57,,18117,6,4,,1,15,,18118,6,4,,1,16,,18119,6,4,,1,16,,18120,6,4,,1,54,,18121,6,4,,1,15,,18122,6,4,,1,14,,18123,6,4,,1,16,,18124,6,4,,1,56,,18125,6,4,,1,14,,18126,6,4,,1,16,,18127,6,4,,1,15,,18128,6,4,,1,55,,18129,6,4,,1,15,,18130,6,4,,1,15,,18131,6,4,,1,12,,18132,6,4,,1,14,,18133,6,4,,1,54,,18134,6,4,,1,13,,18135,6,4,,1,15,,18136,6,4,,1,15,,18137,6,4,,1,55,,18138,6,4,,1,15,,18139,6,4,,1,15,,18140,6,4,,1,15,,18141,6,4,,1,55,,18142,6,4,,1,15,,18143,6,4,,1,14,,18144,6,4,,1,15,,18145,6,4,,1,64,,18146,6,4,,1,31,,18147,6,4,,1,69,,18148,6,4,,1,30,,18149,6,4,,1,69,,18150,6,4,,1,29,,18151,6,4,,1,74,,18152,6,4,,1,30,,18153,6,4,,1,70,,18154,6,4,,1
50000,'WKDY/30',505,,20223,1,,,1,25,,20224,1,,,1,100,,20225,1,,,1,75,,20226,1,,,1,30,,20227,1,,,1,65,,20228,1,,,1,30,,20229,1,,,1,85,,20230,1,,,1,100,,20231,1,,,1,100,,20232,1,,,1,100,,20233,1,,,1,100,,20234,1,,,1,100,,20235,1,,,1,100,,20236,1,,,1,85,,20237,1,,,1,30,,20238,1,,,1,85,,20239,1,,,1,30,,20240,1,,,1,70,,20241,1,,,1,100,,20242,1,,,1,100,,20243,1,,,1
50001,'WKDY/30',500,,20244,7,4,,1,30,,20245,7,4,,1,100,,20246,7,4,,1,70,,20247,7,4,,1,30,,20248,7,4,,1,70,,20249,7,4,,1,30,,20250,7,4,,1,85,,20251,7,4,,1,100,,20252,7,4,,1,100,,20253,7,4,,1,100,,20254,7,4,,1,100,,20255,7,4,,1,100,,20256,7,4,,1,100,,20257,7,4,,1,85,,20258,7,4,,1,30,,20259,7,4,,1,85,,20260,7,4,,1,30,,20261,7,4,,1,70,,20262,7,4,,1,100,,20263,7,4,,1,100,,20264,7,4,,1
