700,'WKDY',552,,14423,11,,,1,172,,14424,11,,,1,34,,14425,11,,,1,100,,14426,11,,,1,70,,14427,11,,,1,100,,14428,11,,,1,30,,14429,11,,,1,100,,14430,11,,,1,70,,14431,11,,,1,100,,14432,11,,,1,30,,14433,11,,,1,101,,14434,11,,,1,70,,14435,11,,,1,100,,14436,11,,,1,30,,14437,11,,,1,100,,14438,11,,,1,69,,14439,11,,,1,100,,14440,11,,,1,100,,14441,11,,,1,98,,14442,11,,,1
700,'WKDY/30',655,,14405,11,,,1,173,,14406,11,,,1,130,,14407,11,,,1,170,,14408,11,,,1,130,,14409,11,,,1,171,,14410,11,,,1,130,,14411,11,,,1,170,,14412,11,,,1,129,,14413,11,,,1
700,'WKDY/31',655,,14414,11,,,1,173,,14415,11,,,1,130,,14416,11,,,1,170,,14417,11,,,1,130,,14418,11,,,1,171,,14419,11,,,1,130,,14420,11,,,1,170,,14421,11,,,1,129,,14422,11,,,1
700,'SAT',656,,14443,11,,,1,100,,14444,11,,,1,101,,14445,11,,,1,100,,14446,11,,,1,100,,14447,11,,,1,102,,14448,11,,,1,100,,14449,11,,,1,100,,14450,11,,,1,100,,14451,11,,,1,100,,14452,11,,,1,100,,14453,11,,,1,98,,14454,11,,,1,100,,14455,11,,,1,100,,14456,11,,,1,100,,14457,11,,,1
700,'SUN',656,,14458,11,,,1,100,,14459,11,,,1,101,,14460,11,,,1,100,,14461,11,,,1,100,,14462,11,,,1,102,,14463,11,,,1,100,,14464,11,,,1,100,,14465,11,,,1,100,,14466,11,,,1,100,,14467,11,,,1,100,,14468,11,,,1,98,,14469,11,,,1,100,,14470,11,,,1,100,,14471,11,,,1,100,,14472,11,,,1
700,'NYE',552,,14473,11,,,1,172,,14474,11,,,1,34,,14475,11,,,1,100,,14476,11,,,1,70,,14477,11,,,1,100,,14478,11,,,1,30,,14479,11,,,1,100,,14480,11,,,1,70,,14481,11,,,1,100,,14482,11,,,1,30,,14483,11,,,1,101,,14484,11,,,1,70,,14485,11,,,1,100,,14486,11,,,1,30,,14487,11,,,1,100,,14488,11,,,1,69,,14489,11,,,1,100,,14490,11,,,1,100,,14491,11,,,1,98,,14492,11,,,1
700,'NYE/31',655,,14493,11,,,1,173,,14494,11,,,1,130,,14495,11,,,1,170,,14496,11,,,1,130,,14497,11,,,1,171,,14498,11,,,1,130,,14499,11,,,1,170,,14500,11,,,1,129,,14501,11,,,1
7201,'WKDY',510,,19072,15,,,1,90,,19073,15,,,1,30,,19074,15,,,1,70,,19075,15,,,1,31,,19076,15,,,1,70,,19077,15,,,1,100,,19078,15,,,1,30,,19079,15,,,1,70,,19080,15,,,1,30,,19081,15,,,1,100,,19082,15,,,1,70,,19083,15,,,1,30,,19084,15,,,1,70,,19085,15,,,1,100,,19086,15,,,1,30,,19087,15,,,1,70,,19088,15,,,1,31,,19089,15,,,1,100,,19090,15,,,1,70,,19091,15,,,1,30,,19092,15,,,1,69,,19093,15,,,1,100,,19094,15,,,1,99,,19095,15,,,1,110,,19096,15,,,1
7201,'WKDY/30',831,,19062,15,,,1,270,,19063,15,,,1,230,,19064,15,,,1,271,,19065,15,,,1,229,,19066,15,,,1
7201,'WKDY/31',831,,19067,15,,,1,270,,19068,15,,,1,230,,19069,15,,,1,271,,19070,15,,,1,229,,19071,15,,,1
7201,'SAT',732,,19097,15,,,1,100,,19098,15,,,1,101,,19099,15,,,1,100,,19100,15,,,1,100,,19101,15,,,1,100,,19102,15,,,1,101,,19103,15,,,1,100,,19104,15,,,1,100,,19105,15,,,1,100,,19106,15,,,1,100,,19107,15,,,1,100,,19108,15,,,1,99,,19109,15,,,1
7201,'SUN',732,,19110,15,,,1,100,,19111,15,,,1,101,,19112,15,,,1,100,,19113,15,,,1,100,,19114,15,,,1,100,,19115,15,,,1,101,,19116,15,,,1,100,,19117,15,,,1,100,,19118,15,,,1,100,,19119,15,,,1,100,,19120,15,,,1,100,,19121,15,,,1,99,,19122,15,,,1
7201,'NYE',510,,19123,15,,,1,90,,19124,15,,,1,30,,19125,15,,,1,70,,19126,15,,,1,31,,19127,15,,,1,70,,19128,15,,,1,100,,19129,15,,,1,30,,19130,15,,,1,70,,19131,15,,,1,30,,19132,15,,,1,100,,19133,15,,,1,70,,19134,15,,,1,30,,19135,15,,,1,70,,19136,15,,,1,100,,19137,15,,,1,30,,19138,15,,,1,70,,19139,15,,,1,31,,19140,15,,,1,100,,19141,15,,,1,70,,19142,15,,,1,30,,19143,15,,,1,69,,19144,15,,,1,100,,19145,15,,,1,99,,19146,15,,,1,110,,19147,15,,,1
7201,'NYE/31',831,,19148,15,,,1,270,,19149,15,,,1,230,,19150,15,,,1,271,,19151,15,,,1,229,,19152,15,,,1
