5000,'WKDY',449,,16067,1,,,1,70,,16068,1,,,1,15,,16069,1,,,1,15,,16070,1,,,1,56,,16071,1,,,1,15,,16072,1,,,1,16,,16073,1,,,1,15,,16074,1,,,1,56,,16075,1,,,1,15,,16076,1,,,1,16,,16077,1,,,1,13,,16078,1,,,1,52,,16079,1,,,1,12,,16080,1,,,1,12,,16081,1,,,1,13,,16082,1,,,1,12,,16083,1,,,1,52,,16084,1,,,1,12,,16085,1,,,1,12,,16086,1,,,1,11,,16087,1,,,1,11,,16088,1,,,1,52,,16089,1,,,1,11,,16090,1,,,1,11,,16091,1,,,1,11,,16092,1,,,1,11,,16093,1,,,1,11,,16094,1,,,1,51,,16095,1,,,1,11,,16096,1,,,1,11,,16097,1,,,1,11,,16098,1,,,1,11,,16099,1,,,1,51,,16100,1,,,1,12,,16101,1,,,1,11,,16102,1,,,1,11,,16103,1,,,1,11,,16104,1,,,1,11,,16105,1,,,1,51,,16106,1,,,1,11,,16107,1,,,1,11,,16108,1,,,1,11,,16109,1,,,1,11,,16110,1,,,1,51,,16111,1,,,1,11,,16112,1,,,1,11,,16113,1,,,1,11,,16114,1,,,1,11,,16115,1,,,1,52,,16116,1,,,1,11,,16117,1,,,1,11,,16118,1,,,1,11,,16119,1,,,1,11,,16120,1,,,1,11,,16121,1,,,1,51,,16122,1,,,1,11,,16123,1,,,1,11,,16124,1,,,1,12,,16125,1,,,1,12,,16126,1,,,1,52,,16127,1,,,1,12,,16128,1,,,1,12,,16129,1,,,1,12,,16130,1,,,1,12,,16131,1,,,1,52,,16132,1,,,1,11,,16133,1,,,1,12,,16134,1,,,1,10,,16135,1,,,1,12,,16136,1,,,1,52,,16137,1,,,1,12,,16138,1,,,1,12,,16139,1,,,1,15,,16140,1,,,1,15,,16141,1,,,1,55,,16142,1,,,1,14,,16143,1,,,1,15,,16144,1,,,1,15,,16145,1,,,1,55,,16146,1,,,1,13,,16147,1,,,1,15,,16148,1,,,1,15,,16149,1,,,1,55,,16150,1,,,1,30,,16151,1,,,1,70,,16152,1,,,1,29,,16153,1,,,1,103,,16154,1,,,1
5000,'SAT',617,,16155,1,,,1,30,,16156,1,,,1,70,,16157,1,,,1,30,,16158,1,,,1,71,,16159,1,,,1,30,,16160,1,,,1,70,,16161,1,,,1,15,,16162,1,,,1,15,,16163,1,,,1,55,,16164,1,,,1,15,,16165,1,,,1,16,,16166,1,,,1,15,,16167,1,,,1,55,,16168,1,,,1,15,,16169,1,,,1,15,,16170,1,,,1,15,,16171,1,,,1,55,,16172,1,,,1,8,,16173,1,,,1,11,,16174,1,,,1,16,,16175,1,,,1,15,,16176,1,,,1,54,,16177,1,,,1,15,,16178,1,,,1,15,,16179,1,,,1,16,,16180,1,,,1,55,,16181,1,,,1,15,,16182,1,,,1,14,,16183,1,,,1,17,,16184,1,,,1,55,,16185,1,,,1,15,,16186,1,,,1,15,,16187,1,,,1,15,,16188,1,,,1,55,,16189,1,,,1,15,,16190,1,,,1,14,,16191,1,,,1,15,,16192,1,,,1,55,,16193,1,,,1,15,,16194,1,,,1,14,,16195,1,,,1,16,,16196,1,,,1,55,,16197,1,,,1,14,,16198,1,,,1,15,,16199,1,,,1,13,,16200,1,,,1,55,,16201,1,,,1,16,,16202,1,,,1,15,,16203,1,,,1,15,,16204,1,,,1,55,,16205,1,,,1,15,,16206,1,,,1,15,,16207,1,,,1,15,,16208,1,,,1,55,,16209,1,,,1,15,,16210,1,,,1,15,,16211,1,,,1,16,,16212,1,,,1,57,,16213,1,,,1,30,,16214,1,,,1,70,,16215,1,,,1,30,,16216,1,,,1,70,,16217,1,,,1
5000,'SUN',617,,16218,1,,,1,30,,16219,1,,,1,70,,16220,1,,,1,30,,16221,1,,,1,71,,16222,1,,,1,30,,16223,1,,,1,70,,16224,1,,,1,15,,16225,1,,,1,15,,16226,1,,,1,55,,16227,1,,,1,15,,16228,1,,,1,16,,16229,1,,,1,15,,16230,1,,,1,55,,16231,1,,,1,15,,16232,1,,,1,15,,16233,1,,,1,15,,16234,1,,,1,55,,16235,1,,,1,8,,16236,1,,,1,11,,16237,1,,,1,16,,16238,1,,,1,15,,16239,1,,,1,54,,16240,1,,,1,15,,16241,1,,,1,15,,16242,1,,,1,16,,16243,1,,,1,55,,16244,1,,,1,15,,16245,1,,,1,14,,16246,1,,,1,17,,16247,1,,,1,55,,16248,1,,,1,15,,16249,1,,,1,15,,16250,1,,,1,15,,16251,1,,,1,55,,16252,1,,,1,15,,16253,1,,,1,14,,16254,1,,,1,15,,16255,1,,,1,55,,16256,1,,,1,15,,16257,1,,,1,14,,16258,1,,,1,16,,16259,1,,,1,55,,16260,1,,,1,14,,16261,1,,,1,15,,16262,1,,,1,13,,16263,1,,,1,55,,16264,1,,,1,16,,16265,1,,,1,15,,16266,1,,,1,15,,16267,1,,,1,55,,16268,1,,,1,15,,16269,1,,,1,15,,16270,1,,,1,15,,16271,1,,,1,55,,16272,1,,,1,15,,16273,1,,,1,15,,16274,1,,,1,16,,16275,1,,,1,57,,16276,1,,,1,30,,16277,1,,,1,70,,16278,1,,,1,30,,16279,1,,,1,70,,16280,1,,,1
5000,'NYE',449,,16281,1,,,1,70,,16282,1,,,1,15,,16283,1,,,1,15,,16284,1,,,1,56,,16285,1,,,1,15,,16286,1,,,1,16,,16287,1,,,1,15,,16288,1,,,1,56,,16289,1,,,1,15,,16290,1,,,1,16,,16291,1,,,1,13,,16292,1,,,1,52,,16293,1,,,1,12,,16294,1,,,1,12,,16295,1,,,1,13,,16296,1,,,1,12,,16297,1,,,1,52,,16298,1,,,1,12,,16299,1,,,1,12,,16300,1,,,1,11,,16301,1,,,1,11,,16302,1,,,1,52,,16303,1,,,1,11,,16304,1,,,1,11,,16305,1,,,1,11,,16306,1,,,1,11,,16307,1,,,1,11,,16308,1,,,1,51,,16309,1,,,1,11,,16310,1,,,1,11,,16311,1,,,1,11,,16312,1,,,1,11,,16313,1,,,1,51,,16314,1,,,1,12,,16315,1,,,1,11,,16316,1,,,1,11,,16317,1,,,1,11,,16318,1,,,1,11,,16319,1,,,1,51,,16320,1,,,1,11,,16321,1,,,1,11,,16322,1,,,1,11,,16323,1,,,1,11,,16324,1,,,1,51,,16325,1,,,1,11,,16326,1,,,1,11,,16327,1,,,1,11,,16328,1,,,1,11,,16329,1,,,1,52,,16330,1,,,1,11,,16331,1,,,1,11,,16332,1,,,1,11,,16333,1,,,1,11,,16334,1,,,1,11,,16335,1,,,1,51,,16336,1,,,1,11,,16337,1,,,1,11,,16338,1,,,1,12,,16339,1,,,1,12,,16340,1,,,1,52,,16341,1,,,1,12,,16342,1,,,1,12,,16343,1,,,1,12,,16344,1,,,1,12,,16345,1,,,1,52,,16346,1,,,1,11,,16347,1,,,1,12,,16348,1,,,1,10,,16349,1,,,1,12,,16350,1,,,1,52,,16351,1,,,1,12,,16352,1,,,1,12,,16353,1,,,1,15,,16354,1,,,1,15,,16355,1,,,1,55,,16356,1,,,1,14,,16357,1,,,1,15,,16358,1,,,1,15,,16359,1,,,1,55,,16360,1,,,1,13,,16361,1,,,1,15,,16362,1,,,1,15,,16363,1,,,1,55,,16364,1,,,1,30,,16365,1,,,1,70,,16366,1,,,1,29,,16367,1,,,1,73,,16373,1,,,1,30,,16368,1,,,1,70,,16369,1,,,1,30,,16370,1,,,1,70,,16371,1,,,1,30,,16372,1,,,1
5001,'WKDY',449,,16374,18,4,,1,70,,16375,18,4,,1,15,,16376,18,4,,1,15,,16377,18,4,,1,56,,16378,18,4,,1,15,,16379,18,4,,1,16,,16380,18,4,,1,15,,16381,18,4,,1,56,,16382,18,4,,1,15,,16383,18,4,,1,16,,16384,18,4,,1,13,,16385,18,4,,1,52,,16386,18,4,,1,12,,16387,18,4,,1,12,,16388,18,4,,1,13,,16389,18,4,,1,12,,16390,18,4,,1,52,,16391,18,4,,1,12,,16392,18,4,,1,12,,16393,18,4,,1,11,,16394,18,4,,1,11,,16395,18,4,,1,52,,16396,18,4,,1,11,,16397,18,4,,1,11,,16398,18,4,,1,11,,16399,18,4,,1,11,,16400,18,4,,1,11,,16401,18,4,,1,51,,16402,18,4,,1,11,,16403,18,4,,1,11,,16404,18,4,,1,11,,16405,18,4,,1,11,,16406,18,4,,1,51,,16407,18,4,,1,12,,16408,18,4,,1,11,,16409,18,4,,1,11,,16410,18,4,,1,11,,16411,18,4,,1,11,,16412,18,4,,1,51,,16413,18,4,,1,11,,16414,18,4,,1,11,,16415,18,4,,1,11,,16416,18,4,,1,11,,16417,18,4,,1,51,,16418,18,4,,1,11,,16419,18,4,,1,11,,16420,18,4,,1,11,,16421,18,4,,1,11,,16422,18,4,,1,52,,16423,18,4,,1,11,,16424,18,4,,1,11,,16425,18,4,,1,11,,16426,18,4,,1,11,,16427,18,4,,1,11,,16428,18,4,,1,51,,16429,18,4,,1,11,,16430,18,4,,1,11,,16431,18,4,,1,12,,16432,18,4,,1,12,,16433,18,4,,1,52,,16434,18,4,,1,12,,16435,18,4,,1,12,,16436,18,4,,1,12,,16437,18,4,,1,12,,16438,18,4,,1,52,,16439,18,4,,1,11,,16440,18,4,,1,12,,16441,18,4,,1,10,,16442,18,4,,1,12,,16443,18,4,,1,52,,16444,18,4,,1,12,,16445,18,4,,1,12,,16446,18,4,,1,15,,16447,18,4,,1,15,,16448,18,4,,1,55,,16449,18,4,,1,14,,16450,18,4,,1,15,,16451,18,4,,1,15,,16452,18,4,,1,55,,16453,18,4,,1,13,,16454,18,4,,1,15,,16455,18,4,,1,15,,16456,18,4,,1,55,,16457,18,4,,1,30,,16458,18,4,,1,70,,16459,18,4,,1,29,,16460,18,4,,1,103,,16461,18,4,,1
5001,'SAT',617,,16462,18,4,,1,30,,16463,18,4,,1,70,,16464,18,4,,1,30,,16465,18,4,,1,71,,16466,18,4,,1,30,,16467,18,4,,1,70,,16468,18,4,,1,15,,16469,18,4,,1,15,,16470,18,4,,1,55,,16471,18,4,,1,15,,16472,18,4,,1,16,,16473,18,4,,1,15,,16474,18,4,,1,55,,16475,18,4,,1,15,,16476,18,4,,1,15,,16477,18,4,,1,15,,16478,18,4,,1,55,,16479,18,4,,1,8,,16480,18,4,,1,11,,16481,18,4,,1,16,,16482,18,4,,1,15,,16483,18,4,,1,54,,16484,18,4,,1,15,,16485,18,4,,1,15,,16486,18,4,,1,16,,16487,18,4,,1,55,,16488,18,4,,1,15,,16489,18,4,,1,14,,16490,18,4,,1,17,,16491,18,4,,1,55,,16492,18,4,,1,15,,16493,18,4,,1,15,,16494,18,4,,1,15,,16495,18,4,,1,55,,16496,18,4,,1,15,,16497,18,4,,1,14,,16498,18,4,,1,15,,16499,18,4,,1,55,,16500,18,4,,1,15,,16501,18,4,,1,14,,16502,18,4,,1,16,,16503,18,4,,1,55,,16504,18,4,,1,14,,16505,18,4,,1,15,,16506,18,4,,1,13,,16507,18,4,,1,55,,16508,18,4,,1,16,,16509,18,4,,1,15,,16510,18,4,,1,15,,16511,18,4,,1,55,,16512,18,4,,1,15,,16513,18,4,,1,15,,16514,18,4,,1,15,,16515,18,4,,1,55,,16516,18,4,,1,15,,16517,18,4,,1,15,,16518,18,4,,1,16,,16519,18,4,,1,57,,16520,18,4,,1,30,,16521,18,4,,1,70,,16522,18,4,,1,30,,16523,18,4,,1,70,,16524,18,4,,1
5001,'SUN',617,,16525,18,4,,1,30,,16526,18,4,,1,70,,16527,18,4,,1,30,,16528,18,4,,1,71,,16529,18,4,,1,30,,16530,18,4,,1,70,,16531,18,4,,1,15,,16532,18,4,,1,15,,16533,18,4,,1,55,,16534,18,4,,1,15,,16535,18,4,,1,16,,16536,18,4,,1,15,,16537,18,4,,1,55,,16538,18,4,,1,15,,16539,18,4,,1,15,,16540,18,4,,1,15,,16541,18,4,,1,55,,16542,18,4,,1,8,,16543,18,4,,1,11,,16544,18,4,,1,16,,16545,18,4,,1,15,,16546,18,4,,1,54,,16547,18,4,,1,15,,16548,18,4,,1,15,,16549,18,4,,1,16,,16550,18,4,,1,55,,16551,18,4,,1,15,,16552,18,4,,1,14,,16553,18,4,,1,17,,16554,18,4,,1,55,,16555,18,4,,1,15,,16556,18,4,,1,15,,16557,18,4,,1,15,,16558,18,4,,1,55,,16559,18,4,,1,15,,16560,18,4,,1,14,,16561,18,4,,1,15,,16562,18,4,,1,55,,16563,18,4,,1,15,,16564,18,4,,1,14,,16565,18,4,,1,16,,16566,18,4,,1,55,,16567,18,4,,1,14,,16568,18,4,,1,15,,16569,18,4,,1,13,,16570,18,4,,1,55,,16571,18,4,,1,16,,16572,18,4,,1,15,,16573,18,4,,1,15,,16574,18,4,,1,55,,16575,18,4,,1,15,,16576,18,4,,1,15,,16577,18,4,,1,15,,16578,18,4,,1,55,,16579,18,4,,1,15,,16580,18,4,,1,15,,16581,18,4,,1,16,,16582,18,4,,1,57,,16583,18,4,,1,30,,16584,18,4,,1,70,,16585,18,4,,1,30,,16586,18,4,,1,70,,16587,18,4,,1
5001,'NYE',449,,16588,18,4,,1,70,,16589,18,4,,1,15,,16590,18,4,,1,15,,16591,18,4,,1,56,,16592,18,4,,1,15,,16593,18,4,,1,16,,16594,18,4,,1,15,,16595,18,4,,1,56,,16596,18,4,,1,15,,16597,18,4,,1,16,,16598,18,4,,1,13,,16599,18,4,,1,52,,16600,18,4,,1,12,,16601,18,4,,1,12,,16602,18,4,,1,13,,16603,18,4,,1,12,,16604,18,4,,1,52,,16605,18,4,,1,12,,16606,18,4,,1,12,,16607,18,4,,1,11,,16608,18,4,,1,11,,16609,18,4,,1,52,,16610,18,4,,1,11,,16611,18,4,,1,11,,16612,18,4,,1,11,,16613,18,4,,1,11,,16614,18,4,,1,11,,16615,18,4,,1,51,,16616,18,4,,1,11,,16617,18,4,,1,11,,16618,18,4,,1,11,,16619,18,4,,1,11,,16620,18,4,,1,51,,16621,18,4,,1,12,,16622,18,4,,1,11,,16623,18,4,,1,11,,16624,18,4,,1,11,,16625,18,4,,1,11,,16626,18,4,,1,51,,16627,18,4,,1,11,,16628,18,4,,1,11,,16629,18,4,,1,11,,16630,18,4,,1,11,,16631,18,4,,1,51,,16632,18,4,,1,11,,16633,18,4,,1,11,,16634,18,4,,1,11,,16635,18,4,,1,11,,16636,18,4,,1,52,,16637,18,4,,1,11,,16638,18,4,,1,11,,16639,18,4,,1,11,,16640,18,4,,1,11,,16641,18,4,,1,11,,16642,18,4,,1,51,,16643,18,4,,1,11,,16644,18,4,,1,11,,16645,18,4,,1,12,,16646,18,4,,1,12,,16647,18,4,,1,52,,16648,18,4,,1,12,,16649,18,4,,1,12,,16650,18,4,,1,12,,16651,18,4,,1,12,,16652,18,4,,1,52,,16653,18,4,,1,11,,16654,18,4,,1,12,,16655,18,4,,1,10,,16656,18,4,,1,12,,16657,18,4,,1,52,,16658,18,4,,1,12,,16659,18,4,,1,12,,16660,18,4,,1,15,,16661,18,4,,1,15,,16662,18,4,,1,55,,16663,18,4,,1,14,,16664,18,4,,1,15,,16665,18,4,,1,15,,16666,18,4,,1,55,,16667,18,4,,1,13,,16668,18,4,,1,15,,16669,18,4,,1,15,,16670,18,4,,1,55,,16671,18,4,,1,30,,16672,18,4,,1,70,,16673,18,4,,1,29,,16674,18,4,,1,73,,16680,18,4,,1,30,,16675,18,4,,1,70,,16676,18,4,,1,30,,16677,18,4,,1,70,,16678,18,4,,1,30,,16679,18,4,,1
5100,'WKDY',448,,16681,20,4,,1,68,,16682,20,4,,1,26,,16683,20,4,,1,68,,16684,20,4,,1,23,,16685,20,4,,1,14,,16686,20,4,,1,55,,16687,20,4,,1,16,,16688,20,4,,1,15,,16689,20,4,,1,16,,16690,20,4,,1,56,,16691,20,4,,1,14,,16692,20,4,,1,15,,16693,20,4,,1,15,,16694,20,4,,1,55,,16695,20,4,,1,15,,16696,20,4,,1,12,,16697,20,4,,1,17,,16698,20,4,,1,55,,16699,20,4,,1,15,,16700,20,4,,1,15,,16701,20,4,,1,14,,16702,20,4,,1,55,,16703,20,4,,1,16,,16704,20,4,,1,15,,16705,20,4,,1,15,,16706,20,4,,1,55,,16707,20,4,,1,14,,16708,20,4,,1,15,,16709,20,4,,1,15,,16710,20,4,,1,55,,16711,20,4,,1,15,,16712,20,4,,1,15,,16713,20,4,,1,16,,16714,20,4,,1,56,,16715,20,4,,1,14,,16716,20,4,,1,16,,16717,20,4,,1,16,,16718,20,4,,1,54,,16719,20,4,,1,16,,16720,20,4,,1,15,,16721,20,4,,1,16,,16722,20,4,,1,55,,16723,20,4,,1,16,,16724,20,4,,1,15,,16725,20,4,,1,15,,16726,20,4,,1,55,,16727,20,4,,1,15,,16728,20,4,,1,15,,16729,20,4,,1,14,,16730,20,4,,1,55,,16731,20,4,,1,14,,16732,20,4,,1,15,,16733,20,4,,1,14,,16734,20,4,,1,55,,16735,20,4,,1,9,,16736,20,4,,1,15,,16737,20,4,,1,13,,16738,20,4,,1,16,,16739,20,4,,1,55,,16740,20,4,,1,14,,16741,20,4,,1,15,,16742,20,4,,1,18,,16743,20,4,,1,70,,16744,20,4,,1,25,,16745,20,4,,1,53,,16746,20,4,,1,30,,16747,20,4,,1,70,,16748,20,4,,1,27,,16749,20,4,,1,106,,16750,20,4,,1
5100,'SAT',617,,16751,20,4,,1,30,,16752,20,4,,1,70,,16753,20,4,,1,33,,16754,20,4,,1,71,,16755,20,4,,1,31,,16756,20,4,,1,69,,16757,20,4,,1,12,,16758,20,4,,1,15,,16759,20,4,,1,55,,16760,20,4,,1,15,,16761,20,4,,1,16,,16762,20,4,,1,15,,16763,20,4,,1,56,,16764,20,4,,1,15,,16765,20,4,,1,15,,16766,20,4,,1,15,,16767,20,4,,1,54,,16768,20,4,,1,8,,16769,20,4,,1,11,,16770,20,4,,1,15,,16771,20,4,,1,15,,16772,20,4,,1,55,,16773,20,4,,1,15,,16774,20,4,,1,15,,16775,20,4,,1,16,,16776,20,4,,1,55,,16777,20,4,,1,15,,16778,20,4,,1,15,,16779,20,4,,1,16,,16780,20,4,,1,55,,16781,20,4,,1,15,,16782,20,4,,1,15,,16783,20,4,,1,15,,16784,20,4,,1,55,,16785,20,4,,1,15,,16786,20,4,,1,14,,16787,20,4,,1,15,,16788,20,4,,1,55,,16789,20,4,,1,15,,16790,20,4,,1,14,,16791,20,4,,1,15,,16792,20,4,,1,55,,16793,20,4,,1,14,,16794,20,4,,1,15,,16795,20,4,,1,15,,16796,20,4,,1,55,,16797,20,4,,1,15,,16798,20,4,,1,15,,16799,20,4,,1,15,,16800,20,4,,1,55,,16801,20,4,,1,15,,16802,20,4,,1,15,,16803,20,4,,1,15,,16804,20,4,,1,55,,16805,20,4,,1,30,,16806,20,4,,1,73,,16807,20,4,,1,30,,16808,20,4,,1,70,,16809,20,4,,1,30,,16810,20,4,,1,70,,16811,20,4,,1
5100,'SUN',617,,16812,20,4,,1,30,,16813,20,4,,1,70,,16814,20,4,,1,33,,16815,20,4,,1,71,,16816,20,4,,1,31,,16817,20,4,,1,69,,16818,20,4,,1,12,,16819,20,4,,1,15,,16820,20,4,,1,55,,16821,20,4,,1,15,,16822,20,4,,1,16,,16823,20,4,,1,15,,16824,20,4,,1,56,,16825,20,4,,1,15,,16826,20,4,,1,15,,16827,20,4,,1,15,,16828,20,4,,1,54,,16829,20,4,,1,8,,16830,20,4,,1,11,,16831,20,4,,1,15,,16832,20,4,,1,15,,16833,20,4,,1,55,,16834,20,4,,1,15,,16835,20,4,,1,15,,16836,20,4,,1,16,,16837,20,4,,1,55,,16838,20,4,,1,15,,16839,20,4,,1,15,,16840,20,4,,1,16,,16841,20,4,,1,55,,16842,20,4,,1,15,,16843,20,4,,1,15,,16844,20,4,,1,15,,16845,20,4,,1,55,,16846,20,4,,1,15,,16847,20,4,,1,14,,16848,20,4,,1,15,,16849,20,4,,1,55,,16850,20,4,,1,15,,16851,20,4,,1,14,,16852,20,4,,1,15,,16853,20,4,,1,55,,16854,20,4,,1,14,,16855,20,4,,1,15,,16856,20,4,,1,15,,16857,20,4,,1,55,,16858,20,4,,1,15,,16859,20,4,,1,15,,16860,20,4,,1,15,,16861,20,4,,1,55,,16862,20,4,,1,15,,16863,20,4,,1,15,,16864,20,4,,1,15,,16865,20,4,,1,55,,16866,20,4,,1,30,,16867,20,4,,1,73,,16868,20,4,,1,30,,16869,20,4,,1,70,,16870,20,4,,1,30,,16871,20,4,,1,70,,16872,20,4,,1
5100,'NYE',448,,16873,20,4,,1,68,,16874,20,4,,1,26,,16875,20,4,,1,68,,16876,20,4,,1,23,,16877,20,4,,1,14,,16878,20,4,,1,55,,16879,20,4,,1,16,,16880,20,4,,1,15,,16881,20,4,,1,16,,16882,20,4,,1,56,,16883,20,4,,1,14,,16884,20,4,,1,15,,16885,20,4,,1,15,,16886,20,4,,1,55,,16887,20,4,,1,15,,16888,20,4,,1,12,,16889,20,4,,1,17,,16890,20,4,,1,55,,16891,20,4,,1,15,,16892,20,4,,1,15,,16893,20,4,,1,14,,16894,20,4,,1,55,,16895,20,4,,1,16,,16896,20,4,,1,15,,16897,20,4,,1,15,,16898,20,4,,1,55,,16899,20,4,,1,14,,16900,20,4,,1,15,,16901,20,4,,1,15,,16902,20,4,,1,55,,16903,20,4,,1,15,,16904,20,4,,1,15,,16905,20,4,,1,16,,16906,20,4,,1,56,,16907,20,4,,1,14,,16908,20,4,,1,16,,16909,20,4,,1,16,,16910,20,4,,1,54,,16911,20,4,,1,16,,16912,20,4,,1,15,,16913,20,4,,1,16,,16914,20,4,,1,55,,16915,20,4,,1,16,,16916,20,4,,1,15,,16917,20,4,,1,15,,16918,20,4,,1,55,,16919,20,4,,1,15,,16920,20,4,,1,15,,16921,20,4,,1,14,,16922,20,4,,1,55,,16923,20,4,,1,14,,16924,20,4,,1,15,,16925,20,4,,1,14,,16926,20,4,,1,55,,16927,20,4,,1,9,,16928,20,4,,1,15,,16929,20,4,,1,13,,16930,20,4,,1,16,,16931,20,4,,1,55,,16932,20,4,,1,14,,16933,20,4,,1,15,,16934,20,4,,1,18,,16935,20,4,,1,70,,16936,20,4,,1,25,,16937,20,4,,1,53,,16938,20,4,,1,30,,16939,20,4,,1,70,,16940,20,4,,1,27,,16941,20,4,,1,73,,16946,20,4,,1,30,,16942,20,4,,1,73,,16943,20,4,,1,30,,16944,20,4,,1,70,,16945,20,4,,1
5101,'WKDY',448,,16947,1,,,1,68,,16948,1,,,1,26,,16949,1,,,1,68,,16950,1,,,1,23,,16951,1,,,1,14,,16952,1,,,1,55,,16953,1,,,1,16,,16954,1,,,1,15,,16955,1,,,1,16,,16956,1,,,1,56,,16957,1,,,1,14,,16958,1,,,1,15,,16959,1,,,1,15,,16960,1,,,1,55,,16961,1,,,1,15,,16962,1,,,1,12,,16963,1,,,1,17,,16964,1,,,1,55,,16965,1,,,1,15,,16966,1,,,1,15,,16967,1,,,1,14,,16968,1,,,1,55,,16969,1,,,1,16,,16970,1,,,1,15,,16971,1,,,1,15,,16972,1,,,1,55,,16973,1,,,1,14,,16974,1,,,1,15,,16975,1,,,1,15,,16976,1,,,1,55,,16977,1,,,1,15,,16978,1,,,1,15,,16979,1,,,1,16,,16980,1,,,1,56,,16981,1,,,1,14,,16982,1,,,1,16,,16983,1,,,1,16,,16984,1,,,1,54,,16985,1,,,1,16,,16986,1,,,1,15,,16987,1,,,1,16,,16988,1,,,1,55,,16989,1,,,1,16,,16990,1,,,1,15,,16991,1,,,1,15,,16992,1,,,1,55,,16993,1,,,1,15,,16994,1,,,1,15,,16995,1,,,1,14,,16996,1,,,1,55,,16997,1,,,1,14,,16998,1,,,1,15,,16999,1,,,1,14,,17000,1,,,1,55,,17001,1,,,1,9,,17002,1,,,1,15,,17003,1,,,1,13,,17004,1,,,1,16,,17005,1,,,1,55,,17006,1,,,1,14,,17007,1,,,1,15,,17008,1,,,1,18,,17009,1,,,1,70,,17010,1,,,1,25,,17011,1,,,1,53,,17012,1,,,1,30,,17013,1,,,1,70,,17014,1,,,1,27,,17015,1,,,1,106,,17016,1,,,1
5101,'SAT',617,,17017,1,,,1,30,,17018,1,,,1,70,,17019,1,,,1,33,,17020,1,,,1,71,,17021,1,,,1,31,,17022,1,,,1,69,,17023,1,,,1,12,,17024,1,,,1,15,,17025,1,,,1,55,,17026,1,,,1,15,,17027,1,,,1,16,,17028,1,,,1,15,,17029,1,,,1,56,,17030,1,,,1,15,,17031,1,,,1,15,,17032,1,,,1,15,,17033,1,,,1,54,,17034,1,,,1,8,,17035,1,,,1,11,,17036,1,,,1,15,,17037,1,,,1,15,,17038,1,,,1,55,,17039,1,,,1,15,,17040,1,,,1,15,,17041,1,,,1,16,,17042,1,,,1,55,,17043,1,,,1,15,,17044,1,,,1,15,,17045,1,,,1,16,,17046,1,,,1,55,,17047,1,,,1,15,,17048,1,,,1,15,,17049,1,,,1,15,,17050,1,,,1,55,,17051,1,,,1,15,,17052,1,,,1,14,,17053,1,,,1,15,,17054,1,,,1,55,,17055,1,,,1,15,,17056,1,,,1,14,,17057,1,,,1,15,,17058,1,,,1,55,,17059,1,,,1,14,,17060,1,,,1,15,,17061,1,,,1,15,,17062,1,,,1,55,,17063,1,,,1,15,,17064,1,,,1,15,,17065,1,,,1,15,,17066,1,,,1,55,,17067,1,,,1,15,,17068,1,,,1,15,,17069,1,,,1,15,,17070,1,,,1,55,,17071,1,,,1,30,,17072,1,,,1,73,,17073,1,,,1,30,,17074,1,,,1,70,,17075,1,,,1,30,,17076,1,,,1,70,,17077,1,,,1
5101,'SUN',617,,17078,1,,,1,30,,17079,1,,,1,70,,17080,1,,,1,33,,17081,1,,,1,71,,17082,1,,,1,31,,17083,1,,,1,69,,17084,1,,,1,12,,17085,1,,,1,15,,17086,1,,,1,55,,17087,1,,,1,15,,17088,1,,,1,16,,17089,1,,,1,15,,17090,1,,,1,56,,17091,1,,,1,15,,17092,1,,,1,15,,17093,1,,,1,15,,17094,1,,,1,54,,17095,1,,,1,8,,17096,1,,,1,11,,17097,1,,,1,15,,17098,1,,,1,15,,17099,1,,,1,55,,17100,1,,,1,15,,17101,1,,,1,15,,17102,1,,,1,16,,17103,1,,,1,55,,17104,1,,,1,15,,17105,1,,,1,15,,17106,1,,,1,16,,17107,1,,,1,55,,17108,1,,,1,15,,17109,1,,,1,15,,17110,1,,,1,15,,17111,1,,,1,55,,17112,1,,,1,15,,17113,1,,,1,14,,17114,1,,,1,15,,17115,1,,,1,55,,17116,1,,,1,15,,17117,1,,,1,14,,17118,1,,,1,15,,17119,1,,,1,55,,17120,1,,,1,14,,17121,1,,,1,15,,17122,1,,,1,15,,17123,1,,,1,55,,17124,1,,,1,15,,17125,1,,,1,15,,17126,1,,,1,15,,17127,1,,,1,55,,17128,1,,,1,15,,17129,1,,,1,15,,17130,1,,,1,15,,17131,1,,,1,55,,17132,1,,,1,30,,17133,1,,,1,73,,17134,1,,,1,30,,17135,1,,,1,70,,17136,1,,,1,30,,17137,1,,,1,70,,17138,1,,,1
5101,'NYE',448,,17139,1,,,1,68,,17140,1,,,1,26,,17141,1,,,1,68,,17142,1,,,1,23,,17143,1,,,1,14,,17144,1,,,1,55,,17145,1,,,1,16,,17146,1,,,1,15,,17147,1,,,1,16,,17148,1,,,1,56,,17149,1,,,1,14,,17150,1,,,1,15,,17151,1,,,1,15,,17152,1,,,1,55,,17153,1,,,1,15,,17154,1,,,1,12,,17155,1,,,1,17,,17156,1,,,1,55,,17157,1,,,1,15,,17158,1,,,1,15,,17159,1,,,1,14,,17160,1,,,1,55,,17161,1,,,1,16,,17162,1,,,1,15,,17163,1,,,1,15,,17164,1,,,1,55,,17165,1,,,1,14,,17166,1,,,1,15,,17167,1,,,1,15,,17168,1,,,1,55,,17169,1,,,1,15,,17170,1,,,1,15,,17171,1,,,1,16,,17172,1,,,1,56,,17173,1,,,1,14,,17174,1,,,1,16,,17175,1,,,1,16,,17176,1,,,1,54,,17177,1,,,1,16,,17178,1,,,1,15,,17179,1,,,1,16,,17180,1,,,1,55,,17181,1,,,1,16,,17182,1,,,1,15,,17183,1,,,1,15,,17184,1,,,1,55,,17185,1,,,1,15,,17186,1,,,1,15,,17187,1,,,1,14,,17188,1,,,1,55,,17189,1,,,1,14,,17190,1,,,1,15,,17191,1,,,1,14,,17192,1,,,1,55,,17193,1,,,1,9,,17194,1,,,1,15,,17195,1,,,1,13,,17196,1,,,1,16,,17197,1,,,1,55,,17198,1,,,1,14,,17199,1,,,1,15,,17200,1,,,1,18,,17201,1,,,1,70,,17202,1,,,1,25,,17203,1,,,1,53,,17204,1,,,1,30,,17205,1,,,1,70,,17206,1,,,1,27,,17207,1,,,1,73,,17212,1,,,1,30,,17208,1,,,1,73,,17209,1,,,1,30,,17210,1,,,1,70,,17211,1,,,1
