701,'WKDY',645,,14324,24,,,1,60,,14325,24,,,1,120,,14326,24,,,1,33,,14327,24,,,1,99,,14328,24,,,1,70,,14329,24,,,1,100,,14330,24,,,1,30,,14331,24,,,1,102,,14332,24,,,1,70,,14333,24,,,1,103,,14334,24,,,1,70,,14335,24,,,1,103,,14336,24,,,1,30,,14337,24,,,1,98,,14338,24,,,1,70,,14339,24,,,1,56,,14340,24,,,1,63,,14341,24,,,1,98,,14342,24,,,1,100,,14343,24,,,1,96,,14344,24,,,1
701,'WKDY/30',756,,14306,24,,,1,171,,14307,24,,,1,130,,14308,24,,,1,172,,14309,24,,,1,172,,14310,24,,,1,134,,14311,24,,,1,169,,14312,24,,,1,125,,14313,24,,,1,123,,14314,24,,,1
701,'WKDY/31',756,,14315,24,,,1,171,,14316,24,,,1,130,,14317,24,,,1,172,,14318,24,,,1,172,,14319,24,,,1,134,,14320,24,,,1,169,,14321,24,,,1,125,,14322,24,,,1,123,,14323,24,,,1
701,'SAT',747,,14345,24,,,1,100,,14346,24,,,1,104,,14347,24,,,1,103,,14348,24,,,1,102,,14349,24,,,1,144,,14350,24,,,1,100,,14351,24,,,1,101,,14352,24,,,1,100,,14353,24,,,1,99,,14354,24,,,1,100,,14355,24,,,1,53,,14356,24,,,1,100,,14357,24,,,1,95,,14358,24,,,1,100,,14359,24,,,1
701,'SUN',747,,14360,24,,,1,100,,14361,24,,,1,104,,14362,24,,,1,103,,14363,24,,,1,102,,14364,24,,,1,144,,14365,24,,,1,100,,14366,24,,,1,101,,14367,24,,,1,100,,14368,24,,,1,99,,14369,24,,,1,100,,14370,24,,,1,53,,14371,24,,,1,100,,14372,24,,,1,95,,14373,24,,,1,100,,14374,24,,,1
701,'NYE',645,,14375,24,,,1,60,,14376,24,,,1,120,,14377,24,,,1,33,,14378,24,,,1,99,,14379,24,,,1,70,,14380,24,,,1,100,,14381,24,,,1,30,,14382,24,,,1,102,,14383,24,,,1,70,,14384,24,,,1,103,,14385,24,,,1,70,,14386,24,,,1,103,,14387,24,,,1,30,,14388,24,,,1,98,,14389,24,,,1,70,,14390,24,,,1,56,,14391,24,,,1,63,,14392,24,,,1,98,,14393,24,,,1,100,,14394,24,,,1,96,,14395,24,,,1
701,'NYE/31',756,,14396,24,,,1,171,,14397,24,,,1,130,,14398,24,,,1,172,,14399,24,,,1,172,,14400,24,,,1,134,,14401,24,,,1,169,,14402,24,,,1,125,,14403,24,,,1,123,,14404,24,,,1
1201,'WKDY',639,,14552,26,,,1,70,,14553,26,,,1,33,,14554,26,,,1,70,,14555,26,,,1,30,,14556,26,,,1,70,,14557,26,,,1,30,,14558,26,,,1,70,,14559,26,,,1,30,,14560,26,,,1,70,,14561,26,,,1,30,,14562,26,,,1,70,,14563,26,,,1,30,,14564,26,,,1,70,,14565,26,,,1,30,,14566,26,,,1,70,,14567,26,,,1,30,,14568,26,,,1,70,,14569,26,,,1,34,,14570,26,,,1,70,,14571,26,,,1,30,,14572,26,,,1,70,,14573,26,,,1,29,,14574,26,,,1,70,,14575,26,,,1,29,,14576,26,,,1,70,,14577,26,,,1,30,,14578,26,,,1,67,,14579,26,,,1,30,,14580,26,,,1,70,,14581,26,,,1,28,,14582,26,,,1,70,,14583,26,,,1
1201,'SAT',729,,14584,26,,,1,101,,14585,26,,,1,101,,14586,26,,,1,101,,14587,26,,,1,102,,14588,26,,,1,100,,14589,26,,,1,100,,14590,26,,,1,102,,14591,26,,,1,100,,14592,26,,,1,100,,14593,26,,,1,98,,14594,26,,,1,99,,14595,26,,,1,99,,14596,26,,,1,99,,14597,26,,,1,99,,14598,26,,,1,100,,14599,26,,,1
1201,'SUN',729,,14600,26,,,1,101,,14601,26,,,1,101,,14602,26,,,1,101,,14603,26,,,1,102,,14604,26,,,1,100,,14605,26,,,1,100,,14606,26,,,1,102,,14607,26,,,1,100,,14608,26,,,1,100,,14609,26,,,1,98,,14610,26,,,1,99,,14611,26,,,1,99,,14612,26,,,1,99,,14613,26,,,1,99,,14614,26,,,1,100,,14615,26,,,1
1201,'NYE',639,,14616,26,,,1,70,,14617,26,,,1,33,,14618,26,,,1,70,,14619,26,,,1,30,,14620,26,,,1,70,,14621,26,,,1,30,,14622,26,,,1,70,,14623,26,,,1,30,,14624,26,,,1,70,,14625,26,,,1,30,,14626,26,,,1,70,,14627,26,,,1,30,,14628,26,,,1,70,,14629,26,,,1,30,,14630,26,,,1,70,,14631,26,,,1,30,,14632,26,,,1,70,,14633,26,,,1,34,,14634,26,,,1,70,,14635,26,,,1,30,,14636,26,,,1,70,,14637,26,,,1,29,,14638,26,,,1,70,,14639,26,,,1,29,,14640,26,,,1,70,,14641,26,,,1,30,,14642,26,,,1,67,,14643,26,,,1,30,,14644,26,,,1,70,,14645,26,,,1,28,,14646,26,,,1,70,,14647,26,,,1
7401,'WKDY',537,,19270,23,,,1,100,,19271,23,,,1,69,,19272,23,,,1,31,,19273,23,,,1,100,,19274,23,,,1,69,,19275,23,,,1,30,,19276,23,,,1,70,,19277,23,,,1,100,,19278,23,,,1,31,,19279,23,,,1,71,,19280,23,,,1,30,,19281,23,,,1,102,,19282,23,,,1,70,,19283,23,,,1,29,,19284,23,,,1,68,,19285,23,,,1,100,,19286,23,,,1,32,,19287,23,,,1,70,,19288,23,,,1,30,,19289,23,,,1,101,,19290,23,,,1,68,,19291,23,,,1,28,,19292,23,,,1,100,,19293,23,,,1
7401,'WKDY/30',808,,19254,23,,,1,228,,19255,23,,,1,274,,19256,23,,,1,227,,19257,23,,,1,272,,19258,23,,,1,198,,19259,23,,,1,98,,19260,23,,,1,99,,19261,23,,,1
7401,'WKDY/31',808,,19262,23,,,1,228,,19263,23,,,1,274,,19264,23,,,1,227,,19265,23,,,1,272,,19266,23,,,1,198,,19267,23,,,1,98,,19268,23,,,1,99,,19269,23,,,1
7401,'SAT',806,,19294,23,,,1,101,,19295,23,,,1,101,,19296,23,,,1,101,,19297,23,,,1,103,,19298,23,,,1,101,,19299,23,,,1,103,,19300,23,,,1,97,,19301,23,,,1,99,,19302,23,,,1,101,,19303,23,,,1,99,,19304,23,,,1,99,,19305,23,,,1,98,,19306,23,,,1,98,,19307,23,,,1
7401,'SUN',806,,19308,23,,,1,101,,19309,23,,,1,101,,19310,23,,,1,101,,19311,23,,,1,103,,19312,23,,,1,101,,19313,23,,,1,103,,19314,23,,,1,97,,19315,23,,,1,99,,19316,23,,,1,101,,19317,23,,,1,99,,19318,23,,,1,99,,19319,23,,,1,98,,19320,23,,,1,98,,19321,23,,,1
7401,'NYE',537,,19322,23,,,1,100,,19323,23,,,1,69,,19324,23,,,1,31,,19325,23,,,1,100,,19326,23,,,1,69,,19327,23,,,1,30,,19328,23,,,1,70,,19329,23,,,1,100,,19330,23,,,1,31,,19331,23,,,1,71,,19332,23,,,1,30,,19333,23,,,1,102,,19334,23,,,1,70,,19335,23,,,1,29,,19336,23,,,1,68,,19337,23,,,1,100,,19338,23,,,1,32,,19339,23,,,1,70,,19340,23,,,1,30,,19341,23,,,1,101,,19342,23,,,1,68,,19343,23,,,1,28,,19344,23,,,1,100,,19345,23,,,1
7401,'NYE/31',808,,19346,23,,,1,228,,19347,23,,,1,274,,19348,23,,,1,227,,19349,23,,,1,272,,19350,23,,,1,198,,19351,23,,,1,98,,19352,23,,,1,99,,19353,23,,,1
8000,'WKDY',625,,19657,32,,,1,31,,19658,32,,,1,73,,19659,32,,,1,30,,19660,32,,,1,71,,19661,32,,,1,70,,19662,32,,,1,29,,19663,32,,,1,30,,19664,32,,,1,71,,19665,32,,,1,70,,19666,32,,,1,30,,19667,32,,,1,70,,19668,32,,,1,30,,19669,32,,,1,70,,19670,32,,,1,30,,19671,32,,,1,72,,19672,32,,,1,31,,19673,32,,,1,70,,19674,32,,,1,33,,19675,32,,,1,70,,19676,32,,,1,31,,19677,32,,,1,68,,19678,32,,,1,30,,19679,32,,,1,66,,19680,32,,,1,30,,19681,32,,,1,27,,19682,32,,,1,69,,19683,32,,,1,30,,19684,32,,,1,67,,19685,32,,,1,29,,19686,32,,,1,70,,19687,32,,,1
8000,'SAT',724,,19688,32,,,1,100,,19689,32,,,1,30,,19690,32,,,1,71,,19691,32,,,1,30,,19692,32,,,1,71,,19693,32,,,1,30,,19694,32,,,1,70,,19695,32,,,1,30,,19696,32,,,1,72,,19697,32,,,1,31,,19698,32,,,1,70,,19699,32,,,1,30,,19700,32,,,1,70,,19701,32,,,1,30,,19702,32,,,1,70,,19703,32,,,1,29,,19704,32,,,1,69,,19705,32,,,1,30,,19706,32,,,1,70,,19707,32,,,1,30,,19708,32,,,1,70,,19709,32,,,1,29,,19710,32,,,1,69,,19711,32,,,1,30,,19712,32,,,1,70,,19713,32,,,1,30,,19714,32,,,1,99,,19715,32,,,1
8000,'SUN',724,,19716,32,,,1,100,,19717,32,,,1,30,,19718,32,,,1,71,,19719,32,,,1,30,,19720,32,,,1,71,,19721,32,,,1,30,,19722,32,,,1,70,,19723,32,,,1,30,,19724,32,,,1,72,,19725,32,,,1,31,,19726,32,,,1,70,,19727,32,,,1,30,,19728,32,,,1,70,,19729,32,,,1,30,,19730,32,,,1,70,,19731,32,,,1,29,,19732,32,,,1,69,,19733,32,,,1,30,,19734,32,,,1,70,,19735,32,,,1,30,,19736,32,,,1,70,,19737,32,,,1,29,,19738,32,,,1,69,,19739,32,,,1,30,,19740,32,,,1,70,,19741,32,,,1,30,,19742,32,,,1,99,,19743,32,,,1
8000,'NYE',625,,19744,32,,,1,31,,19745,32,,,1,73,,19746,32,,,1,30,,19747,32,,,1,71,,19748,32,,,1,70,,19749,32,,,1,29,,19750,32,,,1,30,,19751,32,,,1,71,,19752,32,,,1,70,,19753,32,,,1,30,,19754,32,,,1,70,,19755,32,,,1,30,,19756,32,,,1,70,,19757,32,,,1,30,,19758,32,,,1,72,,19759,32,,,1,31,,19760,32,,,1,70,,19761,32,,,1,33,,19762,32,,,1,70,,19763,32,,,1,31,,19764,32,,,1,68,,19765,32,,,1,30,,19766,32,,,1,66,,19767,32,,,1,30,,19768,32,,,1,27,,19769,32,,,1,69,,19770,32,,,1,30,,19771,32,,,1,67,,19772,32,,,1,29,,19773,32,,,1,70,,19774,32,,,1,30,,19785,32,,,1,70,,19775,32,,,1,30,,19776,32,,,1,70,,19777,32,,,1,30,,19778,32,,,1,70,,19779,32,,,1,30,,19780,32,,,1,70,,19781,32,,,1,30,,19782,32,,,1,70,,19783,32,,,1,30,,19784,32,,,1
