4800,'WKDY/30',845,,15993,1,,,1,196,,15994,1,,,1,401,,15995,1,,,1,205,,15996,1,,,1
4800,'WKDY/31',845,,15997,1,,,1,196,,15998,1,,,1,401,,15999,1,,,1,205,,16000,1,,,1
4800,'WKDY',645,,16001,1,,,1,602,,16002,1,,,1,600,,16003,1,,,1,169,,16004,1,,,1
4800,'SAT',812,,16005,1,,,1,199,,16006,1,,,1,200,,16007,1,,,1,206,,16008,1,,,1,197,,16009,1,,,1,196,,16010,1,,,1
4800,'SUN',812,,16011,1,,,1,199,,16012,1,,,1,200,,16013,1,,,1,206,,16014,1,,,1,197,,16015,1,,,1,196,,16016,1,,,1
4800,'NYE',645,,16022,1,,,1,602,,16023,1,,,1,600,,16024,1,,,1,169,,16025,1,,,1,104,,16017,1,,,1,100,,16018,1,,,1,100,,16019,1,,,1,100,,16020,1,,,1,100,,16021,1,,,1
4800,'NYE/31',845,,16026,1,,,1,196,,16027,1,,,1,401,,16028,1,,,1,205,,16029,1,,,1
4801,'WKDY/30',845,,16030,4,4,,1,196,,16031,4,4,,1,401,,16032,4,4,,1,205,,16033,4,4,,1
4801,'WKDY/31',845,,16034,4,4,,1,196,,16035,4,4,,1,401,,16036,4,4,,1,205,,16037,4,4,,1
4801,'WKDY',645,,16038,4,4,,1,602,,16039,4,4,,1,600,,16040,4,4,,1,169,,16041,4,4,,1
4801,'SAT',812,,16042,4,4,,1,199,,16043,4,4,,1,200,,16044,4,4,,1,206,,16045,4,4,,1,197,,16046,4,4,,1,196,,16047,4,4,,1
4801,'SUN',812,,16048,4,4,,1,199,,16049,4,4,,1,200,,16050,4,4,,1,206,,16051,4,4,,1,197,,16052,4,4,,1,196,,16053,4,4,,1
4801,'NYE',645,,16059,4,4,,1,602,,16060,4,4,,1,600,,16061,4,4,,1,169,,16062,4,4,,1,104,,16054,4,4,,1,100,,16055,4,4,,1,100,,16056,4,4,,1,100,,16057,4,4,,1,100,,16058,4,4,,1
4801,'NYE/31',845,,16063,4,4,,1,196,,16064,4,4,,1,401,,16065,4,4,,1,205,,16066,4,4,,1
