3000,'WKDY',606,,15062,8,,,1,30,,15063,8,,,1,71,,15064,8,,,1,30,,15065,8,,,1,70,,15066,8,,,1,30,,15067,8,,,1,70,,15068,8,,,1,30,,15069,8,,,1,70,,15070,8,,,1,30,,15071,8,,,1,70,,15072,8,,,1,30,,15073,8,,,1,70,,15074,8,,,1,31,,15075,8,,,1,70,,15076,8,,,1,30,,15077,8,,,1,70,,15078,8,,,1,31,,15079,8,,,1,70,,15080,8,,,1,30,,15081,8,,,1,70,,15082,8,,,1,30,,15083,8,,,1,70,,15084,8,,,1,30,,15085,8,,,1,70,,15086,8,,,1,30,,15087,8,,,1,68,,15088,8,,,1,30,,15089,8,,,1,69,,15090,8,,,1,100,,15091,8,,,1
3000,'SAT',735,,15096,8,,,1,71,,15097,8,,,1,30,,15098,8,,,1,70,,15099,8,,,1,30,,15100,8,,,1,70,,15101,8,,,1,30,,15102,8,,,1,71,,15103,8,,,1,30,,15104,8,,,1,70,,15105,8,,,1,30,,15106,8,,,1,70,,15107,8,,,1,31,,15108,8,,,1,70,,15109,8,,,1,29,,15110,8,,,1,70,,15111,8,,,1,30,,15112,8,,,1,70,,15113,8,,,1,30,,15114,8,,,1,70,,15115,8,,,1,100,,15116,8,,,1,100,,15117,8,,,1,100,,15118,8,,,1
3000,'SUN',806,,15121,8,,,1,100,,15122,8,,,1,101,,15123,8,,,1,100,,15124,8,,,1,100,,15125,8,,,1,100,,15126,8,,,1,100,,15127,8,,,1,100,,15128,8,,,1,100,,15129,8,,,1,100,,15130,8,,,1,100,,15131,8,,,1,99,,15132,8,,,1,100,,15133,8,,,1
3000,'NYE',606,,15136,8,,,1,30,,15137,8,,,1,71,,15138,8,,,1,30,,15139,8,,,1,70,,15140,8,,,1,30,,15141,8,,,1,70,,15142,8,,,1,30,,15143,8,,,1,70,,15144,8,,,1,30,,15145,8,,,1,70,,15146,8,,,1,30,,15147,8,,,1,70,,15148,8,,,1,31,,15149,8,,,1,70,,15150,8,,,1,30,,15151,8,,,1,70,,15152,8,,,1,31,,15153,8,,,1,70,,15154,8,,,1,30,,15155,8,,,1,70,,15156,8,,,1,30,,15157,8,,,1,70,,15158,8,,,1,30,,15159,8,,,1,70,,15160,8,,,1,30,,15161,8,,,1,68,,15162,8,,,1,30,,15163,8,,,1,69,,15164,8,,,1,100,,15165,8,,,1
7401,'WKDY/30',747,,19254,3,,,1,268,,19255,3,,,1,232,,19256,3,,,1,267,,19257,3,,,1,233,,19258,3,,,1,201,,19259,3,,,1,100,,19260,3,,,1,99,,19261,3,,,1
7401,'WKDY/31',747,,19262,3,,,1,268,,19263,3,,,1,232,,19264,3,,,1,267,,19265,3,,,1,233,,19266,3,,,1,201,,19267,3,,,1,100,,19268,3,,,1,99,,19269,3,,,1
7401,'WKDY',521,,19270,3,,,1,97,,19271,3,,,1,29,,19272,3,,,1,69,,19273,3,,,1,100,,19274,3,,,1,29,,19275,3,,,1,70,,19276,3,,,1,30,,19277,3,,,1,100,,19278,3,,,1,70,,19279,3,,,1,31,,19280,3,,,1,70,,19281,3,,,1,101,,19282,3,,,1,30,,19283,3,,,1,69,,19284,3,,,1,28,,19285,3,,,1,99,,19286,3,,,1,72,,19287,3,,,1,30,,19288,3,,,1,70,,19289,3,,,1,103,,19290,3,,,1,31,,19291,3,,,1,68,,19292,3,,,1,101,,19293,3,,,1
7401,'SAT',747,,19294,3,,,1,101,,19295,3,,,1,100,,19296,3,,,1,101,,19297,3,,,1,103,,19298,3,,,1,101,,19299,3,,,1,103,,19300,3,,,1,97,,19301,3,,,1,99,,19302,3,,,1,101,,19303,3,,,1,99,,19304,3,,,1,99,,19305,3,,,1,99,,19306,3,,,1,100,,19307,3,,,1
7401,'SUN',747,,19308,3,,,1,101,,19309,3,,,1,100,,19310,3,,,1,101,,19311,3,,,1,103,,19312,3,,,1,101,,19313,3,,,1,103,,19314,3,,,1,97,,19315,3,,,1,99,,19316,3,,,1,101,,19317,3,,,1,99,,19318,3,,,1,99,,19319,3,,,1,99,,19320,3,,,1,100,,19321,3,,,1
7401,'NYE',521,,19322,3,,,1,97,,19323,3,,,1,29,,19324,3,,,1,69,,19325,3,,,1,100,,19326,3,,,1,29,,19327,3,,,1,70,,19328,3,,,1,30,,19329,3,,,1,100,,19330,3,,,1,70,,19331,3,,,1,31,,19332,3,,,1,70,,19333,3,,,1,101,,19334,3,,,1,30,,19335,3,,,1,69,,19336,3,,,1,28,,19337,3,,,1,99,,19338,3,,,1,72,,19339,3,,,1,30,,19340,3,,,1,70,,19341,3,,,1,103,,19342,3,,,1,31,,19343,3,,,1,68,,19344,3,,,1,101,,19345,3,,,1
7401,'NYE/31',747,,19346,3,,,1,268,,19347,3,,,1,232,,19348,3,,,1,267,,19349,3,,,1,233,,19350,3,,,1,201,,19351,3,,,1,100,,19352,3,,,1,99,,19353,3,,,1
