3001,'WKDY',514,,15166,2,,,1,94,,15167,20,,,1,30,,15168,20,,,1,63,,15169,20,,,1,33,,15170,20,,,1,73,,15171,20,,,1,31,,15172,20,,,1,69,,15173,20,,,1,31,,15174,20,,,1,69,,15175,20,,,1,31,,15176,20,,,1,69,,15177,20,,,1,30,,15178,20,,,1,70,,15179,20,,,1,30,,15180,20,,,1,72,,15181,20,,,1,32,,15182,20,,,1,70,,15183,20,,,1,30,,15184,20,,,1,70,,15185,20,,,1,33,,15186,20,,,1,68,,15187,20,,,1,29,,15188,20,,,1,68,,15189,20,,,1,30,,15190,20,,,1,69,,15191,20,,,1,28,,15192,20,,,1,69,,15193,20,,,1,28,,15194,20,,,1,67,,15195,20,,,1,30,,15196,20,,,1,27,,15197,20,,,1,100,,15198,20,,,1
3001,'SAT',653,,15199,20,,,1,101,,15200,20,,,1,70,,15201,20,,,1,32,,15202,20,,,1,71,,15203,20,,,1,31,,15204,20,,,1,70,,15205,20,,,1,31,,15206,20,,,1,70,,15207,20,,,1,73,,15208,20,,,1,31,,15209,20,,,1,72,,15210,20,,,1,30,,15211,20,,,1,69,,15212,20,,,1,31,,15213,20,,,1,70,,15214,20,,,1,29,,15215,20,,,1,70,,15216,20,,,1,31,,15217,20,,,1,68,,15218,20,,,1,30,,15219,20,,,1,68,,15220,20,,,1,100,,15221,20,,,1,58,,15222,20,,,1,100,,15223,20,,,1
3001,'SUN',655,,15224,20,,,1,100,,15225,20,,,1,104,,15226,20,,,1,100,,15227,20,,,1,142,,15228,20,,,1,101,,15229,20,,,1,101,,15230,20,,,1,100,,15231,20,,,1,100,,15232,20,,,1,99,,15233,20,,,1,100,,15234,20,,,1,99,,15235,20,,,1,99,,15236,20,,,1,59,,15237,20,,,1,100,,15238,20,,,1
3001,'NYE',514,,15239,2,,,1,94,,15240,20,,,1,30,,15241,20,,,1,63,,15242,20,,,1,33,,15243,20,,,1,73,,15244,20,,,1,31,,15245,20,,,1,69,,15246,20,,,1,31,,15247,20,,,1,69,,15248,20,,,1,31,,15249,20,,,1,69,,15250,20,,,1,30,,15251,20,,,1,70,,15252,20,,,1,30,,15253,20,,,1,72,,15254,20,,,1,32,,15255,20,,,1,70,,15256,20,,,1,30,,15257,20,,,1,70,,15258,20,,,1,33,,15259,20,,,1,68,,15260,20,,,1,29,,15261,20,,,1,68,,15262,20,,,1,30,,15263,20,,,1,69,,15264,20,,,1,28,,15265,20,,,1,69,,15266,20,,,1,28,,15267,20,,,1,67,,15268,20,,,1,30,,15269,20,,,1,27,,15270,20,,,1,100,,15271,20,,,1
3201,'WKDY',600,,15575,24,,,1,30,,15576,24,,,1,100,,15577,24,,,1,70,,15578,24,,,1,30,,15579,24,,,1,99,,15580,24,,,1,30,,15581,24,,,1,70,,15582,24,,,1,100,,15583,24,,,1,29,,15584,24,,,1,70,,15585,24,,,1,99,,15586,24,,,1,30,,15587,24,,,1,70,,15588,24,,,1,100,,15589,24,,,1,30,,15590,24,,,1,70,,15591,24,,,1,100,,15592,24,,,1,31,,15593,24,,,1,70,,15594,24,,,1,101,,15595,24,,,1,100,,15596,24,,,1,100,,15597,24,,,1
3201,'WKDY/30',700,,15561,24,,,1,200,,15562,24,,,1,159,,15563,24,,,1,199,,15564,24,,,1,199,,15565,24,,,1,200,,15566,24,,,1,202,,15567,24,,,1
3201,'WKDY/31',700,,15568,24,,,1,200,,15569,24,,,1,159,,15570,24,,,1,199,,15571,24,,,1,199,,15572,24,,,1,200,,15573,24,,,1,202,,15574,24,,,1
3201,'SAT',806,,15598,24,,,1,39,,15599,24,,,1,81,,15600,24,,,1,79,,15601,24,,,1,40,,15602,24,,,1,81,,15603,24,,,1,79,,15604,24,,,1,39,,15605,24,,,1,80,,15606,24,,,1,80,,15607,24,,,1,40,,15608,24,,,1,80,,15609,24,,,1,80,,15610,24,,,1,41,,15611,24,,,1,79,,15612,24,,,1,81,,15613,24,,,1,42,,15614,24,,,1,79,,15615,24,,,1,80,,15616,24,,,1
3201,'SUN',807,,15617,24,,,1,100,,15618,24,,,1,98,,15619,24,,,1,100,,15620,24,,,1,99,,15621,24,,,1,101,,15622,24,,,1,100,,15623,24,,,1,99,,15624,24,,,1,100,,15625,24,,,1,100,,15626,24,,,1,100,,15627,24,,,1,101,,15628,24,,,1,101,,15629,24,,,1
3201,'NYE',600,,15630,24,,,1,30,,15631,24,,,1,100,,15632,24,,,1,70,,15633,24,,,1,30,,15634,24,,,1,99,,15635,24,,,1,30,,15636,24,,,1,70,,15637,24,,,1,100,,15638,24,,,1,29,,15639,24,,,1,70,,15640,24,,,1,99,,15641,24,,,1,30,,15642,24,,,1,70,,15643,24,,,1,100,,15644,24,,,1,30,,15645,24,,,1,70,,15646,24,,,1,100,,15647,24,,,1,31,,15648,24,,,1,70,,15649,24,,,1,101,,15650,24,,,1,100,,15651,24,,,1,100,,15652,24,,,1
3201,'NYE/31',700,,15653,24,,,1,200,,15654,24,,,1,159,,15655,24,,,1,199,,15656,24,,,1,199,,15657,24,,,1,200,,15658,24,,,1,202,,15659,24,,,1
