3000,'WKDY',548,,15092,17,,,1,70,,15093,17,,,1,23,,15062,52,,,1,71,,15063,52,,,1,33,,15064,52,,,1,71,,15065,52,,,1,30,,15066,52,,,1,71,,15067,52,,,1,28,,15068,52,,,1,71,,15069,52,,,1,29,,15070,52,,,1,69,,15071,52,,,1,30,,15072,52,,,1,70,,15073,52,,,1,30,,15074,52,,,1,72,,15075,52,,,1,30,,15076,52,,,1,70,,15077,52,,,1,30,,15078,52,,,1,73,,15079,52,,,1,30,,15080,52,,,1,70,,15081,52,,,1,30,,15082,52,,,1,70,,15083,52,,,1,30,,15084,52,,,1,68,,15085,52,,,1,29,,15086,52,,,1,68,,15087,52,,,1,27,,15088,52,,,1,70,,15089,52,,,1,27,,15090,52,,,1,100,,15091,52,,,1
3000,'SAT',635,,15094,17,,,1,100,,15095,17,,,1,70,,15096,52,,,1,32,,15097,52,,,1,71,,15098,52,,,1,31,,15099,52,,,1,70,,15100,52,,,1,31,,15101,52,,,1,70,,15102,52,,,1,33,,15103,52,,,1,71,,15104,52,,,1,31,,15105,52,,,1,70,,15106,52,,,1,29,,15107,52,,,1,71,,15108,52,,,1,30,,15109,52,,,1,69,,15110,52,,,1,30,,15111,52,,,1,71,,15112,52,,,1,29,,15113,52,,,1,70,,15114,52,,,1,28,,15115,52,,,1,100,,15116,52,,,1,98,,15117,52,,,1,100,,15118,52,,,1
3000,'SUN',635,,15119,17,,,1,100,,15120,17,,,1,104,,15121,52,,,1,100,,15122,52,,,1,102,,15123,52,,,1,100,,15124,52,,,1,101,,15125,52,,,1,101,,15126,52,,,1,100,,15127,52,,,1,99,,15128,52,,,1,100,,15129,52,,,1,99,,15130,52,,,1,99,,15131,52,,,1,99,,15132,52,,,1,100,,15133,52,,,1
3000,'NYE',548,,15134,17,,,1,70,,15135,17,,,1,23,,15136,52,,,1,71,,15137,52,,,1,33,,15138,52,,,1,71,,15139,52,,,1,30,,15140,52,,,1,71,,15141,52,,,1,28,,15142,52,,,1,71,,15143,52,,,1,29,,15144,52,,,1,69,,15145,52,,,1,30,,15146,52,,,1,70,,15147,52,,,1,30,,15148,52,,,1,72,,15149,52,,,1,30,,15150,52,,,1,70,,15151,52,,,1,30,,15152,52,,,1,73,,15153,52,,,1,30,,15154,52,,,1,70,,15155,52,,,1,30,,15156,52,,,1,70,,15157,52,,,1,30,,15158,52,,,1,68,,15159,52,,,1,29,,15160,52,,,1,68,,15161,52,,,1,27,,15162,52,,,1,70,,15163,52,,,1,27,,15164,52,,,1,100,,15165,52,,,1
4100,'WKDY',1745,,15960,1,,,1
4100,'WKDY/30',1710,,15957,1,,,1
4100,'WKDY/31',1710,,15959,1,,,1
4100,'NYE',1745,,15961,1,,,1
4100,'NYE/31',1710,,15963,1,,,1
4101,'WKDY',759,,15970,16,,,1
4101,'WKDY/30',729,,15964,16,,,1
4101,'WKDY/31',729,,15967,16,,,1
4101,'NYE',759,,15972,16,,,1
4101,'NYE/31',729,,15974,16,,,1
10501,'WKDY/31',514,,20010,2,,,1,41,,20011,2,,,1,82,,20012,2,,,1,70,,20013,2,,,1,10,,20014,2,,,1,40,,20015,2,,,1,90,,20016,2,,,1,69,,20017,2,,,1,101,,20018,2,,,1,99,,20019,2,,,1,98,,20020,2,,,1,100,,20021,2,,,1,99,,20022,2,,,1,99,,20023,2,,,1,40,,20024,2,,,1,79,,20025,2,,,1,80,,20026,2,,,1,31,,20027,2,,,1,72,,20028,2,,,1,103,,20029,2,,,1,100,,20030,2,,,1
10501,'NYE/31',514,,20031,2,,,1,41,,20032,2,,,1,82,,20033,2,,,1,70,,20034,2,,,1,10,,20035,2,,,1,40,,20036,2,,,1,90,,20037,2,,,1,69,,20038,2,,,1,101,,20039,2,,,1,99,,20040,2,,,1,98,,20041,2,,,1,100,,20042,2,,,1,99,,20043,2,,,1,99,,20044,2,,,1,40,,20045,2,,,1,79,,20046,2,,,1,80,,20047,2,,,1,31,,20048,2,,,1,72,,20049,2,,,1,103,,20050,2,,,1,100,,20051,2,,,1
50000,'WKDY/30',450,,20244,3,,,1,70,,20245,3,,,1,98,,20246,3,,,1,28,,20247,3,,,1,70,,20248,3,,,1,30,,20249,3,,,1,70,,20250,3,,,1,87,,20251,3,,,1,100,,20252,3,,,1,100,,20253,3,,,1,100,,20254,3,,,1,100,,20255,3,,,1,100,,20256,3,,,1,100,,20257,3,,,1,45,,20258,3,,,1,70,,20259,3,,,1,87,,20260,3,,,1,30,,20261,3,,,1,70,,20262,3,,,1,102,,20263,3,,,1,100,,20264,3,,,1
