701,'WKDY',647,,14324,26,,,1,60,,14325,26,,,1,121,,14326,26,,,1,73,,14327,26,,,1,99,,14328,26,,,1,30,,14329,26,,,1,100,,14330,26,,,1,70,,14331,26,,,1,102,,14332,26,,,1,30,,14333,26,,,1,103,,14334,26,,,1,70,,14335,26,,,1,103,,14336,26,,,1,30,,14337,26,,,1,98,,14338,26,,,1,70,,14339,26,,,1,96,,14340,26,,,1,22,,14341,26,,,1,98,,14342,26,,,1,100,,14343,26,,,1,96,,14344,26,,,1
701,'WKDY/30',759,,14306,26,,,1,171,,14307,26,,,1,170,,14308,26,,,1,132,,14309,26,,,1,172,,14310,26,,,1,134,,14311,26,,,1,169,,14312,26,,,1,125,,14313,26,,,1,122,,14314,26,,,1
701,'WKDY/31',759,,14315,26,,,1,171,,14316,26,,,1,170,,14317,26,,,1,132,,14318,26,,,1,172,,14319,26,,,1,134,,14320,26,,,1,169,,14321,26,,,1,125,,14322,26,,,1,122,,14323,26,,,1
701,'SAT',749,,14345,26,,,1,100,,14346,26,,,1,105,,14347,26,,,1,103,,14348,26,,,1,102,,14349,26,,,1,144,,14350,26,,,1,100,,14351,26,,,1,101,,14352,26,,,1,100,,14353,26,,,1,99,,14354,26,,,1,100,,14355,26,,,1,52,,14356,26,,,1,100,,14357,26,,,1,95,,14358,26,,,1,100,,14359,26,,,1
701,'SUN',749,,14360,26,,,1,100,,14361,26,,,1,105,,14362,26,,,1,103,,14363,26,,,1,102,,14364,26,,,1,144,,14365,26,,,1,100,,14366,26,,,1,101,,14367,26,,,1,100,,14368,26,,,1,99,,14369,26,,,1,100,,14370,26,,,1,52,,14371,26,,,1,100,,14372,26,,,1,95,,14373,26,,,1,100,,14374,26,,,1
701,'NYE',647,,14375,26,,,1,60,,14376,26,,,1,121,,14377,26,,,1,73,,14378,26,,,1,99,,14379,26,,,1,30,,14380,26,,,1,100,,14381,26,,,1,70,,14382,26,,,1,102,,14383,26,,,1,30,,14384,26,,,1,103,,14385,26,,,1,70,,14386,26,,,1,103,,14387,26,,,1,30,,14388,26,,,1,98,,14389,26,,,1,70,,14390,26,,,1,96,,14391,26,,,1,22,,14392,26,,,1,98,,14393,26,,,1,100,,14394,26,,,1,96,,14395,26,,,1
701,'NYE/31',759,,14396,26,,,1,171,,14397,26,,,1,170,,14398,26,,,1,132,,14399,26,,,1,172,,14400,26,,,1,134,,14401,26,,,1,169,,14402,26,,,1,125,,14403,26,,,1,122,,14404,26,,,1
1201,'WKDY',641,,14552,28,,,1,70,,14553,28,,,1,34,,14554,28,,,1,70,,14555,28,,,1,30,,14556,28,,,1,70,,14557,28,,,1,30,,14558,28,,,1,70,,14559,28,,,1,30,,14560,28,,,1,70,,14561,28,,,1,30,,14562,28,,,1,70,,14563,28,,,1,30,,14564,28,,,1,70,,14565,28,,,1,30,,14566,28,,,1,70,,14567,28,,,1,30,,14568,28,,,1,70,,14569,28,,,1,34,,14570,28,,,1,70,,14571,28,,,1,30,,14572,28,,,1,70,,14573,28,,,1,29,,14574,28,,,1,70,,14575,28,,,1,29,,14576,28,,,1,70,,14577,28,,,1,30,,14578,28,,,1,67,,14579,28,,,1,30,,14580,28,,,1,70,,14581,28,,,1,27,,14582,28,,,1,70,,14583,28,,,1
1201,'SAT',731,,14584,28,,,1,101,,14585,28,,,1,102,,14586,28,,,1,101,,14587,28,,,1,102,,14588,28,,,1,100,,14589,28,,,1,100,,14590,28,,,1,102,,14591,28,,,1,100,,14592,28,,,1,100,,14593,28,,,1,98,,14594,28,,,1,99,,14595,28,,,1,99,,14596,28,,,1,99,,14597,28,,,1,99,,14598,28,,,1,100,,14599,28,,,1
1201,'SUN',731,,14600,28,,,1,101,,14601,28,,,1,102,,14602,28,,,1,101,,14603,28,,,1,102,,14604,28,,,1,100,,14605,28,,,1,100,,14606,28,,,1,102,,14607,28,,,1,100,,14608,28,,,1,100,,14609,28,,,1,98,,14610,28,,,1,99,,14611,28,,,1,99,,14612,28,,,1,99,,14613,28,,,1,99,,14614,28,,,1,100,,14615,28,,,1
1201,'NYE',641,,14616,28,,,1,70,,14617,28,,,1,34,,14618,28,,,1,70,,14619,28,,,1,30,,14620,28,,,1,70,,14621,28,,,1,30,,14622,28,,,1,70,,14623,28,,,1,30,,14624,28,,,1,70,,14625,28,,,1,30,,14626,28,,,1,70,,14627,28,,,1,30,,14628,28,,,1,70,,14629,28,,,1,30,,14630,28,,,1,70,,14631,28,,,1,30,,14632,28,,,1,70,,14633,28,,,1,34,,14634,28,,,1,70,,14635,28,,,1,30,,14636,28,,,1,70,,14637,28,,,1,29,,14638,28,,,1,70,,14639,28,,,1,29,,14640,28,,,1,70,,14641,28,,,1,30,,14642,28,,,1,67,,14643,28,,,1,30,,14644,28,,,1,70,,14645,28,,,1,27,,14646,28,,,1,70,,14647,28,,,1
7200,'WKDY',539,,18981,27,,,1,92,,18982,27,,,1,70,,18983,27,,,1,30,,18984,27,,,1,74,,18985,27,,,1,29,,18986,27,,,1,99,,18987,27,,,1,70,,18988,27,,,1,30,,18989,27,,,1,72,,18990,27,,,1,100,,18991,27,,,1,30,,18992,27,,,1,70,,18993,27,,,1,30,,18994,27,,,1,101,,18995,27,,,1,73,,18996,27,,,1,30,,18997,27,,,1,72,,18998,27,,,1,95,,18999,27,,,1,30,,19000,27,,,1,70,,19001,27,,,1,26,,19002,27,,,1,99,,19003,27,,,1,99,,19004,27,,,1,110,,19005,27,,,1
7200,'WKDY/30',903,,18971,27,,,1,232,,18972,27,,,1,271,,18973,27,,,1,235,,18974,27,,,1,260,,18975,27,,,1
7200,'WKDY/31',903,,18976,27,,,1,232,,18977,27,,,1,271,,18978,27,,,1,235,,18979,27,,,1,260,,18980,27,,,1
7200,'SAT',802,,19006,27,,,1,101,,19007,27,,,1,101,,19008,27,,,1,100,,19009,27,,,1,102,,19010,27,,,1,102,,19011,27,,,1,101,,19012,27,,,1,99,,19013,27,,,1,99,,19014,27,,,1,100,,19015,27,,,1,98,,19016,27,,,1,100,,19017,27,,,1,99,,19018,27,,,1
7200,'SUN',802,,19019,27,,,1,101,,19020,27,,,1,101,,19021,27,,,1,100,,19022,27,,,1,102,,19023,27,,,1,102,,19024,27,,,1,101,,19025,27,,,1,99,,19026,27,,,1,99,,19027,27,,,1,100,,19028,27,,,1,98,,19029,27,,,1,100,,19030,27,,,1,99,,19031,27,,,1
7200,'NYE',539,,19032,27,,,1,92,,19033,27,,,1,70,,19034,27,,,1,30,,19035,27,,,1,74,,19036,27,,,1,29,,19037,27,,,1,99,,19038,27,,,1,70,,19039,27,,,1,30,,19040,27,,,1,72,,19041,27,,,1,100,,19042,27,,,1,30,,19043,27,,,1,70,,19044,27,,,1,30,,19045,27,,,1,101,,19046,27,,,1,73,,19047,27,,,1,30,,19048,27,,,1,72,,19049,27,,,1,95,,19050,27,,,1,30,,19051,27,,,1,70,,19052,27,,,1,26,,19053,27,,,1,99,,19054,27,,,1,99,,19055,27,,,1,110,,19056,27,,,1
7200,'NYE/31',903,,19057,27,,,1,232,,19058,27,,,1,271,,19059,27,,,1,235,,19060,27,,,1,260,,19061,27,,,1
7401,'WKDY',539,,19270,25,,,1,100,,19271,25,,,1,69,,19272,25,,,1,31,,19273,25,,,1,100,,19274,25,,,1,69,,19275,25,,,1,30,,19276,25,,,1,70,,19277,25,,,1,100,,19278,25,,,1,31,,19279,25,,,1,71,,19280,25,,,1,31,,19281,25,,,1,102,,19282,25,,,1,70,,19283,25,,,1,29,,19284,25,,,1,68,,19285,25,,,1,100,,19286,25,,,1,32,,19287,25,,,1,70,,19288,25,,,1,29,,19289,25,,,1,101,,19290,25,,,1,68,,19291,25,,,1,28,,19292,25,,,1,101,,19293,25,,,1
7401,'WKDY/30',810,,19254,25,,,1,228,,19255,25,,,1,275,,19256,25,,,1,227,,19257,25,,,1,271,,19258,25,,,1,198,,19259,25,,,1,99,,19260,25,,,1,99,,19261,25,,,1
7401,'WKDY/31',810,,19262,25,,,1,228,,19263,25,,,1,275,,19264,25,,,1,227,,19265,25,,,1,271,,19266,25,,,1,198,,19267,25,,,1,99,,19268,25,,,1,99,,19269,25,,,1
7401,'SAT',809,,19294,25,,,1,101,,19295,25,,,1,100,,19296,25,,,1,101,,19297,25,,,1,103,,19298,25,,,1,102,,19299,25,,,1,103,,19300,25,,,1,97,,19301,25,,,1,98,,19302,25,,,1,101,,19303,25,,,1,99,,19304,25,,,1,99,,19305,25,,,1,99,,19306,25,,,1,98,,19307,25,,,1
7401,'SUN',809,,19308,25,,,1,101,,19309,25,,,1,100,,19310,25,,,1,101,,19311,25,,,1,103,,19312,25,,,1,102,,19313,25,,,1,103,,19314,25,,,1,97,,19315,25,,,1,98,,19316,25,,,1,101,,19317,25,,,1,99,,19318,25,,,1,99,,19319,25,,,1,99,,19320,25,,,1,98,,19321,25,,,1
7401,'NYE',539,,19322,25,,,1,100,,19323,25,,,1,69,,19324,25,,,1,31,,19325,25,,,1,100,,19326,25,,,1,69,,19327,25,,,1,30,,19328,25,,,1,70,,19329,25,,,1,100,,19330,25,,,1,31,,19331,25,,,1,71,,19332,25,,,1,31,,19333,25,,,1,102,,19334,25,,,1,70,,19335,25,,,1,29,,19336,25,,,1,68,,19337,25,,,1,100,,19338,25,,,1,32,,19339,25,,,1,70,,19340,25,,,1,29,,19341,25,,,1,101,,19342,25,,,1,68,,19343,25,,,1,28,,19344,25,,,1,101,,19345,25,,,1
7401,'NYE/31',810,,19346,25,,,1,228,,19347,25,,,1,275,,19348,25,,,1,227,,19349,25,,,1,271,,19350,25,,,1,198,,19351,25,,,1,99,,19352,25,,,1,99,,19353,25,,,1
8000,'WKDY',629,,19657,34,,,1,71,,19658,34,,,1,33,,19659,34,,,1,71,,19660,34,,,1,31,,19661,34,,,1,70,,19662,34,,,1,29,,19663,34,,,1,70,,19664,34,,,1,31,,19665,34,,,1,70,,19666,34,,,1,30,,19667,34,,,1,70,,19668,34,,,1,30,,19669,34,,,1,70,,19670,34,,,1,30,,19671,34,,,1,71,,19672,34,,,1,31,,19673,34,,,1,70,,19674,34,,,1,33,,19675,34,,,1,70,,19676,34,,,1,31,,19677,34,,,1,68,,19678,34,,,1,30,,19679,34,,,1,67,,19680,34,,,1,30,,19681,34,,,1,66,,19682,34,,,1,29,,19683,34,,,1,70,,19684,34,,,1,27,,19685,34,,,1,29,,19686,34,,,1,70,,19687,34,,,1
8000,'SAT',727,,19688,34,,,1,101,,19689,34,,,1,30,,19690,34,,,1,71,,19691,34,,,1,30,,19692,34,,,1,71,,19693,34,,,1,70,,19694,34,,,1,30,,19695,34,,,1,70,,19696,34,,,1,32,,19697,34,,,1,71,,19698,34,,,1,30,,19699,34,,,1,70,,19700,34,,,1,30,,19701,34,,,1,70,,19702,34,,,1,30,,19703,34,,,1,69,,19704,34,,,1,29,,19705,34,,,1,70,,19706,34,,,1,30,,19707,34,,,1,70,,19708,34,,,1,30,,19709,34,,,1,28,,19710,34,,,1,69,,19711,34,,,1,30,,19712,34,,,1,70,,19713,34,,,1,30,,19714,34,,,1,99,,19715,34,,,1
8000,'SUN',727,,19716,34,,,1,101,,19717,34,,,1,30,,19718,34,,,1,71,,19719,34,,,1,30,,19720,34,,,1,71,,19721,34,,,1,70,,19722,34,,,1,30,,19723,34,,,1,70,,19724,34,,,1,32,,19725,34,,,1,71,,19726,34,,,1,30,,19727,34,,,1,70,,19728,34,,,1,30,,19729,34,,,1,70,,19730,34,,,1,30,,19731,34,,,1,69,,19732,34,,,1,29,,19733,34,,,1,70,,19734,34,,,1,30,,19735,34,,,1,70,,19736,34,,,1,30,,19737,34,,,1,28,,19738,34,,,1,69,,19739,34,,,1,30,,19740,34,,,1,70,,19741,34,,,1,30,,19742,34,,,1,99,,19743,34,,,1
8000,'NYE',629,,19744,34,,,1,71,,19745,34,,,1,33,,19746,34,,,1,71,,19747,34,,,1,31,,19748,34,,,1,70,,19749,34,,,1,29,,19750,34,,,1,70,,19751,34,,,1,31,,19752,34,,,1,70,,19753,34,,,1,30,,19754,34,,,1,70,,19755,34,,,1,30,,19756,34,,,1,70,,19757,34,,,1,30,,19758,34,,,1,71,,19759,34,,,1,31,,19760,34,,,1,70,,19761,34,,,1,33,,19762,34,,,1,70,,19763,34,,,1,31,,19764,34,,,1,68,,19765,34,,,1,30,,19766,34,,,1,67,,19767,34,,,1,30,,19768,34,,,1,66,,19769,34,,,1,29,,19770,34,,,1,70,,19771,34,,,1,27,,19772,34,,,1,29,,19773,34,,,1,70,,19774,34,,,1,30,,19785,34,,,1,70,,19775,34,,,1,30,,19776,34,,,1,70,,19777,34,,,1,30,,19778,34,,,1,70,,19779,34,,,1,30,,19780,34,,,1,70,,19781,34,,,1,30,,19782,34,,,1,70,,19783,34,,,1,30,,19784,34,,,1
