10500,'WKDY/31',540,,19970,2,,,1,81,,19971,2,,,1,87,,19972,2,,,1,50,,19973,2,,,1,82,,19974,2,,,1,87,,19975,2,,,1,25,,19976,2,,,1,101,,19977,2,,,1,96,,19978,2,,,1
10500,'NYE/31',540,,19990,2,,,1,81,,19991,2,,,1,87,,19992,2,,,1,50,,19993,2,,,1,82,,19994,2,,,1,87,,19995,2,,,1,25,,19996,2,,,1,101,,19997,2,,,1,96,,19998,2,,,1
10501,'WKDY/31',740,,20013,8,,,1
10501,'NYE/31',740,,20034,8,,,1
10601,'WKDY/31',551,,20069,5,,,1,86,,20070,5,,,1,85,,20071,5,,,1,84,,20072,5,,,1,35,,20073,5,,,1
10601,'NYE/31',551,,20074,5,,,1,86,,20075,5,,,1,85,,20076,5,,,1,84,,20077,5,,,1,35,,20078,5,,,1
16400,'WKDY/30',554,,20079,2,,,1,90,,20080,2,,,1,81,,20081,2,,,1,105,,20082,2,,,1,97,,20083,2,,,1,100,,20084,2,,,1
16400,'WKDY/31',554,,20097,2,,,1,90,,20098,2,,,1,81,,20099,2,,,1,105,,20100,2,,,1,97,,20101,2,,,1,100,,20102,2,,,1
16400,'WKDY',1127,,20115,2,,,1
16400,'NYE',1127,,20119,2,,,1
16400,'NYE/31',554,,20123,2,,,1,90,,20124,2,,,1,81,,20125,2,,,1,105,,20126,2,,,1,97,,20127,2,,,1,100,,20128,2,,,1
16401,'WKDY/30',625,,20142,3,,,1,82,,20144,3,,,1,49,,20146,3,,,1,62,,20147,3,,,1
16401,'WKDY/31',625,,20158,3,,,1,82,,20160,3,,,1,49,,20162,3,,,1,62,,20163,3,,,1
16401,'WKDY',521,,20173,3,,,1
16401,'NYE',521,,20178,3,,,1
16401,'NYE/31',625,,20184,3,,,1,82,,20186,3,,,1,49,,20188,3,,,1,62,,20189,3,,,1
