700,'WKDY',610,,14423,22,,,1,134,,14424,22,,,1,74,,14425,22,,,1,100,,14426,22,,,1,30,,14427,22,,,1,100,,14428,22,,,1,70,,14429,22,,,1,102,,14430,22,,,1,30,,14431,22,,,1,100,,14432,22,,,1,70,,14433,22,,,1,103,,14434,22,,,1,30,,14435,22,,,1,100,,14436,22,,,1,70,,14437,22,,,1,100,,14438,22,,,1,25,,14439,22,,,1,100,,14440,22,,,1,100,,14441,22,,,1,96,,14442,22,,,1
700,'WKDY/30',715,,14405,22,,,1,133,,14406,22,,,1,170,,14407,22,,,1,132,,14408,22,,,1,170,,14409,22,,,1,133,,14410,22,,,1,170,,14411,22,,,1,130,,14412,22,,,1,165,,14413,22,,,1
700,'WKDY/31',715,,14414,22,,,1,133,,14415,22,,,1,170,,14416,22,,,1,132,,14417,22,,,1,170,,14418,22,,,1,133,,14419,22,,,1,170,,14420,22,,,1,130,,14421,22,,,1,165,,14422,22,,,1
700,'SAT',714,,14443,22,,,1,100,,14444,22,,,1,103,,14445,22,,,1,100,,14446,22,,,1,102,,14447,22,,,1,102,,14448,22,,,1,100,,14449,22,,,1,102,,14450,22,,,1,100,,14451,22,,,1,100,,14452,22,,,1,100,,14453,22,,,1,95,,14454,22,,,1,100,,14455,22,,,1,98,,14456,22,,,1,100,,14457,22,,,1
700,'SUN',714,,14458,22,,,1,100,,14459,22,,,1,103,,14460,22,,,1,100,,14461,22,,,1,102,,14462,22,,,1,102,,14463,22,,,1,100,,14464,22,,,1,102,,14465,22,,,1,100,,14466,22,,,1,100,,14467,22,,,1,100,,14468,22,,,1,95,,14469,22,,,1,100,,14470,22,,,1,98,,14471,22,,,1,100,,14472,22,,,1
700,'NYE',610,,14473,22,,,1,134,,14474,22,,,1,74,,14475,22,,,1,100,,14476,22,,,1,30,,14477,22,,,1,100,,14478,22,,,1,70,,14479,22,,,1,102,,14480,22,,,1,30,,14481,22,,,1,100,,14482,22,,,1,70,,14483,22,,,1,103,,14484,22,,,1,30,,14485,22,,,1,100,,14486,22,,,1,70,,14487,22,,,1,100,,14488,22,,,1,25,,14489,22,,,1,100,,14490,22,,,1,100,,14491,22,,,1,96,,14492,22,,,1
700,'NYE/31',715,,14493,22,,,1,133,,14494,22,,,1,170,,14495,22,,,1,132,,14496,22,,,1,170,,14497,22,,,1,133,,14498,22,,,1,170,,14499,22,,,1,130,,14500,22,,,1,165,,14501,22,,,1
4700,'WKDY',536,,15981,2,,,1
4700,'WKDY/30',1213,,15977,2,,,1,606,,15978,2,,,1
4700,'WKDY/31',1213,,15979,2,,,1,606,,15980,2,,,1
4700,'NYE',536,,15982,2,,,1
4700,'NYE/31',1213,,15983,2,,,1,606,,15984,2,,,1
