3000,'WKDY',609,,15062,11,,,1,31,,15063,11,,,1,71,,15064,11,,,1,30,,15065,11,,,1,70,,15066,11,,,1,31,,15067,11,,,1,69,,15068,11,,,1,30,,15069,11,,,1,70,,15070,11,,,1,30,,15071,11,,,1,70,,15072,11,,,1,30,,15073,11,,,1,70,,15074,11,,,1,31,,15075,11,,,1,70,,15076,11,,,1,30,,15077,11,,,1,70,,15078,11,,,1,31,,15079,11,,,1,70,,15080,11,,,1,30,,15081,11,,,1,70,,15082,11,,,1,30,,15083,11,,,1,70,,15084,11,,,1,30,,15085,11,,,1,70,,15086,11,,,1,30,,15087,11,,,1,69,,15088,11,,,1,30,,15089,11,,,1,68,,15090,11,,,1,100,,15091,11,,,1
3000,'SAT',738,,15096,11,,,1,71,,15097,11,,,1,31,,15098,11,,,1,70,,15099,11,,,1,30,,15100,11,,,1,70,,15101,11,,,1,30,,15102,11,,,1,72,,15103,11,,,1,30,,15104,11,,,1,70,,15105,11,,,1,30,,15106,11,,,1,70,,15107,11,,,1,30,,15108,11,,,1,70,,15109,11,,,1,30,,15110,11,,,1,70,,15111,11,,,1,30,,15112,11,,,1,70,,15113,11,,,1,30,,15114,11,,,1,70,,15115,11,,,1,100,,15116,11,,,1,99,,15117,11,,,1,100,,15118,11,,,1
3000,'SUN',810,,15121,11,,,1,100,,15122,11,,,1,101,,15123,11,,,1,100,,15124,11,,,1,100,,15125,11,,,1,101,,15126,11,,,1,100,,15127,11,,,1,100,,15128,11,,,1,100,,15129,11,,,1,99,,15130,11,,,1,100,,15131,11,,,1,99,,15132,11,,,1,100,,15133,11,,,1
3000,'NYE',609,,15136,11,,,1,31,,15137,11,,,1,71,,15138,11,,,1,30,,15139,11,,,1,70,,15140,11,,,1,31,,15141,11,,,1,69,,15142,11,,,1,30,,15143,11,,,1,70,,15144,11,,,1,30,,15145,11,,,1,70,,15146,11,,,1,30,,15147,11,,,1,70,,15148,11,,,1,31,,15149,11,,,1,70,,15150,11,,,1,30,,15151,11,,,1,70,,15152,11,,,1,31,,15153,11,,,1,70,,15154,11,,,1,30,,15155,11,,,1,70,,15156,11,,,1,30,,15157,11,,,1,70,,15158,11,,,1,30,,15159,11,,,1,70,,15160,11,,,1,30,,15161,11,,,1,69,,15162,11,,,1,30,,15163,11,,,1,68,,15164,11,,,1,100,,15165,11,,,1
7401,'WKDY',523,,19270,7,,,1,97,,19271,7,,,1,29,,19272,7,,,1,70,,19273,7,,,1,100,,19274,7,,,1,29,,19275,7,,,1,70,,19276,7,,,1,30,,19277,7,,,1,100,,19278,7,,,1,70,,19279,7,,,1,31,,19280,7,,,1,70,,19281,7,,,1,101,,19282,7,,,1,30,,19283,7,,,1,69,,19284,7,,,1,27,,19285,7,,,1,99,,19286,7,,,1,72,,19287,7,,,1,30,,19288,7,,,1,70,,19289,7,,,1,103,,19290,7,,,1,31,,19291,7,,,1,69,,19292,7,,,1,101,,19293,7,,,1
7401,'WKDY/30',750,,19254,7,,,1,268,,19255,7,,,1,232,,19256,7,,,1,266,,19257,7,,,1,233,,19258,7,,,1,202,,19259,7,,,1,99,,19260,7,,,1,99,,19261,7,,,1
7401,'WKDY/31',750,,19262,7,,,1,268,,19263,7,,,1,232,,19264,7,,,1,266,,19265,7,,,1,233,,19266,7,,,1,202,,19267,7,,,1,99,,19268,7,,,1,99,,19269,7,,,1
7401,'SAT',749,,19294,7,,,1,101,,19295,7,,,1,100,,19296,7,,,1,101,,19297,7,,,1,103,,19298,7,,,1,101,,19299,7,,,1,103,,19300,7,,,1,97,,19301,7,,,1,99,,19302,7,,,1,101,,19303,7,,,1,99,,19304,7,,,1,99,,19305,7,,,1,99,,19306,7,,,1,100,,19307,7,,,1
7401,'SUN',749,,19308,7,,,1,101,,19309,7,,,1,100,,19310,7,,,1,101,,19311,7,,,1,103,,19312,7,,,1,101,,19313,7,,,1,103,,19314,7,,,1,97,,19315,7,,,1,99,,19316,7,,,1,101,,19317,7,,,1,99,,19318,7,,,1,99,,19319,7,,,1,99,,19320,7,,,1,100,,19321,7,,,1
7401,'NYE',523,,19322,7,,,1,97,,19323,7,,,1,29,,19324,7,,,1,70,,19325,7,,,1,100,,19326,7,,,1,29,,19327,7,,,1,70,,19328,7,,,1,30,,19329,7,,,1,100,,19330,7,,,1,70,,19331,7,,,1,31,,19332,7,,,1,70,,19333,7,,,1,101,,19334,7,,,1,30,,19335,7,,,1,69,,19336,7,,,1,27,,19337,7,,,1,99,,19338,7,,,1,72,,19339,7,,,1,30,,19340,7,,,1,70,,19341,7,,,1,103,,19342,7,,,1,31,,19343,7,,,1,69,,19344,7,,,1,101,,19345,7,,,1
7401,'NYE/31',750,,19346,7,,,1,268,,19347,7,,,1,232,,19348,7,,,1,266,,19349,7,,,1,233,,19350,7,,,1,202,,19351,7,,,1,99,,19352,7,,,1,99,,19353,7,,,1
