200,632,1,0,0
200,633,2,0,0
200,3260,3,0,0
200,2000,4,0,0
200,504,5,0,0
200,2001,6,0,0
200,505,7,0,0
200,4138,8,0,0
200,4137,9,0,0
200,3296,10,0,0
200,3297,11,0,0
200,6056,12,0,0
200,545,13,0,0
200,546,14,0,0
200,547,15,0,0
200,548,16,0,0
200,549,17,0,0
200,551,18,0,0
200,2006,19,0,0
200,553,20,0,0
200,554,21,0,0
200,2708,22,0,0
200,3114,23,0,0
200,2868,24,0,0
200,2709,25,0,0
200,2710,26,0,0
200,2836,27,0,0
200,2926,28,0,0
200,2927,29,0,0
200,744,30,0,0
200,2989,31,0,0
200,747,32,0,0
200,748,33,0,0
200,749,34,0,0
200,750,35,0,0
200,752,36,0,0
200,753,37,0,0
200,3200,38,0,0
200,4153,39,0,0
200,9013,40,1,1
200,9010,41,1,1
201,9013,1,0,0
201,4152,2,0,0
201,2233,3,0,0
201,2231,4,0,0
201,783,5,0,0
201,784,6,0,0
201,786,7,0,0
201,787,8,0,0
201,788,9,0,0
201,2838,10,0,0
201,2839,11,0,0
201,2840,12,0,0
201,2706,13,0,0
201,3242,14,0,0
201,2930,15,0,0
201,558,16,0,0
201,559,17,0,0
201,560,18,0,0
201,2007,19,0,0
201,4183,20,0,0
201,4184,21,0,0
201,2844,22,0,0
201,2845,23,0,0
201,2846,24,0,0
201,2847,25,0,0
201,6055,26,0,0
201,3283,27,0,0
201,3284,28,0,0
201,3285,29,0,0
201,3294,30,0,0
201,524,31,0,0
201,525,32,0,0
201,2003,33,0,0
201,3492,34,0,0
201,579,35,0,0
201,638,36,0,0
201,632,37,1,1
600,6023,1,0,0
600,6024,2,0,0
600,6025,3,0,0
600,2847,4,0,0
600,6055,5,0,0
600,3283,6,0,0
600,3284,7,0,0
600,3285,8,0,0
600,6060,9,0,0
600,6258,10,0,0
600,676,11,0,0
600,321,12,0,0
600,678,13,0,0
600,679,14,0,0
600,680,15,0,0
600,6062,16,0,0
600,6063,17,0,0
600,3303,18,0,0
600,3304,19,0,0
600,3306,20,0,0
600,3308,21,0,0
600,3495,22,0,0
600,6255,23,1,1
601,6255,1,0,0
601,3273,2,0,0
601,3274,3,0,0
601,3275,4,0,0
601,3276,5,0,0
601,3277,6,0,0
601,6065,7,0,0
601,6064,8,0,0
601,6171,9,0,0
601,724,10,0,0
601,725,11,0,0
601,1607,12,0,0
601,728,13,0,0
601,6057,14,0,0
601,6058,15,0,0
601,6059,16,0,0
601,6284,17,0,0
601,6023,18,1,1
700,3076,1,0,0
700,6039,2,0,0
700,6040,3,0,0
700,6041,4,0,0
700,835,5,0,0
700,836,6,0,0
700,1375,7,0,0
700,6011,8,0,0
700,3072,9,0,0
700,3070,10,0,0
700,6050,11,0,0
700,2395,12,0,0
700,846,13,0,0
700,848,14,0,0
700,849,15,0,0
700,850,16,0,0
700,851,17,0,0
700,852,18,0,0
700,853,19,0,0
700,6095,20,0,0
700,6096,21,0,0
700,1094,22,0,0
700,1102,23,0,0
700,1103,24,0,0
700,2273,25,0,0
700,701,26,0,0
700,9022,27,1,1
700,9024,28,1,1
701,9022,1,0,0
701,702,2,0,0
701,2274,3,0,0
701,1083,4,0,0
701,1084,5,0,0
701,6177,6,0,0
701,6097,7,0,0
701,6098,8,0,0
701,2696,9,0,0
701,812,10,0,0
701,3221,11,0,0
701,814,12,0,0
701,815,13,0,0
701,816,14,0,0
701,818,15,0,0
701,820,16,0,0
701,6049,17,0,0
701,3071,18,0,0
701,211,19,0,0
701,4159,20,0,0
701,2381,21,0,0
701,827,22,0,0
701,2382,23,0,0
701,828,24,0,0
701,829,25,0,0
701,2383,26,0,0
701,831,27,0,0
701,3074,28,0,0
701,3076,29,1,1
900,9013,1,0,0
900,780,2,0,0
900,782,3,0,0
900,781,4,0,0
900,2233,5,0,0
900,2231,6,0,0
900,4174,7,0,0
900,2961,8,0,0
900,2962,9,0,0
900,2963,10,0,0
900,2964,11,0,0
900,2965,12,0,0
900,2966,13,0,0
900,2967,14,0,0
900,4175,15,0,0
900,2410,16,0,0
900,2411,17,0,0
900,4176,18,0,0
900,2998,19,0,0
900,2999,20,0,0
900,3000,21,0,0
900,3001,22,0,0
900,3041,23,0,0
900,4177,24,0,0
900,2973,25,0,0
900,3038,26,0,0
900,3005,27,0,0
900,4178,28,0,0
900,3006,29,0,0
900,6014,30,1,1
901,6014,1,0,0
901,4179,2,0,0
901,6015,3,0,0
901,3010,4,0,0
901,4180,5,0,0
901,3039,6,0,0
901,3013,7,0,0
901,4181,8,0,0
901,3043,9,0,0
901,3015,10,0,0
901,3016,11,0,0
901,3017,12,0,0
901,3037,13,0,0
901,4182,14,0,0
901,2974,15,0,0
901,2969,16,0,0
901,6054,17,0,0
901,2977,18,0,0
901,2978,19,0,0
901,2979,20,0,0
901,2980,21,0,0
901,2981,22,0,0
901,2982,23,0,0
901,2983,24,0,0
901,2984,25,0,0
901,752,26,0,0
901,753,27,0,0
901,3200,28,0,0
901,4143,29,0,0
901,755,30,0,0
901,3312,31,0,0
901,3313,32,0,0
901,9013,33,1,1
1200,9023,1,0,0
1200,702,2,0,0
1200,2274,3,0,0
1200,1083,4,0,0
1200,2161,5,0,0
1200,936,6,0,0
1200,2179,7,0,0
1200,932,8,0,0
1200,939,9,0,0
1200,6259,10,0,0
1200,6260,11,0,0
1200,6261,12,0,0
1200,6263,13,0,0
1200,6264,14,0,0
1200,6265,15,0,0
1200,6266,16,0,0
1200,6267,17,0,0
1200,6268,18,0,0
1200,6193,19,0,0
1200,6126,20,0,0
1200,6127,21,0,0
1200,1278,22,0,0
1200,1279,23,0,0
1200,1315,24,0,0
1200,1318,25,0,0
1200,9000,26,1,1
1201,9000,1,0,0
1201,1316,2,0,0
1201,6283,3,0,0
1201,1282,4,0,0
1201,1283,5,0,0
1201,6128,6,0,0
1201,6129,7,0,0
1201,6130,8,0,0
1201,6277,9,0,0
1201,6276,10,0,0
1201,6275,11,0,0
1201,6274,12,0,0
1201,6273,13,0,0
1201,6272,14,0,0
1201,6271,15,0,0
1201,6270,16,0,0
1201,6269,17,0,0
1201,3307,18,0,0
1201,2203,19,0,0
1201,933,20,0,0
1201,934,21,0,0
1201,935,22,0,0
1201,6278,23,0,0
1201,2172,24,0,0
1201,1102,25,0,0
1201,1103,26,0,0
1201,2273,27,0,0
1201,701,28,0,0
1201,9023,29,1,1
1201,9022,30,1,1
1201,9024,31,1,1
1900,9014,1,0,0
1900,3254,2,0,0
1900,1342,3,0,0
1900,2213,4,0,0
1900,7070,5,0,0
1900,4151,6,0,0
1900,4145,7,0,0
1900,4179,8,0,0
1900,6014,9,0,0
1900,3702,10,0,0
1900,3703,11,0,0
1900,3701,12,0,0
1900,6122,13,1,1
1901,6122,1,0,0
1901,6123,2,0,0
1901,6282,3,0,0
1901,768,4,0,0
1901,2489,5,0,0
1901,2216,6,0,0
1901,2218,7,0,0
1901,1343,8,0,0
1901,1344,9,0,0
1901,1345,10,0,0
1901,1334,11,0,0
1901,9012,12,1,1
1901,9014,13,1,1
1901,9017,14,1,1
1901,9019,15,1,1
2500,9017,1,0,0
2500,6120,2,0,0
2500,2743,3,0,0
2500,6173,4,0,0
2500,3035,5,0,0
2500,2726,6,0,0
2500,2990,7,0,0
2500,6121,8,0,0
2500,2828,9,0,0
2500,2093,10,0,0
2500,6218,11,0,0
2500,1014,12,0,0
2500,2095,13,0,0
2500,1015,14,0,0
2500,2078,15,0,0
2500,1017,16,0,0
2500,1019,17,0,0
2500,1020,18,0,0
2500,2098,19,0,0
2500,1022,20,0,0
2500,1023,21,0,0
2500,2099,22,0,0
2500,1024,23,0,0
2500,1026,24,0,0
2500,2082,25,0,0
2500,1028,26,0,0
2500,1030,27,0,0
2500,1031,28,0,0
2500,1032,29,0,0
2500,2104,30,0,0
2500,1033,31,0,0
2500,1305,32,0,0
2500,1151,33,0,0
2500,6196,34,0,0
2500,6067,35,0,0
2500,6068,36,0,0
2500,4165,37,0,0
2500,3293,38,0,0
2500,3492,39,1,1
2501,3492,1,0,0
2501,6069,2,0,0
2501,6070,3,0,0
2501,6195,4,0,0
2501,2060,5,0,0
2501,2648,6,0,0
2501,2647,7,0,0
2501,973,8,0,0
2501,974,9,0,0
2501,975,10,0,0
2501,977,11,0,0
2501,978,12,0,0
2501,979,13,0,0
2501,980,14,0,0
2501,981,15,0,0
2501,982,16,0,0
2501,983,17,0,0
2501,984,18,0,0
2501,985,19,0,0
2501,986,20,0,0
2501,4162,21,0,0
2501,989,22,0,0
2501,990,23,0,0
2501,2079,24,0,0
2501,315,25,0,0
2501,992,26,0,0
2501,6219,27,0,0
2501,2091,28,0,0
2501,6118,29,0,0
2501,2992,30,0,0
2501,2725,31,0,0
2501,3034,32,0,0
2501,2745,33,0,0
2501,2750,34,0,0
2501,6119,35,0,0
2501,9010,36,1,1
2501,9014,37,1,1
2501,9017,38,1,1
2501,9019,39,1,1
2501,9012,40,1,1
3000,632,1,0,0
3000,633,2,0,0
3000,6172,3,0,0
3000,581,4,0,0
3000,582,5,0,0
3000,583,6,0,0
3000,227,7,0,0
3000,587,8,0,0
3000,589,9,0,0
3000,648,10,0,0
3000,649,11,0,0
3000,650,12,0,0
3000,651,13,0,0
3000,652,14,0,0
3000,1037,15,0,0
3000,1038,16,0,0
3000,1039,17,0,0
3000,1040,18,0,0
3000,3058,19,0,0
3000,1120,20,0,0
3000,1121,21,0,0
3000,1046,22,0,0
3000,1047,23,0,0
3000,1043,24,0,0
3000,6291,25,0,0
3000,293,26,0,0
3000,3314,27,0,0
3000,3315,28,0,0
3000,3316,29,0,0
3000,3317,30,0,0
3000,3319,31,0,0
3000,3320,32,0,0
3000,3322,33,0,0
3000,6245,34,0,0
3000,6246,35,0,0
3000,6247,36,0,0
3000,6248,37,0,0
3000,6249,38,0,0
3000,3238,39,0,0
3000,3239,40,0,0
3000,2886,41,0,0
3000,2887,42,0,0
3000,1323,43,0,0
3000,3485,44,0,0
3000,1310,45,0,0
3000,2156,46,0,0
3000,1281,47,0,0
3000,1315,48,0,0
3000,1318,49,0,0
3000,9006,50,1,1
3000,9004,51,1,1
3001,9006,1,0,0
3001,1316,2,0,0
3001,1314,3,0,0
3001,2909,4,0,0
3001,2130,5,0,0
3001,6239,6,0,0
3001,1397,7,0,0
3001,2928,8,0,0
3001,2915,9,0,0
3001,2917,10,0,0
3001,3233,11,0,0
3001,3234,12,0,0
3001,6250,13,0,0
3001,6251,14,0,0
3001,6252,15,0,0
3001,6253,16,0,0
3001,6254,17,0,0
3001,2237,18,0,0
3001,1060,19,0,0
3001,1062,20,0,0
3001,1063,21,0,0
3001,1064,22,0,0
3001,2862,23,0,0
3001,1065,24,0,0
3001,1066,25,0,0
3001,1067,26,0,0
3001,1068,27,0,0
3001,1070,28,0,0
3001,6288,29,0,0
3001,1071,30,0,0
3001,2241,31,0,0
3001,1074,32,0,0
3001,2242,33,0,0
3001,1134,34,0,0
3001,1075,35,0,0
3001,1076,36,0,0
3001,1077,37,0,0
3001,1078,38,0,0
3001,1079,39,0,0
3001,1080,40,0,0
3001,597,41,0,0
3001,598,42,0,0
3001,599,43,0,0
3001,600,44,0,0
3001,601,45,0,0
3001,659,46,0,0
3001,661,47,0,0
3001,663,48,0,0
3001,664,49,0,0
3001,665,50,0,0
3001,666,51,0,0
3001,6046,52,0,0
3001,579,53,0,0
3001,638,54,0,0
3001,632,55,1,1
3100,6196,1,0,0
3100,633,2,0,0
3100,6172,3,0,0
3100,627,4,0,0
3100,7065,5,0,0
3100,729,6,0,0
3100,730,7,0,0
3100,7066,8,0,0
3100,733,9,0,0
3100,734,10,0,0
3100,4149,11,0,0
3100,4148,12,0,0
3100,4147,13,0,0
3100,736,14,0,0
3100,737,15,0,0
3100,739,16,0,0
3100,740,17,0,0
3100,2702,18,0,0
3100,2703,19,0,0
3100,2705,20,0,0
3100,4153,21,0,0
3100,9015,22,1,1
3101,9015,1,0,0
3101,3024,2,0,0
3101,3028,3,0,0
3101,3026,4,0,0
3101,3498,5,0,0
3101,3022,6,0,0
3101,793,7,0,0
3101,794,8,0,0
3101,796,9,0,0
3101,296,10,0,0
3101,798,11,0,0
3101,799,12,0,0
3101,800,13,0,0
3101,7067,14,0,0
3101,3075,15,0,0
3101,803,16,0,0
3101,804,17,0,0
3101,805,18,0,0
3101,617,19,0,0
3101,7064,20,0,0
3101,2013,21,1,1
3200,9023,1,0,0
3200,2687,2,0,0
3200,2688,3,0,0
3200,2689,4,0,0
3200,2676,5,0,0
3200,3325,6,0,0
3200,1132,7,0,0
3200,1133,8,0,0
3200,1134,9,0,0
3200,3060,10,0,0
3200,1135,11,0,0
3200,2053,12,0,0
3200,1136,13,0,0
3200,1137,14,0,0
3200,2054,15,0,0
3200,2055,16,0,0
3200,1138,17,0,0
3200,1140,18,0,0
3200,1139,19,0,0
3200,1141,20,0,0
3200,1142,21,0,0
3200,2056,22,0,0
3200,1144,23,0,0
3200,1145,24,0,0
3200,1146,25,0,0
3200,1147,26,0,0
3200,2058,27,0,0
3200,2059,28,0,0
3200,1151,29,0,0
3200,6196,30,1,1
3201,2013,1,0,0
3201,579,2,0,0
3201,6195,3,0,0
3201,2060,4,0,0
3201,2062,5,0,0
3201,1106,6,0,0
3201,1108,7,0,0
3201,1109,8,0,0
3201,1110,9,0,0
3201,243,10,0,0
3201,1112,11,0,0
3201,2065,12,0,0
3201,1114,13,0,0
3201,1115,14,0,0
3201,1116,15,0,0
3201,1117,16,0,0
3201,2866,17,0,0
3201,1118,18,0,0
3201,3132,19,0,0
3201,3131,20,0,0
3201,1119,21,0,0
3201,2069,22,0,0
3201,1393,23,0,0
3201,1120,24,0,0
3201,1121,25,0,0
3201,1122,26,0,0
3201,217,27,0,0
3201,2677,28,0,0
3201,2951,29,0,0
3201,2679,30,0,0
3201,2865,31,0,0
3201,2680,32,0,0
3201,9023,33,1,1
3400,9004,1,0,0
3400,6087,2,0,0
3400,6088,3,0,0
3400,6089,4,0,0
3400,6090,5,0,0
3400,6091,6,0,0
3400,6092,7,0,0
3400,6093,8,0,0
3400,6094,9,0,0
3400,2920,10,0,0
3400,9028,11,1,1
3401,9028,1,0,0
3401,2911,2,0,0
3401,6079,3,0,0
3401,6080,4,0,0
3401,6081,5,0,0
3401,6082,6,0,0
3401,6084,7,0,0
3401,6085,8,0,0
3401,6086,9,0,0
3401,9001,10,1,1
3401,9002,11,1,1
3401,9004,12,1,1
4100,252,1,0,0
4100,2345,2,0,0
4100,2346,3,0,0
4100,2347,4,0,0
4100,2348,5,0,0
4100,2350,6,0,0
4100,2351,7,0,0
4100,1176,8,0,0
4100,2353,9,0,0
4100,1178,10,0,0
4100,3385,11,0,0
4100,2125,12,0,0
4100,963,13,0,0
4100,964,14,0,0
4100,9007,15,0,0
4100,6046,16,0,0
4100,579,17,0,0
4100,6053,18,1,1
4100,9008,19,1,1
4101,6046,1,0,0
4101,579,2,0,0
4101,6053,3,0,0
4101,9007,4,0,0
4101,252,5,1,1
4700,9022,1,0,0
4700,827,2,0,0
4700,2382,3,0,0
4700,828,4,0,0
4700,829,5,0,0
4700,2383,6,0,0
4700,831,7,0,0
4700,6200,8,0,0
4700,3741,9,1,1
4701,3741,1,0,0
4701,6201,2,0,0
4701,835,3,0,0
4701,836,4,0,0
4701,9022,5,1,1
4800,6257,1,0,0
4800,6242,2,0,0
4800,6202,3,0,0
4800,6203,4,0,0
4800,9010,5,1,1
4800,9015,6,1,1
4800,9017,7,1,1
4800,9019,8,1,1
4800,9012,9,1,1
4801,9010,1,0,0
4801,6286,2,0,0
4801,6051,3,0,0
4801,6257,4,1,1
5000,9021,1,0,0
5000,6135,2,0,0
5000,6170,3,0,0
5000,6140,4,0,0
5000,6141,5,0,0
5000,6142,6,0,0
5000,6143,7,0,0
5000,6144,8,0,0
5000,6145,9,0,0
5000,6146,10,0,0
5000,6147,11,0,0
5000,6148,12,0,0
5000,6149,13,0,0
5000,6150,14,0,0
5000,6151,15,0,0
5000,6152,16,0,0
5000,6153,17,0,0
5000,6136,18,1,1
5001,6136,1,0,0
5001,6155,2,0,0
5001,6156,3,0,0
5001,6157,4,0,0
5001,6158,5,0,0
5001,6159,6,0,0
5001,6160,7,0,0
5001,6161,8,0,0
5001,6162,9,0,0
5001,6163,10,0,0
5001,6164,11,0,0
5001,6165,12,0,0
5001,6166,13,0,0
5001,6167,14,0,0
5001,6168,15,0,0
5001,6169,16,0,0
5001,6134,17,0,0
5001,9021,18,1,1
5100,6136,1,0,0
5100,8100,2,0,0
5100,8101,3,0,0
5100,8102,4,0,0
5100,8103,5,0,0
5100,8104,6,0,0
5100,8105,7,0,0
5100,8106,8,0,0
5100,8107,9,0,0
5100,8108,10,0,0
5100,8109,11,0,0
5100,8110,12,0,0
5100,8111,13,0,0
5100,8112,14,0,0
5100,8113,15,0,0
5100,8114,16,0,0
5100,8115,17,0,0
5100,8116,18,0,0
5100,8117,19,0,0
5100,8118,20,0,0
5100,9029,21,1,1
5101,9029,1,0,0
5101,8120,2,0,0
5101,8121,3,0,0
5101,8122,4,0,0
5101,8123,5,0,0
5101,8124,6,0,0
5101,8125,7,0,0
5101,8126,8,0,0
5101,8127,9,0,0
5101,8128,10,0,0
5101,8129,11,0,0
5101,8130,12,0,0
5101,8131,13,0,0
5101,8132,14,0,0
5101,8133,15,0,0
5101,8134,16,0,0
5101,8135,17,0,0
5101,8136,18,0,0
5101,8137,19,0,0
5101,6136,20,1,1
6000,111,1,0,0
6000,1612,2,0,0
6000,1611,3,0,0
6000,6052,4,0,0
6000,631,5,0,0
6000,632,6,0,0
6000,6154,7,1,1
6001,631,1,0,0
6001,632,2,0,0
6001,6154,3,0,0
6001,6013,4,0,0
6001,6052,5,0,0
6001,111,6,1,1
6500,9002,1,0,0
6500,101,2,1,1
6501,101,1,0,0
6501,9008,2,1,1
6501,9004,3,1,1
6501,9002,4,1,1
6501,9003,5,1,1
6700,9002,1,0,0
6700,6199,2,1,1
6701,6199,1,0,0
6701,9002,2,1,1
7100,9019,1,0,0
7100,1347,2,0,0
7100,2221,3,0,0
7100,1349,4,0,0
7100,1350,5,0,0
7100,1351,6,0,0
7100,1352,7,0,0
7100,1353,8,0,0
7100,2224,9,0,0
7100,2225,10,0,0
7100,1356,11,0,0
7100,7067,12,0,0
7100,3075,13,0,0
7100,803,14,0,0
7100,804,15,0,0
7100,805,16,0,0
7100,617,17,0,0
7100,7064,18,0,0
7100,2013,19,0,0
7100,579,20,0,0
7100,6053,21,0,0
7100,6209,22,0,0
7100,6256,23,1,1
7101,6256,1,0,0
7101,1384,2,0,0
7101,631,3,0,0
7101,632,4,0,0
7101,633,5,0,0
7101,6172,6,0,0
7101,627,7,0,0
7101,7065,8,0,0
7101,729,9,0,0
7101,730,10,0,0
7101,7066,11,0,0
7101,733,12,0,0
7101,734,13,0,0
7101,1329,14,0,0
7101,1330,15,0,0
7101,2210,16,0,0
7101,1332,17,0,0
7101,1340,18,0,0
7101,1346,19,0,0
7101,7068,20,0,0
7101,1338,21,0,0
7101,1339,22,0,0
7101,9010,23,1,1
7101,9014,24,1,1
7101,9017,25,1,1
7101,9019,26,1,1
7101,9012,27,1,1
7200,9026,1,0,0
7200,702,2,0,0
7200,2272,3,0,0
7200,4122,4,0,0
7200,4119,5,0,0
7200,907,6,0,0
7200,908,7,0,0
7200,2173,8,0,0
7200,879,9,0,0
7200,2694,10,0,0
7200,2695,11,0,0
7200,4161,12,0,0
7200,2696,13,0,0
7200,812,14,0,0
7200,3221,15,0,0
7200,814,16,0,0
7200,890,17,0,0
7200,3343,18,0,0
7200,3344,19,0,0
7200,3345,20,0,0
7200,3346,21,0,0
7200,7062,22,0,0
7200,7063,23,0,0
7200,3352,24,1,1
7201,3352,1,0,0
7201,6235,2,0,0
7201,6236,3,0,0
7201,6237,4,0,0
7201,6208,5,0,0
7201,6204,6,0,0
7201,6238,7,0,0
7201,1095,8,0,0
7201,1096,9,0,0
7201,3422,10,0,0
7201,1097,11,0,0
7201,1099,12,0,0
7201,2268,13,0,0
7201,2270,14,0,0
7201,2692,15,0,0
7201,2861,16,0,0
7201,899,17,0,0
7201,900,18,0,0
7201,901,19,0,0
7201,903,20,0,0
7201,904,21,0,0
7201,905,22,0,0
7201,906,23,0,0
7201,4121,24,0,0
7201,4123,25,0,0
7201,2273,26,0,0
7201,701,27,0,0
7201,9025,28,1,1
7201,9026,29,1,1
7400,9030,1,0,0
7400,6290,2,0,0
7400,6230,3,0,0
7400,2928,4,0,0
7400,2915,5,0,0
7400,2917,6,0,0
7400,3233,7,0,0
7400,3234,8,0,0
7400,3235,9,0,0
7400,3236,10,0,0
7400,6241,11,0,0
7400,6280,12,0,0
7400,6204,13,0,0
7400,6238,14,0,0
7400,6114,15,0,0
7400,2279,16,0,0
7400,4109,17,0,0
7400,4110,18,0,0
7400,4111,19,0,0
7400,2883,20,0,0
7400,1094,21,0,0
7400,1102,22,0,0
7400,1103,23,0,0
7400,2273,24,0,0
7400,701,25,0,0
7400,9025,26,1,1
7400,9026,27,1,1
7401,9025,1,0,0
7401,702,2,0,0
7401,2274,3,0,0
7401,1083,4,0,0
7401,1084,5,0,0
7401,1086,6,0,0
7401,1087,7,0,0
7401,1088,8,0,0
7401,2275,9,0,0
7401,1089,10,0,0
7401,1090,11,0,0
7401,2277,12,0,0
7401,1091,13,0,0
7401,1092,14,0,0
7401,6108,15,0,0
7401,6208,16,0,0
7401,6281,17,0,0
7401,3095,18,0,0
7401,3232,19,0,0
7401,3237,20,0,0
7401,3238,21,0,0
7401,3239,22,0,0
7401,2886,23,0,0
7401,2887,24,0,0
7401,6226,25,0,0
7401,6227,26,0,0
7401,6289,27,0,0
7401,9030,28,1,1
7800,9027,1,0,0
7800,2687,2,0,0
7800,2688,3,0,0
7800,2689,4,0,0
7800,2942,5,0,0
7800,2943,6,0,0
7800,2944,7,0,0
7800,2957,8,0,0
7800,6194,9,0,0
7800,6214,10,0,0
7800,6215,11,0,0
7800,6216,12,0,0
7800,6217,13,0,0
7800,6218,14,0,0
7800,1014,15,0,0
7800,2095,16,0,0
7800,6183,17,0,0
7800,3051,18,0,0
7800,2734,19,0,0
7800,2735,20,0,0
7800,2736,21,0,0
7800,2737,22,0,0
7800,3031,23,0,0
7800,1346,24,0,0
7800,7068,25,0,0
7800,1338,26,0,0
7800,1339,27,0,0
7800,9010,28,1,1
7800,9014,29,1,1
7800,9017,30,1,1
7800,9019,31,1,1
7800,9012,32,1,1
7801,9012,1,0,0
7801,1347,2,0,0
7801,2221,3,0,0
7801,1349,4,0,0
7801,1350,5,0,0
7801,2988,6,0,0
7801,2991,7,0,0
7801,3206,8,0,0
7801,2993,9,0,0
7801,2994,10,0,0
7801,3253,11,0,0
7801,6182,12,0,0
7801,315,13,0,0
7801,992,14,0,0
7801,6219,15,0,0
7801,6220,16,0,0
7801,6221,17,0,0
7801,6222,18,0,0
7801,2946,19,0,0
7801,2947,20,0,0
7801,2948,21,0,0
7801,2949,22,0,0
7801,2951,23,0,0
7801,2679,24,0,0
7801,2865,25,0,0
7801,2680,26,0,0
7801,9027,27,1,1
8000,9024,1,0,0
8000,702,2,0,0
8000,2274,3,0,0
8000,1083,4,0,0
8000,2161,5,0,0
8000,6184,6,0,0
8000,6185,7,0,0
8000,6190,8,0,0
8000,936,9,0,0
8000,2179,10,0,0
8000,932,11,0,0
8000,939,12,0,0
8000,3316,13,0,0
8000,3317,14,0,0
8000,3319,15,0,0
8000,3320,16,0,0
8000,3322,17,0,0
8000,330,18,0,0
8000,300,19,0,0
8000,325,20,0,0
8000,6223,21,0,0
8000,301,22,0,0
8000,324,23,0,0
8000,302,24,0,0
8000,6124,25,0,0
8000,6193,26,0,0
8000,6126,27,0,0
8000,6127,28,0,0
8000,1278,29,0,0
8000,1279,30,0,0
8000,323,31,0,0
8000,308,32,0,0
8000,9003,33,1,1
8001,9003,1,0,0
8001,305,2,0,0
8001,311,3,0,0
8001,1282,4,0,0
8001,1283,5,0,0
8001,6128,6,0,0
8001,6129,7,0,0
8001,6130,8,0,0
8001,6131,9,0,0
8001,1306,10,0,0
8001,317,11,0,0
8001,318,12,0,0
8001,6224,13,0,0
8001,6225,14,0,0
8001,329,15,0,0
8001,2237,16,0,0
8001,1060,17,0,0
8001,1062,18,0,0
8001,1063,19,0,0
8001,1064,20,0,0
8001,2862,21,0,0
8001,1065,22,0,0
8001,3307,23,0,0
8001,2203,24,0,0
8001,933,25,0,0
8001,934,26,0,0
8001,6184,27,0,0
8001,6185,28,0,0
8001,6190,29,0,0
8001,2172,30,0,0
8001,1102,31,0,0
8001,1103,32,0,0
8001,2273,33,0,0
8001,701,34,0,0
8001,9023,35,1,1
8001,9022,36,1,1
8001,9024,37,1,1
9200,9001,1,0,0
9200,967,2,0,0
9200,968,3,0,0
9200,2159,4,0,0
9200,2284,5,0,0
9200,6048,6,0,0
9200,1168,7,0,0
9200,1169,8,0,0
9200,2314,9,0,0
9200,2315,10,0,0
9200,2316,11,0,0
9200,2312,12,0,0
9200,2318,13,0,0
9200,2319,14,0,0
9200,2320,15,0,0
9200,2321,16,0,0
9200,2322,17,0,0
9200,2323,18,0,0
9200,2324,19,0,0
9200,2325,20,0,0
9200,2329,21,0,0
9200,2331,22,0,0
9200,1171,23,0,0
9200,2333,24,0,0
9200,2334,25,0,0
9200,1173,26,0,0
9200,2336,27,0,0
9200,252,28,1,1
9201,252,1,0,0
9201,2345,2,0,0
9201,2346,3,0,0
9201,2347,4,0,0
9201,2348,5,0,0
9201,2350,6,0,0
9201,2351,7,0,0
9201,1176,8,0,0
9201,2353,9,0,0
9201,1178,10,0,0
9201,3372,11,0,0
9201,3373,12,0,0
9201,3375,13,0,0
9201,3376,14,0,0
9201,3377,15,0,0
9201,3378,16,0,0
9201,3379,17,0,0
9201,3383,18,0,0
9201,3381,19,0,0
9201,3380,20,0,0
9201,290,21,0,0
9201,3382,22,0,0
9201,6047,23,0,0
9201,3385,24,0,0
9201,2125,25,0,0
9201,963,26,0,0
9201,964,27,0,0
9201,9001,28,1,1
9201,9004,29,1,1
10500,9010,1,0,0
10500,6046,2,0,0
10500,579,3,0,0
10500,6053,4,0,0
10500,3171,5,0,0
10500,6205,6,0,0
10500,5002,7,0,0
10500,5005,8,0,0
10500,5008,9,1,1
10500,6001,10,1,1
10501,6001,1,0,0
10501,6211,2,0,0
10501,6212,3,0,0
10501,6213,4,0,0
10501,6206,5,0,0
10501,6207,6,0,0
10501,5002,7,0,0
10501,5005,8,0,0
10501,5008,9,0,0
10501,631,10,0,0
10501,632,11,0,0
10501,633,12,0,0
10501,9015,13,1,1
10501,9010,14,1,1
10501,9012,15,1,1
10600,6001,1,0,0
10600,6211,2,0,0
10600,6212,3,0,0
10600,6213,4,0,0
10600,6206,5,0,0
10600,6207,6,0,0
10600,9010,7,1,1
10601,9010,1,0,0
10601,3171,2,0,0
10601,6205,3,0,0
10601,5002,4,0,0
10601,5005,5,0,0
10601,5008,6,1,1
10601,6001,7,0,0
10601,6211,8,0,0
10601,6212,9,0,0
10601,6213,10,0,0
10601,6206,11,0,0
10601,6207,12,1,1
16400,6001,1,0,0
16400,6211,2,0,0
16400,6212,3,0,0
16400,6213,4,0,0
16400,144,5,0,0
16400,5002,6,0,0
16400,5005,7,0,0
16400,5008,8,0,0
16400,9008,9,1,1
16400,9002,10,1,1
16401,9008,1,0,0
16401,5002,2,0,0
16401,5005,3,0,0
16401,5008,4,1,1
16401,6001,5,1,1
19000,9009,1,0,0
19000,112,2,0,0
19000,3185,3,0,0
19000,3186,4,0,0
19000,3187,5,0,0
19000,3188,6,0,0
19000,3193,7,0,0
19000,3192,8,0,0
19000,3194,9,0,0
19000,6017,10,0,0
19000,6285,11,1,1
19001,3185,1,0,0
19001,3186,2,0,0
19001,3187,3,0,0
19001,3188,4,0,0
19001,3193,5,0,0
19001,3192,6,0,0
19001,3194,7,0,0
19001,6017,8,0,0
19001,6285,9,0,0
19001,112,10,1,1
19001,9009,11,1,1
50000,9011,1,0,0
50000,131,2,0,0
50000,6046,3,0,0
50000,579,4,0,0
50000,6053,5,0,0
50000,113,6,0,0
50000,111,7,1,1
50001,111,1,0,0
50001,129,2,0,0
50001,631,3,0,0
50001,632,4,0,0
50001,633,5,0,0
50001,130,6,0,0
50001,9015,7,1,1
50001,9010,8,1,1
50001,9011,9,1,1
50001,9012,10,1,1
89900,12006,1,0,0
89900,12005,2,0,0
89900,12003,3,0,0
89900,1384,4,0,0
89900,631,5,0,0
89900,12001,6,0,0
89900,12002,7,1,1
89901,12002,1,0,0
89901,12001,2,0,0
89901,12003,3,0,0
89901,1384,4,0,0
89901,631,5,1,1
89901,12005,6,1,1
89901,12006,7,1,1
