700,'WKDY',611,,14423,23,,,1,134,,14424,23,,,1,74,,14425,23,,,1,100,,14426,23,,,1,30,,14427,23,,,1,100,,14428,23,,,1,70,,14429,23,,,1,101,,14430,23,,,1,30,,14431,23,,,1,101,,14432,23,,,1,70,,14433,23,,,1,103,,14434,23,,,1,30,,14435,23,,,1,99,,14436,23,,,1,70,,14437,23,,,1,100,,14438,23,,,1,26,,14439,23,,,1,100,,14440,23,,,1,100,,14441,23,,,1,96,,14442,23,,,1
700,'WKDY/30',716,,14405,23,,,1,133,,14406,23,,,1,170,,14407,23,,,1,131,,14408,23,,,1,170,,14409,23,,,1,134,,14410,23,,,1,169,,14411,23,,,1,130,,14412,23,,,1,166,,14413,23,,,1
700,'WKDY/31',716,,14414,23,,,1,133,,14415,23,,,1,170,,14416,23,,,1,131,,14417,23,,,1,170,,14418,23,,,1,134,,14419,23,,,1,169,,14420,23,,,1,130,,14421,23,,,1,166,,14422,23,,,1
700,'SAT',715,,14443,23,,,1,100,,14444,23,,,1,102,,14445,23,,,1,100,,14446,23,,,1,102,,14447,23,,,1,102,,14448,23,,,1,100,,14449,23,,,1,102,,14450,23,,,1,100,,14451,23,,,1,100,,14452,23,,,1,100,,14453,23,,,1,95,,14454,23,,,1,100,,14455,23,,,1,99,,14456,23,,,1,100,,14457,23,,,1
700,'SUN',715,,14458,23,,,1,100,,14459,23,,,1,102,,14460,23,,,1,100,,14461,23,,,1,102,,14462,23,,,1,102,,14463,23,,,1,100,,14464,23,,,1,102,,14465,23,,,1,100,,14466,23,,,1,100,,14467,23,,,1,100,,14468,23,,,1,95,,14469,23,,,1,100,,14470,23,,,1,99,,14471,23,,,1,100,,14472,23,,,1
700,'NYE',611,,14473,23,,,1,134,,14474,23,,,1,74,,14475,23,,,1,100,,14476,23,,,1,30,,14477,23,,,1,100,,14478,23,,,1,70,,14479,23,,,1,101,,14480,23,,,1,30,,14481,23,,,1,101,,14482,23,,,1,70,,14483,23,,,1,103,,14484,23,,,1,30,,14485,23,,,1,99,,14486,23,,,1,70,,14487,23,,,1,100,,14488,23,,,1,26,,14489,23,,,1,100,,14490,23,,,1,100,,14491,23,,,1,96,,14492,23,,,1
700,'NYE/31',716,,14493,23,,,1,133,,14494,23,,,1,170,,14495,23,,,1,131,,14496,23,,,1,170,,14497,23,,,1,134,,14498,23,,,1,169,,14499,23,,,1,130,,14500,23,,,1,166,,14501,23,,,1
4700,'WKDY',537,,15981,3,,,1
4700,'WKDY/30',1214,,15977,3,,,1,606,,15978,3,,,1
4700,'WKDY/31',1214,,15979,3,,,1,606,,15980,3,,,1
4700,'NYE',537,,15982,3,,,1
4700,'NYE/31',1214,,15983,3,,,1,606,,15984,3,,,1
