3000,'WKDY',607,,15062,9,,,1,31,,15063,9,,,1,71,,15064,9,,,1,30,,15065,9,,,1,70,,15066,9,,,1,30,,15067,9,,,1,70,,15068,9,,,1,30,,15069,9,,,1,70,,15070,9,,,1,30,,15071,9,,,1,70,,15072,9,,,1,30,,15073,9,,,1,70,,15074,9,,,1,31,,15075,9,,,1,70,,15076,9,,,1,30,,15077,9,,,1,70,,15078,9,,,1,31,,15079,9,,,1,70,,15080,9,,,1,30,,15081,9,,,1,70,,15082,9,,,1,30,,15083,9,,,1,70,,15084,9,,,1,30,,15085,9,,,1,70,,15086,9,,,1,30,,15087,9,,,1,68,,15088,9,,,1,30,,15089,9,,,1,69,,15090,9,,,1,100,,15091,9,,,1
3000,'SAT',737,,15096,9,,,1,70,,15097,9,,,1,31,,15098,9,,,1,70,,15099,9,,,1,30,,15100,9,,,1,70,,15101,9,,,1,30,,15102,9,,,1,71,,15103,9,,,1,30,,15104,9,,,1,70,,15105,9,,,1,30,,15106,9,,,1,70,,15107,9,,,1,31,,15108,9,,,1,70,,15109,9,,,1,29,,15110,9,,,1,70,,15111,9,,,1,30,,15112,9,,,1,70,,15113,9,,,1,30,,15114,9,,,1,70,,15115,9,,,1,100,,15116,9,,,1,100,,15117,9,,,1,100,,15118,9,,,1
3000,'SUN',808,,15121,9,,,1,100,,15122,9,,,1,101,,15123,9,,,1,100,,15124,9,,,1,100,,15125,9,,,1,100,,15126,9,,,1,100,,15127,9,,,1,100,,15128,9,,,1,100,,15129,9,,,1,100,,15130,9,,,1,100,,15131,9,,,1,99,,15132,9,,,1,100,,15133,9,,,1
3000,'NYE',607,,15136,9,,,1,31,,15137,9,,,1,71,,15138,9,,,1,30,,15139,9,,,1,70,,15140,9,,,1,30,,15141,9,,,1,70,,15142,9,,,1,30,,15143,9,,,1,70,,15144,9,,,1,30,,15145,9,,,1,70,,15146,9,,,1,30,,15147,9,,,1,70,,15148,9,,,1,31,,15149,9,,,1,70,,15150,9,,,1,30,,15151,9,,,1,70,,15152,9,,,1,31,,15153,9,,,1,70,,15154,9,,,1,30,,15155,9,,,1,70,,15156,9,,,1,30,,15157,9,,,1,70,,15158,9,,,1,30,,15159,9,,,1,70,,15160,9,,,1,30,,15161,9,,,1,68,,15162,9,,,1,30,,15163,9,,,1,69,,15164,9,,,1,100,,15165,9,,,1
7401,'WKDY',522,,19270,5,,,1,97,,19271,5,,,1,29,,19272,5,,,1,69,,19273,5,,,1,100,,19274,5,,,1,29,,19275,5,,,1,70,,19276,5,,,1,30,,19277,5,,,1,100,,19278,5,,,1,70,,19279,5,,,1,31,,19280,5,,,1,70,,19281,5,,,1,101,,19282,5,,,1,30,,19283,5,,,1,69,,19284,5,,,1,28,,19285,5,,,1,99,,19286,5,,,1,72,,19287,5,,,1,30,,19288,5,,,1,70,,19289,5,,,1,103,,19290,5,,,1,31,,19291,5,,,1,68,,19292,5,,,1,101,,19293,5,,,1
7401,'WKDY/30',748,,19254,5,,,1,268,,19255,5,,,1,232,,19256,5,,,1,267,,19257,5,,,1,233,,19258,5,,,1,201,,19259,5,,,1,100,,19260,5,,,1,99,,19261,5,,,1
7401,'WKDY/31',748,,19262,5,,,1,268,,19263,5,,,1,232,,19264,5,,,1,267,,19265,5,,,1,233,,19266,5,,,1,201,,19267,5,,,1,100,,19268,5,,,1,99,,19269,5,,,1
7401,'SAT',748,,19294,5,,,1,101,,19295,5,,,1,100,,19296,5,,,1,101,,19297,5,,,1,103,,19298,5,,,1,101,,19299,5,,,1,103,,19300,5,,,1,97,,19301,5,,,1,99,,19302,5,,,1,101,,19303,5,,,1,99,,19304,5,,,1,99,,19305,5,,,1,99,,19306,5,,,1,100,,19307,5,,,1
7401,'SUN',748,,19308,5,,,1,101,,19309,5,,,1,100,,19310,5,,,1,101,,19311,5,,,1,103,,19312,5,,,1,101,,19313,5,,,1,103,,19314,5,,,1,97,,19315,5,,,1,99,,19316,5,,,1,101,,19317,5,,,1,99,,19318,5,,,1,99,,19319,5,,,1,99,,19320,5,,,1,100,,19321,5,,,1
7401,'NYE',522,,19322,5,,,1,97,,19323,5,,,1,29,,19324,5,,,1,69,,19325,5,,,1,100,,19326,5,,,1,29,,19327,5,,,1,70,,19328,5,,,1,30,,19329,5,,,1,100,,19330,5,,,1,70,,19331,5,,,1,31,,19332,5,,,1,70,,19333,5,,,1,101,,19334,5,,,1,30,,19335,5,,,1,69,,19336,5,,,1,28,,19337,5,,,1,99,,19338,5,,,1,72,,19339,5,,,1,30,,19340,5,,,1,70,,19341,5,,,1,103,,19342,5,,,1,31,,19343,5,,,1,68,,19344,5,,,1,101,,19345,5,,,1
7401,'NYE/31',748,,19346,5,,,1,268,,19347,5,,,1,232,,19348,5,,,1,267,,19349,5,,,1,233,,19350,5,,,1,201,,19351,5,,,1,100,,19352,5,,,1,99,,19353,5,,,1
