700,'WKDY',543,,14423,1,,,1,169,,14424,1,,,1,34,,14425,1,,,1,100,,14426,1,,,1,70,,14427,1,,,1,100,,14428,1,,,1,30,,14429,1,,,1,100,,14430,1,,,1,70,,14431,1,,,1,100,,14432,1,,,1,30,,14433,1,,,1,100,,14434,1,,,1,70,,14435,1,,,1,100,,14436,1,,,1,30,,14437,1,,,1,100,,14438,1,,,1,70,,14439,1,,,1,100,,14440,1,,,1,100,,14441,1,,,1,100,,14442,1,,,1
700,'WKDY/30',643,,14405,1,,,1,173,,14406,1,,,1,130,,14407,1,,,1,170,,14408,1,,,1,130,,14409,1,,,1,170,,14410,1,,,1,130,,14411,1,,,1,170,,14412,1,,,1,130,,14413,1,,,1
700,'WKDY/31',643,,14414,1,,,1,173,,14415,1,,,1,130,,14416,1,,,1,170,,14417,1,,,1,130,,14418,1,,,1,170,,14419,1,,,1,130,,14420,1,,,1,170,,14421,1,,,1,130,,14422,1,,,1
700,'SAT',646,,14443,1,,,1,100,,14444,1,,,1,100,,14445,1,,,1,100,,14446,1,,,1,100,,14447,1,,,1,100,,14448,1,,,1,100,,14449,1,,,1,100,,14450,1,,,1,100,,14451,1,,,1,100,,14452,1,,,1,100,,14453,1,,,1,100,,14454,1,,,1,100,,14455,1,,,1,100,,14456,1,,,1,100,,14457,1,,,1
700,'SUN',646,,14458,1,,,1,100,,14459,1,,,1,100,,14460,1,,,1,100,,14461,1,,,1,100,,14462,1,,,1,100,,14463,1,,,1,100,,14464,1,,,1,100,,14465,1,,,1,100,,14466,1,,,1,100,,14467,1,,,1,100,,14468,1,,,1,100,,14469,1,,,1,100,,14470,1,,,1,100,,14471,1,,,1,100,,14472,1,,,1
700,'NYE',543,,14473,1,,,1,169,,14474,1,,,1,34,,14475,1,,,1,100,,14476,1,,,1,70,,14477,1,,,1,100,,14478,1,,,1,30,,14479,1,,,1,100,,14480,1,,,1,70,,14481,1,,,1,100,,14482,1,,,1,30,,14483,1,,,1,100,,14484,1,,,1,70,,14485,1,,,1,100,,14486,1,,,1,30,,14487,1,,,1,100,,14488,1,,,1,70,,14489,1,,,1,100,,14490,1,,,1,100,,14491,1,,,1,100,,14492,1,,,1
700,'NYE/31',643,,14493,1,,,1,173,,14494,1,,,1,130,,14495,1,,,1,170,,14496,1,,,1,130,,14497,1,,,1,170,,14498,1,,,1,130,,14499,1,,,1,170,,14500,1,,,1,130,,14501,1,,,1
701,'WKDY',649,,14324,27,4,,1,60,,14325,27,4,,1,121,,14326,27,4,,1,73,,14327,27,4,,1,99,,14328,27,4,,1,30,,14329,27,4,,1,100,,14330,27,4,,1,70,,14331,27,4,,1,102,,14332,27,4,,1,30,,14333,27,4,,1,103,,14334,27,4,,1,70,,14335,27,4,,1,103,,14336,27,4,,1,30,,14337,27,4,,1,98,,14338,27,4,,1,70,,14339,27,4,,1,96,,14340,27,4,,1,22,,14341,27,4,,1,98,,14342,27,4,,1,100,,14343,27,4,,1,96,,14344,27,4,,1
701,'WKDY/30',801,,14306,27,4,,1,131,,14307,27,4,,1,170,,14308,27,4,,1,132,,14309,27,4,,1,172,,14310,27,4,,1,134,,14311,27,4,,1,169,,14312,27,4,,1,125,,14313,27,4,,1,122,,14314,27,4,,1
701,'WKDY/31',801,,14315,27,4,,1,131,,14316,27,4,,1,170,,14317,27,4,,1,132,,14318,27,4,,1,172,,14319,27,4,,1,134,,14320,27,4,,1,169,,14321,27,4,,1,125,,14322,27,4,,1,122,,14323,27,4,,1
701,'SAT',1957,,14357,27,4,,1,95,,14358,27,4,,1,100,,14359,27,4,,1
701,'SUN',1957,,14372,27,4,,1,95,,14373,27,4,,1,100,,14374,27,4,,1
701,'NYE',649,,14375,27,4,,1,60,,14376,27,4,,1,121,,14377,27,4,,1,73,,14378,27,4,,1,99,,14379,27,4,,1,30,,14380,27,4,,1,100,,14381,27,4,,1,70,,14382,27,4,,1,102,,14383,27,4,,1,30,,14384,27,4,,1,103,,14385,27,4,,1,70,,14386,27,4,,1,103,,14387,27,4,,1,30,,14388,27,4,,1,98,,14389,27,4,,1,70,,14390,27,4,,1,96,,14391,27,4,,1,22,,14392,27,4,,1,98,,14393,27,4,,1,100,,14394,27,4,,1,96,,14395,27,4,,1
701,'NYE/31',801,,14396,27,4,,1,131,,14397,27,4,,1,170,,14398,27,4,,1,132,,14399,27,4,,1,172,,14400,27,4,,1,134,,14401,27,4,,1,169,,14402,27,4,,1,125,,14403,27,4,,1,122,,14404,27,4,,1
1201,'WKDY',2116,,14581,29,4,,1
1201,'NYE',2116,,14645,29,4,,1
4700,'WKDY',515,,15981,1,,,1
4700,'WKDY/30',1150,,15977,1,,,1,605,,15978,1,,,1
4700,'WKDY/31',1150,,15979,1,,,1,605,,15980,1,,,1
4700,'NYE',515,,15982,1,,,1
4700,'NYE/31',1150,,15983,1,,,1,605,,15984,1,,,1
4701,'WKDY/30',1340,,15985,5,4,,1,600,,15986,5,4,,1
4701,'WKDY/31',1340,,15987,5,4,,1,600,,15988,5,4,,1
4701,'NYE/31',1340,,15991,5,4,,1,600,,15992,5,4,,1
8000,'SAT',730,,19688,35,4,,1,101,,19689,35,4,,1,101,,19691,35,4,,1,101,,19693,35,4,,1,100,,19695,35,4,,1,102,,19697,35,4,,1,101,,19699,35,4,,1,100,,19701,35,4,,1,100,,19703,35,4,,1,98,,19705,35,4,,1,100,,19707,35,4,,1,100,,19709,35,4,,1,97,,19711,35,4,,1,100,,19713,35,4,,1
8000,'SUN',730,,19716,35,4,,1,101,,19717,35,4,,1,101,,19719,35,4,,1,101,,19721,35,4,,1,100,,19723,35,4,,1,102,,19725,35,4,,1,101,,19727,35,4,,1,100,,19729,35,4,,1,100,,19731,35,4,,1,98,,19733,35,4,,1,100,,19735,35,4,,1,100,,19737,35,4,,1,97,,19739,35,4,,1,100,,19741,35,4,,1
