3200,'WKDY/30',717,,15467,2,,,1,200,,15468,2,,,1,200,,15469,2,,,1,200,,15470,2,,,1,201,,15471,2,,,1,199,,15472,2,,,1
3200,'WKDY/31',717,,15473,2,,,1,200,,15474,2,,,1,200,,15475,2,,,1,200,,15476,2,,,1,201,,15477,2,,,1,199,,15478,2,,,1
3200,'WKDY',546,,15479,2,,,1,70,,15480,2,,,1,31,,15481,2,,,1,100,,15482,2,,,1,70,,15483,2,,,1,30,,15484,2,,,1,100,,15485,2,,,1,70,,15486,2,,,1,30,,15487,2,,,1,100,,15488,2,,,1,70,,15489,2,,,1,30,,15490,2,,,1,100,,15491,2,,,1,71,,15492,2,,,1,30,,15493,2,,,1,100,,15494,2,,,1,70,,15495,2,,,1,29,,15496,2,,,1,100,,15497,2,,,1,70,,15498,2,,,1,30,,15499,2,,,1,100,,15500,2,,,1,100,,15501,2,,,1
3200,'SAT',824,,15502,2,,,1,80,,15503,2,,,1,40,,15504,2,,,1,80,,15505,2,,,1,80,,15506,2,,,1,40,,15507,2,,,1,80,,15508,2,,,1,80,,15509,2,,,1,40,,15510,2,,,1,80,,15511,2,,,1,80,,15512,2,,,1,40,,15513,2,,,1,80,,15514,2,,,1,80,,15515,2,,,1,40,,15516,2,,,1,80,,15517,2,,,1,80,,15518,2,,,1,40,,15519,2,,,1
3200,'SUN',824,,15520,2,,,1,100,,15521,2,,,1,100,,15522,2,,,1,100,,15523,2,,,1,100,,15524,2,,,1,100,,15525,2,,,1,100,,15526,2,,,1,100,,15527,2,,,1,100,,15528,2,,,1,100,,15529,2,,,1,100,,15530,2,,,1,100,,15531,2,,,1
3200,'NYE',546,,15532,2,,,1,70,,15533,2,,,1,31,,15534,2,,,1,100,,15535,2,,,1,70,,15536,2,,,1,30,,15537,2,,,1,100,,15538,2,,,1,70,,15539,2,,,1,30,,15540,2,,,1,100,,15541,2,,,1,70,,15542,2,,,1,30,,15543,2,,,1,100,,15544,2,,,1,71,,15545,2,,,1,30,,15546,2,,,1,100,,15547,2,,,1,70,,15548,2,,,1,29,,15549,2,,,1,100,,15550,2,,,1,70,,15551,2,,,1,30,,15552,2,,,1,100,,15553,2,,,1,100,,15554,2,,,1
3200,'NYE/31',717,,15555,2,,,1,200,,15556,2,,,1,200,,15557,2,,,1,200,,15558,2,,,1,201,,15559,2,,,1,199,,15560,2,,,1
7801,'WKDY/30',1044,,19442,2,,,1,304,,19443,2,,,1
7801,'WKDY/31',1044,,19444,2,,,1,304,,19445,2,,,1
7801,'WKDY',517,,19446,2,,,1,96,,19447,2,,,1,30,,19448,2,,,1,71,,19449,2,,,1,30,,19450,2,,,1,70,,19451,2,,,1,30,,19452,2,,,1,70,,19453,2,,,1,30,,19454,2,,,1,70,,19455,2,,,1,100,,19456,2,,,1,32,,19457,2,,,1,70,,19458,2,,,1,31,,19459,2,,,1,70,,19460,2,,,1,101,,19461,2,,,1,30,,19462,2,,,1,70,,19463,2,,,1,31,,19464,2,,,1,70,,19465,2,,,1,31,,19466,2,,,1,69,,19467,2,,,1,30,,19468,2,,,1,72,,19469,2,,,1,98,,19470,2,,,1,95,,19471,2,,,1,100,,19472,2,,,1
7801,'SAT',813,,19473,2,,,1,103,,19474,2,,,1,100,,19475,2,,,1,101,,19476,2,,,1,100,,19477,2,,,1,102,,19478,2,,,1,100,,19479,2,,,1,100,,19480,2,,,1,99,,19481,2,,,1,100,,19482,2,,,1,100,,19483,2,,,1,97,,19484,2,,,1
7801,'SUN',813,,19485,2,,,1,103,,19486,2,,,1,100,,19487,2,,,1,101,,19488,2,,,1,100,,19489,2,,,1,102,,19490,2,,,1,100,,19491,2,,,1,100,,19492,2,,,1,99,,19493,2,,,1,95,,19494,2,,,1,105,,19495,2,,,1,97,,19496,2,,,1
7801,'NYE',517,,19497,2,,,1,96,,19498,2,,,1,30,,19499,2,,,1,71,,19500,2,,,1,30,,19501,2,,,1,70,,19502,2,,,1,30,,19503,2,,,1,70,,19504,2,,,1,30,,19505,2,,,1,70,,19506,2,,,1,100,,19507,2,,,1,32,,19508,2,,,1,70,,19509,2,,,1,31,,19510,2,,,1,70,,19511,2,,,1,101,,19512,2,,,1,30,,19513,2,,,1,70,,19514,2,,,1,31,,19515,2,,,1,70,,19516,2,,,1,31,,19517,2,,,1,69,,19518,2,,,1,30,,19519,2,,,1,72,,19520,2,,,1,98,,19521,2,,,1,95,,19522,2,,,1,100,,19523,2,,,1
7801,'NYE/31',1044,,19524,2,,,1,304,,19525,2,,,1
