3100,'WKDY/30',800,,15272,22,4,,1,202,,15273,22,4,,1,201,,15274,22,4,,1,202,,15275,22,4,,1,203,,15276,22,4,,1,196,,15277,22,4,,1
3100,'WKDY/31',800,,15278,22,4,,1,202,,15279,22,4,,1,201,,15280,22,4,,1,202,,15281,22,4,,1,203,,15282,22,4,,1,196,,15283,22,4,,1
3100,'WKDY',556,,15284,22,4,,1,71,,15285,22,4,,1,31,,15286,22,4,,1,71,,15287,22,4,,1,103,,15288,22,4,,1,70,,15289,22,4,,1,30,,15290,22,4,,1,100,,15291,22,4,,1,71,,15292,22,4,,1,30,,15293,22,4,,1,102,,15294,22,4,,1,70,,15295,22,4,,1,30,,15296,22,4,,1,100,,15297,22,4,,1,73,,15298,22,4,,1,30,,15299,22,4,,1,99,,15300,22,4,,1,68,,15301,22,4,,1,29,,15302,22,4,,1,98,,15303,22,4,,1,70,,15304,22,4,,1,28,,15305,22,4,,1,99,,15306,22,4,,1,100,,15307,22,4,,1
3100,'SAT',904,,15308,22,4,,1,40,,15309,22,4,,1,80,,15310,22,4,,1,80,,15311,22,4,,1,41,,15312,22,4,,1,80,,15313,22,4,,1,80,,15314,22,4,,1,40,,15315,22,4,,1,80,,15316,22,4,,1,80,,15317,22,4,,1,40,,15318,22,4,,1,80,,15319,22,4,,1,80,,15320,22,4,,1,40,,15321,22,4,,1,79,,15322,22,4,,1,80,,15323,22,4,,1,40,,15324,22,4,,1,80,,15325,22,4,,1
3100,'SUN',902,,15326,22,4,,1,100,,15327,22,4,,1,101,,15328,22,4,,1,100,,15329,22,4,,1,100,,15330,22,4,,1,100,,15331,22,4,,1,100,,15332,22,4,,1,100,,15333,22,4,,1,100,,15334,22,4,,1,100,,15335,22,4,,1,99,,15336,22,4,,1,100,,15337,22,4,,1
3100,'NYE',556,,15338,22,4,,1,71,,15339,22,4,,1,31,,15340,22,4,,1,71,,15341,22,4,,1,103,,15342,22,4,,1,70,,15343,22,4,,1,30,,15344,22,4,,1,100,,15345,22,4,,1,71,,15346,22,4,,1,30,,15347,22,4,,1,102,,15348,22,4,,1,70,,15349,22,4,,1,30,,15350,22,4,,1,100,,15351,22,4,,1,73,,15352,22,4,,1,30,,15353,22,4,,1,99,,15354,22,4,,1,68,,15355,22,4,,1,29,,15356,22,4,,1,98,,15357,22,4,,1,70,,15358,22,4,,1,28,,15359,22,4,,1,99,,15360,22,4,,1,100,,15361,22,4,,1
3100,'NYE/31',800,,15362,22,4,,1,202,,15363,22,4,,1,201,,15364,22,4,,1,202,,15365,22,4,,1,203,,15366,22,4,,1,196,,15367,22,4,,1
3101,'WKDY/30',626,,15368,1,,,1,196,,15369,1,,,1,197,,15370,1,,,1,197,,15371,1,,,1,199,,15372,1,,,1,199,,15373,1,,,1,206,,15374,1,,,1
3101,'WKDY/31',626,,15375,1,,,1,196,,15376,1,,,1,197,,15377,1,,,1,197,,15378,1,,,1,199,,15379,1,,,1,199,,15380,1,,,1,206,,15381,1,,,1
3101,'WKDY',527,,15382,1,,,1,29,,15383,1,,,1,98,,15384,1,,,1,69,,15385,1,,,1,30,,15386,1,,,1,96,,15387,1,,,1,70,,15388,1,,,1,30,,15389,1,,,1,100,,15390,1,,,1,68,,15391,1,,,1,30,,15392,1,,,1,98,,15393,1,,,1,70,,15394,1,,,1,30,,15395,1,,,1,100,,15396,1,,,1,69,,15397,1,,,1,29,,15398,1,,,1,101,,15399,1,,,1,74,,15400,1,,,1,31,,15401,1,,,1,103,,15402,1,,,1,102,,15403,1,,,1,101,,15404,1,,,1
3101,'SAT',735,,15405,1,,,1,79,,15406,1,,,1,39,,15407,1,,,1,79,,15408,1,,,1,79,,15409,1,,,1,39,,15410,1,,,1,78,,15411,1,,,1,79,,15412,1,,,1,40,,15413,1,,,1,80,,15414,1,,,1,80,,15415,1,,,1,40,,15416,1,,,1,80,,15417,1,,,1,82,,15418,1,,,1,40,,15419,1,,,1,81,,15420,1,,,1,82,,15421,1,,,1,42,,15422,1,,,1,80,,15423,1,,,1
3101,'SUN',734,,15424,1,,,1,100,,15425,1,,,1,98,,15426,1,,,1,100,,15427,1,,,1,96,,15428,1,,,1,99,,15429,1,,,1,100,,15430,1,,,1,100,,15431,1,,,1,100,,15432,1,,,1,101,,15433,1,,,1,102,,15434,1,,,1,102,,15435,1,,,1,102,,15436,1,,,1
3101,'NYE',527,,15437,1,,,1,29,,15438,1,,,1,98,,15439,1,,,1,69,,15440,1,,,1,30,,15441,1,,,1,96,,15442,1,,,1,70,,15443,1,,,1,30,,15444,1,,,1,100,,15445,1,,,1,68,,15446,1,,,1,30,,15447,1,,,1,98,,15448,1,,,1,70,,15449,1,,,1,30,,15450,1,,,1,100,,15451,1,,,1,69,,15452,1,,,1,29,,15453,1,,,1,101,,15454,1,,,1,74,,15455,1,,,1,31,,15456,1,,,1,103,,15457,1,,,1,102,,15458,1,,,1,101,,15459,1,,,1
3101,'NYE/31',626,,15460,1,,,1,196,,15461,1,,,1,197,,15462,1,,,1,197,,15463,1,,,1,199,,15464,1,,,1,199,,15465,1,,,1,206,,15466,1,,,1
4800,'SAT',840,,16005,5,4,,1
10500,'WKDY/31',609,,19970,7,4,,1
10500,'NYE/31',609,,19990,7,4,,1
50000,'WKDY/30',552,,20224,7,4,,1
