701,'WKDY/30',718,,14405,28,,,1,133,,14406,28,,,1,170,,14407,28,,,1,132,,14408,28,,,1,170,,14409,28,,,1,134,,14410,28,,,1,169,,14411,28,,,1,130,,14412,28,,,1,165,,14413,28,,,1
701,'WKDY/31',718,,14414,28,,,1,133,,14415,28,,,1,170,,14416,28,,,1,132,,14417,28,,,1,170,,14418,28,,,1,134,,14419,28,,,1,169,,14420,28,,,1,130,,14421,28,,,1,165,,14422,28,,,1
701,'WKDY',613,,14423,28,,,1,134,,14424,28,,,1,74,,14425,28,,,1,100,,14426,28,,,1,30,,14427,28,,,1,100,,14428,28,,,1,70,,14429,28,,,1,102,,14430,28,,,1,30,,14431,28,,,1,101,,14432,28,,,1,70,,14433,28,,,1,103,,14434,28,,,1,30,,14435,28,,,1,99,,14436,28,,,1,70,,14437,28,,,1,100,,14438,28,,,1,25,,14439,28,,,1,100,,14440,28,,,1,100,,14441,28,,,1,96,,14442,28,,,1
701,'SAT',717,,14443,28,,,1,100,,14444,28,,,1,103,,14445,28,,,1,100,,14446,28,,,1,102,,14447,28,,,1,102,,14448,28,,,1,100,,14449,28,,,1,102,,14450,28,,,1,100,,14451,28,,,1,100,,14452,28,,,1,100,,14453,28,,,1,95,,14454,28,,,1,100,,14455,28,,,1,98,,14456,28,,,1,100,,14457,28,,,1
701,'SUN',717,,14458,28,,,1,100,,14459,28,,,1,103,,14460,28,,,1,100,,14461,28,,,1,102,,14462,28,,,1,102,,14463,28,,,1,100,,14464,28,,,1,102,,14465,28,,,1,100,,14466,28,,,1,100,,14467,28,,,1,100,,14468,28,,,1,95,,14469,28,,,1,100,,14470,28,,,1,98,,14471,28,,,1,100,,14472,28,,,1
701,'NYE',613,,14473,28,,,1,134,,14474,28,,,1,74,,14475,28,,,1,100,,14476,28,,,1,30,,14477,28,,,1,100,,14478,28,,,1,70,,14479,28,,,1,102,,14480,28,,,1,30,,14481,28,,,1,101,,14482,28,,,1,70,,14483,28,,,1,103,,14484,28,,,1,30,,14485,28,,,1,99,,14486,28,,,1,70,,14487,28,,,1,100,,14488,28,,,1,25,,14489,28,,,1,100,,14490,28,,,1,100,,14491,28,,,1,96,,14492,28,,,1
701,'NYE/31',718,,14493,28,,,1,133,,14494,28,,,1,170,,14495,28,,,1,132,,14496,28,,,1,170,,14497,28,,,1,134,,14498,28,,,1,169,,14499,28,,,1,130,,14500,28,,,1,165,,14501,28,,,1
4700,'WKDY/30',1215,,15977,7,,,1,606,,15978,7,,,1
4700,'WKDY/31',1215,,15979,7,,,1,606,,15980,7,,,1
4700,'WKDY',538,,15981,7,,,1
4700,'NYE',538,,15982,7,,,1
4700,'NYE/31',1215,,15983,7,,,1,606,,15984,7,,,1
