3001,'WKDY',515,,15166,3,,,1,94,,15167,21,,,1,30,,15168,21,,,1,63,,15169,21,,,1,34,,15170,21,,,1,73,,15171,21,,,1,31,,15172,21,,,1,69,,15173,21,,,1,31,,15174,21,,,1,69,,15175,21,,,1,31,,15176,21,,,1,69,,15177,21,,,1,30,,15178,21,,,1,70,,15179,21,,,1,30,,15180,21,,,1,72,,15181,21,,,1,32,,15182,21,,,1,70,,15183,21,,,1,30,,15184,21,,,1,70,,15185,21,,,1,33,,15186,21,,,1,68,,15187,21,,,1,29,,15188,21,,,1,68,,15189,21,,,1,30,,15190,21,,,1,69,,15191,21,,,1,28,,15192,21,,,1,69,,15193,21,,,1,28,,15194,21,,,1,67,,15195,21,,,1,30,,15196,21,,,1,27,,15197,21,,,1,99,,15198,21,,,1
3001,'SAT',654,,15199,21,,,1,101,,15200,21,,,1,70,,15201,21,,,1,32,,15202,21,,,1,72,,15203,21,,,1,71,,15204,21,,,1,30,,15205,21,,,1,71,,15206,21,,,1,30,,15207,21,,,1,73,,15208,21,,,1,31,,15209,21,,,1,72,,15210,21,,,1,30,,15211,21,,,1,69,,15212,21,,,1,31,,15213,21,,,1,70,,15214,21,,,1,29,,15215,21,,,1,70,,15216,21,,,1,31,,15217,21,,,1,68,,15218,21,,,1,30,,15219,21,,,1,67,,15220,21,,,1,100,,15221,21,,,1,98,,15222,21,,,1,100,,15223,21,,,1
3001,'SUN',656,,15224,21,,,1,100,,15225,21,,,1,144,,15226,21,,,1,100,,15227,21,,,1,102,,15228,21,,,1,101,,15229,21,,,1,101,,15230,21,,,1,100,,15231,21,,,1,100,,15232,21,,,1,99,,15233,21,,,1,100,,15234,21,,,1,99,,15235,21,,,1,99,,15236,21,,,1,99,,15237,21,,,1,100,,15238,21,,,1
3001,'NYE',515,,15239,3,,,1,94,,15240,21,,,1,30,,15241,21,,,1,63,,15242,21,,,1,34,,15243,21,,,1,73,,15244,21,,,1,31,,15245,21,,,1,69,,15246,21,,,1,31,,15247,21,,,1,69,,15248,21,,,1,31,,15249,21,,,1,69,,15250,21,,,1,30,,15251,21,,,1,70,,15252,21,,,1,30,,15253,21,,,1,72,,15254,21,,,1,32,,15255,21,,,1,70,,15256,21,,,1,30,,15257,21,,,1,70,,15258,21,,,1,33,,15259,21,,,1,68,,15260,21,,,1,29,,15261,21,,,1,68,,15262,21,,,1,30,,15263,21,,,1,69,,15264,21,,,1,28,,15265,21,,,1,69,,15266,21,,,1,28,,15267,21,,,1,67,,15268,21,,,1,30,,15269,21,,,1,27,,15270,21,,,1,99,,15271,21,,,1
3201,'WKDY',601,,15575,25,,,1,30,,15576,25,,,1,100,,15577,25,,,1,70,,15578,25,,,1,30,,15579,25,,,1,99,,15580,25,,,1,70,,15581,25,,,1,30,,15582,25,,,1,100,,15583,25,,,1,29,,15584,25,,,1,70,,15585,25,,,1,99,,15586,25,,,1,30,,15587,25,,,1,70,,15588,25,,,1,100,,15589,25,,,1,30,,15590,25,,,1,70,,15591,25,,,1,100,,15592,25,,,1,31,,15593,25,,,1,70,,15594,25,,,1,101,,15595,25,,,1,100,,15596,25,,,1,100,,15597,25,,,1
3201,'WKDY/30',701,,15561,25,,,1,200,,15562,25,,,1,199,,15563,25,,,1,159,,15564,25,,,1,199,,15565,25,,,1,200,,15566,25,,,1,242,,15567,25,,,1
3201,'WKDY/31',701,,15568,25,,,1,200,,15569,25,,,1,199,,15570,25,,,1,159,,15571,25,,,1,199,,15572,25,,,1,200,,15573,25,,,1,242,,15574,25,,,1
3201,'SAT',807,,15598,25,,,1,39,,15599,25,,,1,81,,15600,25,,,1,79,,15601,25,,,1,40,,15602,25,,,1,81,,15603,25,,,1,79,,15604,25,,,1,39,,15605,25,,,1,80,,15606,25,,,1,80,,15607,25,,,1,40,,15608,25,,,1,80,,15609,25,,,1,80,,15610,25,,,1,41,,15611,25,,,1,79,,15612,25,,,1,81,,15613,25,,,1,42,,15614,25,,,1,79,,15615,25,,,1,80,,15616,25,,,1
3201,'SUN',808,,15617,25,,,1,100,,15618,25,,,1,98,,15619,25,,,1,100,,15620,25,,,1,99,,15621,25,,,1,101,,15622,25,,,1,100,,15623,25,,,1,99,,15624,25,,,1,100,,15625,25,,,1,100,,15626,25,,,1,100,,15627,25,,,1,101,,15628,25,,,1,101,,15629,25,,,1
3201,'NYE',601,,15630,25,,,1,30,,15631,25,,,1,100,,15632,25,,,1,70,,15633,25,,,1,30,,15634,25,,,1,99,,15635,25,,,1,70,,15636,25,,,1,30,,15637,25,,,1,100,,15638,25,,,1,29,,15639,25,,,1,70,,15640,25,,,1,99,,15641,25,,,1,30,,15642,25,,,1,70,,15643,25,,,1,100,,15644,25,,,1,30,,15645,25,,,1,70,,15646,25,,,1,100,,15647,25,,,1,31,,15648,25,,,1,70,,15649,25,,,1,101,,15650,25,,,1,100,,15651,25,,,1,100,,15652,25,,,1
3201,'NYE/31',701,,15653,25,,,1,200,,15654,25,,,1,199,,15655,25,,,1,159,,15656,25,,,1,199,,15657,25,,,1,200,,15658,25,,,1,242,,15659,25,,,1
