3201,'WKDY',607,,15575,31,,,1,30,,15576,31,,,1,100,,15577,31,,,1,70,,15578,31,,,1,30,,15579,31,,,1,100,,15580,31,,,1,70,,15581,31,,,1,30,,15582,31,,,1,100,,15583,31,,,1,69,,15584,31,,,1,30,,15585,31,,,1,100,,15586,31,,,1,70,,15587,31,,,1,30,,15588,31,,,1,100,,15589,31,,,1,70,,15590,31,,,1,30,,15591,31,,,1,100,,15592,31,,,1,70,,15593,31,,,1,30,,15594,31,,,1,101,,15595,31,,,1,100,,15596,31,,,1,100,,15597,31,,,1
3201,'WKDY/30',707,,15561,31,,,1,200,,15562,31,,,1,200,,15563,31,,,1,199,,15564,31,,,1,200,,15565,31,,,1,200,,15566,31,,,1,201,,15567,31,,,1
3201,'WKDY/31',707,,15568,31,,,1,200,,15569,31,,,1,200,,15570,31,,,1,199,,15571,31,,,1,200,,15572,31,,,1,200,,15573,31,,,1,201,,15574,31,,,1
3201,'SAT',813,,15598,31,,,1,39,,15599,31,,,1,81,,15600,31,,,1,80,,15601,31,,,1,40,,15602,31,,,1,81,,15603,31,,,1,79,,15604,31,,,1,39,,15605,31,,,1,80,,15606,31,,,1,80,,15607,31,,,1,40,,15608,31,,,1,80,,15609,31,,,1,80,,15610,31,,,1,41,,15611,31,,,1,79,,15612,31,,,1,81,,15613,31,,,1,42,,15614,31,,,1,79,,15615,31,,,1,80,,15616,31,,,1
3201,'SUN',814,,15617,31,,,1,100,,15618,31,,,1,99,,15619,31,,,1,100,,15620,31,,,1,99,,15621,31,,,1,101,,15622,31,,,1,100,,15623,31,,,1,99,,15624,31,,,1,100,,15625,31,,,1,100,,15626,31,,,1,100,,15627,31,,,1,100,,15628,31,,,1,101,,15629,31,,,1
3201,'NYE',607,,15630,31,,,1,30,,15631,31,,,1,100,,15632,31,,,1,70,,15633,31,,,1,30,,15634,31,,,1,100,,15635,31,,,1,70,,15636,31,,,1,30,,15637,31,,,1,100,,15638,31,,,1,69,,15639,31,,,1,30,,15640,31,,,1,100,,15641,31,,,1,70,,15642,31,,,1,30,,15643,31,,,1,100,,15644,31,,,1,70,,15645,31,,,1,30,,15646,31,,,1,100,,15647,31,,,1,70,,15648,31,,,1,30,,15649,31,,,1,101,,15650,31,,,1,100,,15651,31,,,1,100,,15652,31,,,1
3201,'NYE/31',707,,15653,31,,,1,200,,15654,31,,,1,200,,15655,31,,,1,199,,15656,31,,,1,200,,15657,31,,,1,200,,15658,31,,,1,201,,15659,31,,,1
7801,'WKDY',458,,19358,25,,,1,142,,19359,25,,,1,32,,19360,25,,,1,70,,19361,25,,,1,31,,19362,25,,,1,72,,19363,25,,,1,30,,19364,25,,,1,70,,19365,25,,,1,30,,19366,25,,,1,70,,19367,25,,,1,100,,19368,25,,,1,32,,19369,25,,,1,70,,19370,25,,,1,31,,19371,25,,,1,70,,19372,25,,,1,101,,19373,25,,,1,30,,19374,25,,,1,70,,19375,25,,,1,30,,19376,25,,,1,70,,19377,25,,,1,31,,19378,25,,,1,70,,19379,25,,,1,30,,19380,25,,,1,72,,19381,25,,,1,98,,19382,25,,,1,96,,19383,25,,,1,100,,19384,25,,,1,98,,19385,25,,,1
7801,'WKDY/30',1035,,19354,25,,,1,304,,19355,25,,,1
7801,'WKDY/31',1035,,19356,25,,,1,304,,19357,25,,,1
7801,'SAT',805,,19386,25,,,1,101,,19387,25,,,1,100,,19388,25,,,1,101,,19389,25,,,1,100,,19390,25,,,1,102,,19391,25,,,1,100,,19392,25,,,1,100,,19393,25,,,1,99,,19394,25,,,1,100,,19395,25,,,1,100,,19396,25,,,1,98,,19397,25,,,1,99,,19398,25,,,1
7801,'SUN',805,,19399,25,,,1,101,,19400,25,,,1,100,,19401,25,,,1,101,,19402,25,,,1,100,,19403,25,,,1,102,,19404,25,,,1,100,,19405,25,,,1,100,,19406,25,,,1,99,,19407,25,,,1,95,,19408,25,,,1,105,,19409,25,,,1,98,,19410,25,,,1,104,,19411,25,,,1
7801,'NYE',458,,19412,25,,,1,142,,19413,25,,,1,32,,19414,25,,,1,70,,19415,25,,,1,31,,19416,25,,,1,72,,19417,25,,,1,30,,19418,25,,,1,70,,19419,25,,,1,30,,19420,25,,,1,70,,19421,25,,,1,100,,19422,25,,,1,32,,19423,25,,,1,70,,19424,25,,,1,31,,19425,25,,,1,70,,19426,25,,,1,101,,19427,25,,,1,30,,19428,25,,,1,70,,19429,25,,,1,30,,19430,25,,,1,70,,19431,25,,,1,31,,19432,25,,,1,70,,19433,25,,,1,30,,19434,25,,,1,72,,19435,25,,,1,98,,19436,25,,,1,96,,19437,25,,,1,100,,19438,25,,,1,98,,19439,25,,,1
7801,'NYE/31',1035,,19440,25,,,1,304,,19441,25,,,1
