7100,'WKDY/30',716,,18559,4,,,1,102,,18560,4,,,1,115,,18561,4,,,1,115,,18562,4,,,1,156,,18563,4,,,1,115,,18564,4,,,1,115,,18565,4,,,1,116,,18566,4,,,1,170,,18567,4,,,1
7100,'WKDY/31',716,,18568,4,,,1,102,,18569,4,,,1,115,,18570,4,,,1,115,,18571,4,,,1,156,,18572,4,,,1,115,,18573,4,,,1,115,,18574,4,,,1,116,,18575,4,,,1,170,,18576,4,,,1
7100,'WKDY',531,,18577,4,,,1,70,,18578,4,,,1,30,,18579,4,,,1,70,,18580,4,,,1,30,,18581,4,,,1,15,,18582,4,,,1,55,,18583,4,,,1,32,,18584,4,,,1,15,,18585,4,,,1,55,,18586,4,,,1,15,,18587,4,,,1,30,,18588,4,,,1,55,,18589,4,,,1,15,,18590,4,,,1,15,,18591,4,,,1,70,,18592,4,,,1,16,,18593,4,,,1,15,,18594,4,,,1,15,,18595,4,,,1,70,,18596,4,,,1,15,,18597,4,,,1,15,,18598,4,,,1,55,,18599,4,,,1,30,,18600,4,,,1,15,,18601,4,,,1,55,,18602,4,,,1,15,,18603,4,,,1,30,,18604,4,,,1,55,,18605,4,,,1,15,,18606,4,,,1,15,,18607,4,,,1,71,,18608,4,,,1,15,,18609,4,,,1,15,,18610,4,,,1,15,,18611,4,,,1,55,,18612,4,,,1,30,,18613,4,,,1,15,,18614,4,,,1,68,,18615,4,,,1,30,,18616,4,,,1,70,,18617,4,,,1,30,,18618,4,,,1,69,,18619,4,,,1,30,,18620,4,,,1,70,,18621,4,,,1,29,,18622,4,,,1,70,,18623,4,,,1,100,,18624,4,,,1
7100,'SAT',627,,18625,4,,,1,20,,18626,4,,,1,60,,18627,4,,,1,20,,18628,4,,,1,20,,18629,4,,,1,61,,18630,4,,,1,20,,18631,4,,,1,20,,18632,4,,,1,58,,18633,4,,,1,22,,18634,4,,,1,19,,18635,4,,,1,59,,18636,4,,,1,20,,18637,4,,,1,20,,18638,4,,,1,60,,18639,4,,,1,20,,18640,4,,,1,21,,18641,4,,,1,61,,18642,4,,,1,21,,18643,4,,,1,22,,18644,4,,,1,60,,18645,4,,,1,21,,18646,4,,,1,20,,18647,4,,,1,60,,18648,4,,,1,20,,18649,4,,,1,20,,18650,4,,,1,61,,18651,4,,,1,20,,18652,4,,,1,20,,18653,4,,,1,61,,18654,4,,,1,20,,18655,4,,,1,19,,18656,4,,,1,59,,18657,4,,,1,20,,18658,4,,,1,20,,18659,4,,,1,59,,18660,4,,,1,20,,18661,4,,,1,19,,18662,4,,,1,61,,18663,4,,,1,20,,18664,4,,,1,20,,18665,4,,,1,61,,18666,4,,,1,20,,18667,4,,,1,19,,18668,4,,,1,60,,18669,4,,,1,20,,18670,4,,,1,70,,18671,4,,,1,30,,18672,4,,,1,69,,18673,4,,,1
7100,'SUN',627,,18674,4,,,1,30,,18675,4,,,1,70,,18676,4,,,1,30,,18677,4,,,1,71,,18678,4,,,1,30,,18679,4,,,1,70,,18680,4,,,1,30,,18681,4,,,1,70,,18682,4,,,1,31,,18683,4,,,1,70,,18684,4,,,1,30,,18685,4,,,1,71,,18686,4,,,1,70,,18687,4,,,1,30,,18688,4,,,1,70,,18689,4,,,1,30,,18690,4,,,1,70,,18691,4,,,1,30,,18692,4,,,1,70,,18693,4,,,1,30,,18694,4,,,1,29,,18695,4,,,1,70,,18696,4,,,1,30,,18697,4,,,1,70,,18698,4,,,1,30,,18699,4,,,1,69,,18700,4,,,1,30,,18701,4,,,1,70,,18702,4,,,1,30,,18703,4,,,1,70,,18704,4,,,1,29,,18705,4,,,1,70,,18706,4,,,1,30,,18707,4,,,1
7100,'NYE',531,,18708,4,,,1,70,,18709,4,,,1,30,,18710,4,,,1,70,,18711,4,,,1,30,,18712,4,,,1,15,,18713,4,,,1,55,,18714,4,,,1,32,,18715,4,,,1,15,,18716,4,,,1,55,,18717,4,,,1,15,,18718,4,,,1,30,,18719,4,,,1,55,,18720,4,,,1,15,,18721,4,,,1,15,,18722,4,,,1,70,,18723,4,,,1,16,,18724,4,,,1,15,,18725,4,,,1,15,,18726,4,,,1,70,,18727,4,,,1,15,,18728,4,,,1,15,,18729,4,,,1,55,,18730,4,,,1,30,,18731,4,,,1,15,,18732,4,,,1,55,,18733,4,,,1,15,,18734,4,,,1,30,,18735,4,,,1,55,,18736,4,,,1,15,,18737,4,,,1,15,,18738,4,,,1,71,,18739,4,,,1,15,,18740,4,,,1,15,,18741,4,,,1,15,,18742,4,,,1,55,,18743,4,,,1,30,,18744,4,,,1,15,,18745,4,,,1,68,,18746,4,,,1,30,,18747,4,,,1,70,,18748,4,,,1,30,,18749,4,,,1,69,,18750,4,,,1,30,,18751,4,,,1,70,,18752,4,,,1,29,,18753,4,,,1,70,,18754,4,,,1,100,,18755,4,,,1
7100,'NYE/31',716,,18756,4,,,1,102,,18757,4,,,1,115,,18758,4,,,1,115,,18759,4,,,1,156,,18760,4,,,1,115,,18761,4,,,1,115,,18762,4,,,1,116,,18763,4,,,1,170,,18764,4,,,1
7800,'WKDY/30',1015,,19354,4,,,1,301,,19355,4,,,1
7800,'WKDY/31',1015,,19356,4,,,1,301,,19357,4,,,1
7800,'WKDY',442,,19358,4,,,1,102,,19359,4,,,1,70,,19360,4,,,1,30,,19361,4,,,1,70,,19362,4,,,1,31,,19363,4,,,1,70,,19364,4,,,1,30,,19365,4,,,1,70,,19366,4,,,1,30,,19367,4,,,1,100,,19368,4,,,1,71,,19369,4,,,1,30,,19370,4,,,1,70,,19371,4,,,1,30,,19372,4,,,1,100,,19373,4,,,1,70,,19374,4,,,1,30,,19375,4,,,1,70,,19376,4,,,1,30,,19377,4,,,1,70,,19378,4,,,1,30,,19379,4,,,1,70,,19380,4,,,1,32,,19381,4,,,1,100,,19382,4,,,1,98,,19383,4,,,1,100,,19384,4,,,1,99,,19385,4,,,1
7800,'SAT',745,,19386,4,,,1,101,,19387,4,,,1,100,,19388,4,,,1,100,,19389,4,,,1,100,,19390,4,,,1,100,,19391,4,,,1,100,,19392,4,,,1,100,,19393,4,,,1,100,,19394,4,,,1,100,,19395,4,,,1,100,,19396,4,,,1,100,,19397,4,,,1,99,,19398,4,,,1
7800,'SUN',745,,19399,4,,,1,101,,19400,4,,,1,100,,19401,4,,,1,100,,19402,4,,,1,100,,19403,4,,,1,100,,19404,4,,,1,100,,19405,4,,,1,100,,19406,4,,,1,100,,19407,4,,,1,95,,19408,4,,,1,105,,19409,4,,,1,100,,19410,4,,,1,104,,19411,4,,,1
7800,'NYE',442,,19412,4,,,1,102,,19413,4,,,1,70,,19414,4,,,1,30,,19415,4,,,1,70,,19416,4,,,1,31,,19417,4,,,1,70,,19418,4,,,1,30,,19419,4,,,1,70,,19420,4,,,1,30,,19421,4,,,1,100,,19422,4,,,1,71,,19423,4,,,1,30,,19424,4,,,1,70,,19425,4,,,1,30,,19426,4,,,1,100,,19427,4,,,1,70,,19428,4,,,1,30,,19429,4,,,1,70,,19430,4,,,1,30,,19431,4,,,1,70,,19432,4,,,1,30,,19433,4,,,1,70,,19434,4,,,1,32,,19435,4,,,1,100,,19436,4,,,1,98,,19437,4,,,1,100,,19438,4,,,1,99,,19439,4,,,1
7800,'NYE/31',1015,,19440,4,,,1,301,,19441,4,,,1
