200,'WKDY',643,,14026,35,,,1,100,,14027,35,,,1,100,,14028,35,,,1,100,,14029,35,,,1,100,,14030,35,,,1,100,,14031,35,,,1,100,,14032,35,,,1,101,,14033,35,,,1,101,,14034,35,,,1,101,,14035,35,,,1,98,,14036,35,,,1,101,,14037,35,,,1,97,,14038,35,,,1
200,'NYE',643,,14039,35,,,1,100,,14040,35,,,1,100,,14041,35,,,1,100,,14042,35,,,1,100,,14043,35,,,1,100,,14044,35,,,1,100,,14045,35,,,1,101,,14046,35,,,1,101,,14047,35,,,1,101,,14048,35,,,1,98,,14049,35,,,1,101,,14050,35,,,1,97,,14051,35,,,1
3000,'WKDY',550,,15092,18,,,1,70,,15093,18,,,1,22,,15062,53,,,1,71,,15063,53,,,1,33,,15064,53,,,1,71,,15065,53,,,1,30,,15066,53,,,1,71,,15067,53,,,1,28,,15068,53,,,1,71,,15069,53,,,1,29,,15070,53,,,1,70,,15071,53,,,1,30,,15072,53,,,1,70,,15073,53,,,1,29,,15074,53,,,1,72,,15075,53,,,1,30,,15076,53,,,1,70,,15077,53,,,1,31,,15078,53,,,1,73,,15079,53,,,1,30,,15080,53,,,1,69,,15081,53,,,1,30,,15082,53,,,1,70,,15083,53,,,1,30,,15084,53,,,1,68,,15085,53,,,1,29,,15086,53,,,1,68,,15087,53,,,1,27,,15088,53,,,1,70,,15089,53,,,1,27,,15090,53,,,1,100,,15091,53,,,1
3000,'SAT',636,,15094,18,,,1,100,,15095,18,,,1,70,,15096,53,,,1,32,,15097,53,,,1,71,,15098,53,,,1,31,,15099,53,,,1,70,,15100,53,,,1,31,,15101,53,,,1,70,,15102,53,,,1,33,,15103,53,,,1,71,,15104,53,,,1,31,,15105,53,,,1,70,,15106,53,,,1,29,,15107,53,,,1,71,,15108,53,,,1,30,,15109,53,,,1,69,,15110,53,,,1,30,,15111,53,,,1,72,,15112,53,,,1,28,,15113,53,,,1,70,,15114,53,,,1,28,,15115,53,,,1,100,,15116,53,,,1,98,,15117,53,,,1,100,,15118,53,,,1
3000,'SUN',637,,15119,18,,,1,100,,15120,18,,,1,104,,15121,53,,,1,100,,15122,53,,,1,102,,15123,53,,,1,100,,15124,53,,,1,100,,15125,53,,,1,101,,15126,53,,,1,100,,15127,53,,,1,100,,15128,53,,,1,100,,15129,53,,,1,99,,15130,53,,,1,99,,15131,53,,,1,99,,15132,53,,,1,100,,15133,53,,,1
3000,'NYE',550,,15134,18,,,1,70,,15135,18,,,1,22,,15136,53,,,1,71,,15137,53,,,1,33,,15138,53,,,1,71,,15139,53,,,1,30,,15140,53,,,1,71,,15141,53,,,1,28,,15142,53,,,1,71,,15143,53,,,1,29,,15144,53,,,1,70,,15145,53,,,1,30,,15146,53,,,1,70,,15147,53,,,1,29,,15148,53,,,1,72,,15149,53,,,1,30,,15150,53,,,1,70,,15151,53,,,1,31,,15152,53,,,1,73,,15153,53,,,1,30,,15154,53,,,1,69,,15155,53,,,1,30,,15156,53,,,1,70,,15157,53,,,1,30,,15158,53,,,1,68,,15159,53,,,1,29,,15160,53,,,1,68,,15161,53,,,1,27,,15162,53,,,1,70,,15163,53,,,1,27,,15164,53,,,1,100,,15165,53,,,1
3201,'WKDY',542,,15575,2,,,1,69,,15576,2,,,1,99,,15577,2,,,1,30,,15578,2,,,1,70,,15579,2,,,1,98,,15580,2,,,1,30,,15581,2,,,1,70,,15582,2,,,1,100,,15583,2,,,1,28,,15584,2,,,1,70,,15585,2,,,1,98,,15586,2,,,1,30,,15587,2,,,1,71,,15588,2,,,1,100,,15589,2,,,1,29,,15590,2,,,1,70,,15591,2,,,1,100,,15592,2,,,1,34,,15593,2,,,1,70,,15594,2,,,1,102,,15595,2,,,1,100,,15596,2,,,1,100,,15597,2,,,1
3201,'WKDY/30',641,,15561,2,,,1,198,,15562,2,,,1,199,,15563,2,,,1,197,,15564,2,,,1,200,,15565,2,,,1,199,,15566,2,,,1,205,,15567,2,,,1
3201,'WKDY/31',641,,15568,2,,,1,198,,15569,2,,,1,199,,15570,2,,,1,197,,15571,2,,,1,200,,15572,2,,,1,199,,15573,2,,,1,205,,15574,2,,,1
3201,'SAT',749,,15598,2,,,1,79,,15599,2,,,1,79,,15600,2,,,1,39,,15601,2,,,1,80,,15602,2,,,1,80,,15603,2,,,1,39,,15604,2,,,1,79,,15605,2,,,1,80,,15606,2,,,1,40,,15607,2,,,1,80,,15608,2,,,1,80,,15609,2,,,1,40,,15610,2,,,1,82,,15611,2,,,1,80,,15612,2,,,1,41,,15613,2,,,1,82,,15614,2,,,1,79,,15615,2,,,1,40,,15616,2,,,1
3201,'SUN',749,,15617,2,,,1,100,,15618,2,,,1,98,,15619,2,,,1,100,,15620,2,,,1,97,,15621,2,,,1,101,,15622,2,,,1,100,,15623,2,,,1,99,,15624,2,,,1,100,,15625,2,,,1,100,,15626,2,,,1,101,,15627,2,,,1,102,,15628,2,,,1,101,,15629,2,,,1
3201,'NYE',542,,15630,2,,,1,69,,15631,2,,,1,99,,15632,2,,,1,30,,15633,2,,,1,70,,15634,2,,,1,98,,15635,2,,,1,30,,15636,2,,,1,70,,15637,2,,,1,100,,15638,2,,,1,28,,15639,2,,,1,70,,15640,2,,,1,98,,15641,2,,,1,30,,15642,2,,,1,71,,15643,2,,,1,100,,15644,2,,,1,29,,15645,2,,,1,70,,15646,2,,,1,100,,15647,2,,,1,34,,15648,2,,,1,70,,15649,2,,,1,102,,15650,2,,,1,100,,15651,2,,,1,100,,15652,2,,,1
3201,'NYE/31',641,,15653,2,,,1,198,,15654,2,,,1,199,,15655,2,,,1,197,,15656,2,,,1,200,,15657,2,,,1,199,,15658,2,,,1,205,,15659,2,,,1
4100,'WKDY',1747,,15960,2,,,1
4100,'WKDY/30',1712,,15957,2,,,1
4100,'WKDY/31',1712,,15959,2,,,1
4100,'NYE',1747,,15961,2,,,1
4100,'NYE/31',1712,,15963,2,,,1
4101,'WKDY',800,,15970,17,,,1
4101,'WKDY/30',730,,15964,17,,,1
4101,'WKDY/31',730,,15967,17,,,1
4101,'NYE',800,,15972,17,,,1
4101,'NYE/31',730,,15974,17,,,1
7100,'WKDY',543,,18577,20,,,1,72,,18578,20,,,1,31,,18579,20,,,1,70,,18580,20,,,1,30,,18581,20,,,1,56,,18582,20,,,1,15,,18583,20,,,1,32,,18584,20,,,1,56,,18585,20,,,1,15,,18586,20,,,1,15,,18587,20,,,1,70,,18588,20,,,1,16,,18589,20,,,1,15,,18590,20,,,1,15,,18591,20,,,1,70,,18592,20,,,1,17,,18593,20,,,1,15,,18594,20,,,1,55,,18595,20,,,1,30,,18596,20,,,1,15,,18597,20,,,1,55,,18598,20,,,1,15,,18599,20,,,1,30,,18600,20,,,1,55,,18601,20,,,1,15,,18602,20,,,1,15,,18603,20,,,1,70,,18604,20,,,1,15,,18605,20,,,1,15,,18606,20,,,1,15,,18607,20,,,1,71,,18608,20,,,1,14,,18609,20,,,1,15,,18610,20,,,1,55,,18611,20,,,1,15,,18612,20,,,1,29,,18613,20,,,1,55,,18614,20,,,1,28,,18615,20,,,1,70,,18616,20,,,1,30,,18617,20,,,1,70,,18618,20,,,1,28,,18619,20,,,1,69,,18620,20,,,1,30,,18621,20,,,1,68,,18622,20,,,1,30,,18623,20,,,1,100,,18624,20,,,1
7100,'WKDY/30',731,,18559,20,,,1,103,,18560,20,,,1,116,,18561,20,,,1,156,,18562,20,,,1,117,,18563,20,,,1,115,,18564,20,,,1,115,,18565,20,,,1,156,,18566,20,,,1,129,,18567,20,,,1
7100,'WKDY/31',731,,18568,20,,,1,103,,18569,20,,,1,116,,18570,20,,,1,156,,18571,20,,,1,117,,18572,20,,,1,115,,18573,20,,,1,115,,18574,20,,,1,156,,18575,20,,,1,129,,18576,20,,,1
7100,'SAT',640,,18625,20,,,1,60,,18626,20,,,1,20,,18627,20,,,1,20,,18628,20,,,1,61,,18629,20,,,1,21,,18630,20,,,1,20,,18631,20,,,1,61,,18632,20,,,1,18,,18633,20,,,1,22,,18634,20,,,1,59,,18635,20,,,1,20,,18636,20,,,1,20,,18637,20,,,1,60,,18638,20,,,1,20,,18639,20,,,1,20,,18640,20,,,1,61,,18641,20,,,1,21,,18642,20,,,1,23,,18643,20,,,1,63,,18644,20,,,1,20,,18645,20,,,1,21,,18646,20,,,1,60,,18647,20,,,1,20,,18648,20,,,1,21,,18649,20,,,1,60,,18650,20,,,1,20,,18651,20,,,1,20,,18652,20,,,1,60,,18653,20,,,1,21,,18654,20,,,1,20,,18655,20,,,1,57,,18656,20,,,1,19,,18657,20,,,1,20,,18658,20,,,1,60,,18659,20,,,1,18,,18660,20,,,1,20,,18661,20,,,1,59,,18662,20,,,1,20,,18663,20,,,1,20,,18664,20,,,1,60,,18665,20,,,1,21,,18666,20,,,1,20,,18667,20,,,1,59,,18668,20,,,1,20,,18669,20,,,1,20,,18670,20,,,1,70,,18671,20,,,1,28,,18672,20,,,1,68,,18673,20,,,1
7100,'SUN',641,,18674,20,,,1,70,,18675,20,,,1,30,,18676,20,,,1,70,,18677,20,,,1,32,,18678,20,,,1,70,,18679,20,,,1,31,,18680,20,,,1,70,,18681,20,,,1,30,,18682,20,,,1,71,,18683,20,,,1,30,,18684,20,,,1,72,,18685,20,,,1,32,,18686,20,,,1,70,,18687,20,,,1,30,,18688,20,,,1,70,,18689,20,,,1,30,,18690,20,,,1,70,,18691,20,,,1,30,,18692,20,,,1,70,,18693,20,,,1,30,,18694,20,,,1,66,,18695,20,,,1,30,,18696,20,,,1,70,,18697,20,,,1,30,,18698,20,,,1,70,,18699,20,,,1,28,,18700,20,,,1,70,,18701,20,,,1,30,,18702,20,,,1,70,,18703,20,,,1,29,,18704,20,,,1,69,,18705,20,,,1,30,,18706,20,,,1,70,,18707,20,,,1
7100,'NYE',543,,18708,20,,,1,72,,18709,20,,,1,31,,18710,20,,,1,70,,18711,20,,,1,30,,18712,20,,,1,56,,18713,20,,,1,15,,18714,20,,,1,32,,18715,20,,,1,56,,18716,20,,,1,15,,18717,20,,,1,15,,18718,20,,,1,70,,18719,20,,,1,16,,18720,20,,,1,15,,18721,20,,,1,15,,18722,20,,,1,70,,18723,20,,,1,17,,18724,20,,,1,15,,18725,20,,,1,55,,18726,20,,,1,30,,18727,20,,,1,15,,18728,20,,,1,55,,18729,20,,,1,15,,18730,20,,,1,30,,18731,20,,,1,55,,18732,20,,,1,15,,18733,20,,,1,15,,18734,20,,,1,70,,18735,20,,,1,15,,18736,20,,,1,15,,18737,20,,,1,15,,18738,20,,,1,71,,18739,20,,,1,14,,18740,20,,,1,15,,18741,20,,,1,55,,18742,20,,,1,15,,18743,20,,,1,29,,18744,20,,,1,55,,18745,20,,,1,28,,18746,20,,,1,70,,18747,20,,,1,30,,18748,20,,,1,70,,18749,20,,,1,28,,18750,20,,,1,69,,18751,20,,,1,30,,18752,20,,,1,68,,18753,20,,,1,30,,18754,20,,,1,100,,18755,20,,,1
7100,'NYE/31',731,,18756,20,,,1,103,,18757,20,,,1,116,,18758,20,,,1,156,,18759,20,,,1,117,,18760,20,,,1,115,,18761,20,,,1,115,,18762,20,,,1,156,,18763,20,,,1,129,,18764,20,,,1
10501,'WKDY/31',515,,20010,3,,,1,41,,20011,3,,,1,82,,20012,3,,,1,70,,20013,3,,,1,11,,20014,3,,,1,40,,20015,3,,,1,89,,20016,3,,,1,69,,20017,3,,,1,102,,20018,3,,,1,98,,20019,3,,,1,98,,20020,3,,,1,100,,20021,3,,,1,99,,20022,3,,,1,99,,20023,3,,,1,40,,20024,3,,,1,79,,20025,3,,,1,80,,20026,3,,,1,31,,20027,3,,,1,72,,20028,3,,,1,103,,20029,3,,,1,100,,20030,3,,,1
10501,'NYE/31',515,,20031,3,,,1,41,,20032,3,,,1,82,,20033,3,,,1,70,,20034,3,,,1,11,,20035,3,,,1,40,,20036,3,,,1,89,,20037,3,,,1,69,,20038,3,,,1,102,,20039,3,,,1,98,,20040,3,,,1,98,,20041,3,,,1,100,,20042,3,,,1,99,,20043,3,,,1,99,,20044,3,,,1,40,,20045,3,,,1,79,,20046,3,,,1,80,,20047,3,,,1,31,,20048,3,,,1,72,,20049,3,,,1,103,,20050,3,,,1,100,,20051,3,,,1
50000,'WKDY/30',451,,20244,4,,,1,70,,20245,4,,,1,98,,20246,4,,,1,28,,20247,4,,,1,70,,20248,4,,,1,30,,20249,4,,,1,70,,20250,4,,,1,87,,20251,4,,,1,100,,20252,4,,,1,100,,20253,4,,,1,100,,20254,4,,,1,100,,20255,4,,,1,100,,20256,4,,,1,100,,20257,4,,,1,45,,20258,4,,,1,70,,20259,4,,,1,87,,20260,4,,,1,30,,20261,4,,,1,70,,20262,4,,,1,102,,20263,4,,,1,100,,20264,4,,,1
