3100,'WKDY/30',746,,15272,8,,,1,202,,15273,8,,,1,200,,15274,8,,,1,201,,15275,8,,,1,203,,15276,8,,,1,197,,15277,8,,,1
3100,'WKDY/31',746,,15278,8,,,1,202,,15279,8,,,1,200,,15280,8,,,1,201,,15281,8,,,1,203,,15282,8,,,1,197,,15283,8,,,1
3100,'WKDY',544,,15284,8,,,1,71,,15285,8,,,1,30,,15286,8,,,1,71,,15287,8,,,1,102,,15288,8,,,1,30,,15289,8,,,1,70,,15290,8,,,1,100,,15291,8,,,1,30,,15292,8,,,1,70,,15293,8,,,1,101,,15294,8,,,1,30,,15295,8,,,1,70,,15296,8,,,1,100,,15297,8,,,1,33,,15298,8,,,1,70,,15299,8,,,1,99,,15300,8,,,1,29,,15301,8,,,1,69,,15302,8,,,1,99,,15303,8,,,1,30,,15304,8,,,1,69,,15305,8,,,1,100,,15306,8,,,1,100,,15307,8,,,1
3100,'SAT',852,,15308,8,,,1,80,,15309,8,,,1,80,,15310,8,,,1,40,,15311,8,,,1,81,,15312,8,,,1,80,,15313,8,,,1,40,,15314,8,,,1,80,,15315,8,,,1,80,,15316,8,,,1,40,,15317,8,,,1,80,,15318,8,,,1,80,,15319,8,,,1,40,,15320,8,,,1,80,,15321,8,,,1,79,,15322,8,,,1,40,,15323,8,,,1,80,,15324,8,,,1,80,,15325,8,,,1
3100,'SUN',850,,15326,8,,,1,100,,15327,8,,,1,101,,15328,8,,,1,100,,15329,8,,,1,100,,15330,8,,,1,100,,15331,8,,,1,100,,15332,8,,,1,100,,15333,8,,,1,100,,15334,8,,,1,100,,15335,8,,,1,99,,15336,8,,,1,100,,15337,8,,,1
3100,'NYE',544,,15338,8,,,1,71,,15339,8,,,1,30,,15340,8,,,1,71,,15341,8,,,1,102,,15342,8,,,1,30,,15343,8,,,1,70,,15344,8,,,1,100,,15345,8,,,1,30,,15346,8,,,1,70,,15347,8,,,1,101,,15348,8,,,1,30,,15349,8,,,1,70,,15350,8,,,1,100,,15351,8,,,1,33,,15352,8,,,1,70,,15353,8,,,1,99,,15354,8,,,1,29,,15355,8,,,1,69,,15356,8,,,1,99,,15357,8,,,1,30,,15358,8,,,1,69,,15359,8,,,1,100,,15360,8,,,1,100,,15361,8,,,1
3100,'NYE/31',746,,15362,8,,,1,202,,15363,8,,,1,200,,15364,8,,,1,201,,15365,8,,,1,203,,15366,8,,,1,197,,15367,8,,,1
7101,'WKDY/30',744,,18765,11,,,1,104,,18766,11,,,1,156,,18767,11,,,1,117,,18768,11,,,1,117,,18769,11,,,1,115,,18770,11,,,1,157,,18771,11,,,1,116,,18772,11,,,1,128,,18773,11,,,1
7101,'WKDY/31',744,,18774,11,,,1,104,,18775,11,,,1,156,,18776,11,,,1,117,,18777,11,,,1,117,,18778,11,,,1,115,,18779,11,,,1,157,,18780,11,,,1,116,,18781,11,,,1,128,,18782,11,,,1
7101,'WKDY',555,,18783,11,,,1,73,,18784,11,,,1,31,,18785,11,,,1,70,,18786,11,,,1,30,,18787,11,,,1,56,,18788,11,,,1,15,,18789,11,,,1,73,,18790,11,,,1,16,,18791,11,,,1,15,,18792,11,,,1,15,,18793,11,,,1,70,,18794,11,,,1,17,,18795,11,,,1,15,,18796,11,,,1,55,,18797,11,,,1,30,,18798,11,,,1,17,,18799,11,,,1,55,,18800,11,,,1,15,,18801,11,,,1,30,,18802,11,,,1,55,,18803,11,,,1,15,,18804,11,,,1,15,,18805,11,,,1,70,,18806,11,,,1,16,,18807,11,,,1,15,,18808,11,,,1,16,,18809,11,,,1,70,,18810,11,,,1,15,,18811,11,,,1,15,,18812,11,,,1,55,,18813,11,,,1,31,,18814,11,,,1,13,,18815,11,,,1,55,,18816,11,,,1,15,,18817,11,,,1,15,,18818,11,,,1,68,,18819,11,,,1,15,,18820,11,,,1,28,,18821,11,,,1,70,,18822,11,,,1,29,,18823,11,,,1,70,,18824,11,,,1,28,,18825,11,,,1,68,,18826,11,,,1,30,,18827,11,,,1,68,,18828,11,,,1,30,,18829,11,,,1,100,,18830,11,,,1
7101,'SAT',653,,18831,11,,,1,60,,18832,11,,,1,20,,18833,11,,,1,20,,18834,11,,,1,62,,18835,11,,,1,21,,18836,11,,,1,20,,18837,11,,,1,61,,18838,11,,,1,19,,18839,11,,,1,22,,18840,11,,,1,59,,18841,11,,,1,20,,18842,11,,,1,21,,18843,11,,,1,60,,18844,11,,,1,20,,18845,11,,,1,20,,18846,11,,,1,61,,18847,11,,,1,21,,18848,11,,,1,63,,18849,11,,,1,25,,18850,11,,,1,20,,18851,11,,,1,61,,18852,11,,,1,20,,18853,11,,,1,20,,18854,11,,,1,60,,18855,11,,,1,20,,18856,11,,,1,20,,18857,11,,,1,60,,18858,11,,,1,19,,18859,11,,,1,21,,18860,11,,,1,60,,18861,11,,,1,17,,18862,11,,,1,19,,18863,11,,,1,60,,18864,11,,,1,20,,18865,11,,,1,18,,18866,11,,,1,60,,18867,11,,,1,19,,18868,11,,,1,19,,18869,11,,,1,60,,18870,11,,,1,20,,18871,11,,,1,21,,18872,11,,,1,59,,18873,11,,,1,19,,18874,11,,,1,19,,18875,11,,,1,20,,18876,11,,,1,70,,18877,11,,,1,28,,18878,11,,,1,67,,18879,11,,,1
7101,'SUN',653,,18880,11,,,1,70,,18881,11,,,1,30,,18882,11,,,1,72,,18883,11,,,1,32,,18884,11,,,1,70,,18885,11,,,1,32,,18886,11,,,1,70,,18887,11,,,1,30,,18888,11,,,1,71,,18889,11,,,1,70,,18890,11,,,1,32,,18891,11,,,1,73,,18892,11,,,1,30,,18893,11,,,1,70,,18894,11,,,1,30,,18895,11,,,1,70,,18896,11,,,1,30,,18897,11,,,1,70,,18898,11,,,1,30,,18899,11,,,1,70,,18900,11,,,1,26,,18901,11,,,1,70,,18902,11,,,1,30,,18903,11,,,1,69,,18904,11,,,1,30,,18905,11,,,1,28,,18906,11,,,1,70,,18907,11,,,1,29,,18908,11,,,1,69,,18909,11,,,1,29,,18910,11,,,1,68,,18911,11,,,1,30,,18912,11,,,1,70,,18913,11,,,1
7101,'NYE',555,,18914,11,,,1,73,,18915,11,,,1,31,,18916,11,,,1,70,,18917,11,,,1,30,,18918,11,,,1,56,,18919,11,,,1,15,,18920,11,,,1,73,,18921,11,,,1,16,,18922,11,,,1,15,,18923,11,,,1,15,,18924,11,,,1,70,,18925,11,,,1,17,,18926,11,,,1,15,,18927,11,,,1,55,,18928,11,,,1,30,,18929,11,,,1,17,,18930,11,,,1,55,,18931,11,,,1,15,,18932,11,,,1,30,,18933,11,,,1,55,,18934,11,,,1,15,,18935,11,,,1,15,,18936,11,,,1,70,,18937,11,,,1,16,,18938,11,,,1,15,,18939,11,,,1,16,,18940,11,,,1,70,,18941,11,,,1,15,,18942,11,,,1,15,,18943,11,,,1,55,,18944,11,,,1,31,,18945,11,,,1,13,,18946,11,,,1,55,,18947,11,,,1,15,,18948,11,,,1,15,,18949,11,,,1,68,,18950,11,,,1,15,,18951,11,,,1,28,,18952,11,,,1,70,,18953,11,,,1,29,,18954,11,,,1,70,,18955,11,,,1,28,,18956,11,,,1,68,,18957,11,,,1,30,,18958,11,,,1,68,,18959,11,,,1,30,,18960,11,,,1,100,,18961,11,,,1
7101,'NYE/31',744,,18962,11,,,1,104,,18963,11,,,1,156,,18964,11,,,1,117,,18965,11,,,1,117,,18966,11,,,1,115,,18967,11,,,1,157,,18968,11,,,1,116,,18969,11,,,1,128,,18970,11,,,1
