10500,'WKDY/31',1240,,19979,1,,,1,100,,19980,1,,,1,100,,19981,1,,,1,100,,19982,1,,,1,80,,19983,1,,,1,80,,19984,1,,,1,40,,19985,1,,,1,70,,19986,1,,,1,30,,19987,1,,,1,100,,19988,1,,,1,100,,19989,1,,,1
10500,'NYE/31',1240,,19999,1,,,1,100,,20000,1,,,1,100,,20001,1,,,1,100,,20002,1,,,1,80,,20003,1,,,1,80,,20004,1,,,1,40,,20005,1,,,1,70,,20006,1,,,1,30,,20007,1,,,1,100,,20008,1,,,1,100,,20009,1,,,1
10501,'WKDY/31',1240,,20020,5,4,,1,100,,20021,5,4,,1,100,,20022,5,4,,1,100,,20023,5,4,,1,80,,20024,5,4,,1,80,,20025,5,4,,1,40,,20026,5,4,,1,70,,20027,5,4,,1,30,,20028,5,4,,1,100,,20029,5,4,,1,100,,20030,5,4,,1
10501,'NYE/31',1240,,20041,5,4,,1,100,,20042,5,4,,1,100,,20043,5,4,,1,100,,20044,5,4,,1,80,,20045,5,4,,1,80,,20046,5,4,,1,40,,20047,5,4,,1,70,,20048,5,4,,1,30,,20049,5,4,,1,100,,20050,5,4,,1,100,,20051,5,4,,1
10600,'WKDY/30',1520,,20052,1,,,1,80,,20053,1,,,1,40,,20054,1,,,1,80,,20055,1,,,1
10600,'WKDY/31',1520,,20056,1,,,1,80,,20057,1,,,1,40,,20058,1,,,1,80,,20059,1,,,1
10600,'NYE/31',1520,,20060,1,,,1,80,,20061,1,,,1,40,,20062,1,,,1,80,,20063,1,,,1
10601,'WKDY/30',544,,20064,2,,,1,86,,20065,2,,,1,85,,20066,2,,,1,44,,20067,2,,,1,75,,20068,2,,,1
16400,'WKDY/30',1330,,20085,1,,,1,100,,20086,1,,,1,70,,20087,1,,,1,30,,20088,1,,,1,20,,20089,1,,,1,60,,20090,1,,,1,20,,20091,1,,,1,20,,20092,1,,,1,60,,20093,1,,,1,20,,20094,1,,,1,70,,20095,1,,,1,30,,20096,1,,,1
16400,'WKDY/31',1330,,20103,1,,,1,100,,20104,1,,,1,70,,20105,1,,,1,30,,20106,1,,,1,20,,20107,1,,,1,60,,20108,1,,,1,20,,20109,1,,,1,20,,20110,1,,,1,60,,20111,1,,,1,20,,20112,1,,,1,70,,20113,1,,,1,30,,20114,1,,,1
16400,'WKDY',1230,,20116,1,,,1,700,,20117,1,,,1,100,,20118,1,,,1
16400,'NYE',1230,,20120,1,,,1,700,,20121,1,,,1,100,,20122,1,,,1
16400,'NYE/31',1330,,20129,1,,,1,100,,20130,1,,,1,70,,20131,1,,,1,30,,20132,1,,,1,20,,20133,1,,,1,60,,20134,1,,,1,20,,20135,1,,,1,20,,20136,1,,,1,60,,20137,1,,,1,20,,20138,1,,,1,70,,20139,1,,,1,30,,20140,1,,,1
16401,'WKDY/30',1330,,20151,2,4,,1,100,,20152,2,4,,1,100,,20153,2,4,,1,100,,20154,2,4,,1,100,,20155,2,4,,1,100,,20156,2,4,,1
16401,'WKDY/31',1330,,20167,2,4,,1,100,,20168,2,4,,1,100,,20169,2,4,,1,100,,20170,2,4,,1,100,,20171,2,4,,1,100,,20172,2,4,,1
16401,'WKDY',1230,,20175,2,4,,1,700,,20176,2,4,,1,100,,20177,2,4,,1
16401,'NYE',1230,,20180,2,4,,1,700,,20181,2,4,,1,100,,20182,2,4,,1
16401,'NYE/31',1330,,20193,2,4,,1,100,,20194,2,4,,1,100,,20195,2,4,,1,100,,20196,2,4,,1,100,,20197,2,4,,1,100,,20198,2,4,,1
