7200,'WKDY',523,,18981,5,,,1,91,,18982,5,,,1,30,,18983,5,,,1,70,,18984,5,,,1,34,,18985,5,,,1,69,,18986,5,,,1,99,,18987,5,,,1,30,,18988,5,,,1,70,,18989,5,,,1,31,,18990,5,,,1,100,,18991,5,,,1,70,,18992,5,,,1,30,,18993,5,,,1,70,,18994,5,,,1,101,,18995,5,,,1,30,,18996,5,,,1,70,,18997,5,,,1,32,,18998,5,,,1,99,,18999,5,,,1,70,,19000,5,,,1,30,,19001,5,,,1,67,,19002,5,,,1,99,,19003,5,,,1,99,,19004,5,,,1,110,,19005,5,,,1
7200,'WKDY/30',846,,18971,5,,,1,271,,18972,5,,,1,231,,18973,5,,,1,272,,18974,5,,,1,225,,18975,5,,,1
7200,'WKDY/31',846,,18976,5,,,1,271,,18977,5,,,1,231,,18978,5,,,1,272,,18979,5,,,1,225,,18980,5,,,1
7200,'SAT',746,,19006,5,,,1,100,,19007,5,,,1,101,,19008,5,,,1,100,,19009,5,,,1,101,,19010,5,,,1,101,,19011,5,,,1,101,,19012,5,,,1,100,,19013,5,,,1,100,,19014,5,,,1,100,,19015,5,,,1,98,,19016,5,,,1,100,,19017,5,,,1,99,,19018,5,,,1
7200,'SUN',746,,19019,5,,,1,100,,19020,5,,,1,101,,19021,5,,,1,100,,19022,5,,,1,101,,19023,5,,,1,101,,19024,5,,,1,101,,19025,5,,,1,100,,19026,5,,,1,100,,19027,5,,,1,100,,19028,5,,,1,98,,19029,5,,,1,100,,19030,5,,,1,99,,19031,5,,,1
7200,'NYE',523,,19032,5,,,1,91,,19033,5,,,1,30,,19034,5,,,1,70,,19035,5,,,1,34,,19036,5,,,1,69,,19037,5,,,1,99,,19038,5,,,1,30,,19039,5,,,1,70,,19040,5,,,1,31,,19041,5,,,1,100,,19042,5,,,1,70,,19043,5,,,1,30,,19044,5,,,1,70,,19045,5,,,1,101,,19046,5,,,1,30,,19047,5,,,1,70,,19048,5,,,1,32,,19049,5,,,1,99,,19050,5,,,1,70,,19051,5,,,1,30,,19052,5,,,1,67,,19053,5,,,1,99,,19054,5,,,1,99,,19055,5,,,1,110,,19056,5,,,1
7200,'NYE/31',846,,19057,5,,,1,271,,19058,5,,,1,231,,19059,5,,,1,272,,19060,5,,,1,225,,19061,5,,,1
7400,'WKDY',454,,19167,16,,,1,102,,19168,16,,,1,69,,19169,16,,,1,32,,19170,16,,,1,69,,19171,16,,,1,30,,19172,16,,,1,70,,19173,16,,,1,30,,19174,16,,,1,100,,19175,16,,,1,71,,19176,16,,,1,30,,19177,16,,,1,70,,19178,16,,,1,100,,19179,16,,,1,30,,19180,16,,,1,71,,19181,16,,,1,30,,19182,16,,,1,100,,19183,16,,,1,70,,19184,16,,,1,31,,19185,16,,,1,70,,19186,16,,,1,100,,19187,16,,,1,29,,19188,16,,,1,70,,19189,16,,,1,29,,19190,16,,,1,100,,19191,16,,,1,99,,19192,16,,,1
7400,'WKDY/30',926,,19153,16,,,1,231,,19154,16,,,1,271,,19155,16,,,1,231,,19156,16,,,1,268,,19157,16,,,1,99,,19158,16,,,1,99,,19159,16,,,1
7400,'WKDY/31',926,,19160,16,,,1,231,,19161,16,,,1,271,,19162,16,,,1,231,,19163,16,,,1,268,,19164,16,,,1,99,,19165,16,,,1,99,,19166,16,,,1
7400,'SAT',729,,19193,16,,,1,101,,19194,16,,,1,100,,19195,16,,,1,100,,19196,16,,,1,101,,19197,16,,,1,100,,19198,16,,,1,103,,19199,16,,,1,97,,19200,16,,,1,100,,19201,16,,,1,100,,19202,16,,,1,100,,19203,16,,,1,100,,19204,16,,,1,99,,19205,16,,,1,100,,19206,16,,,1
7400,'SUN',729,,19207,16,,,1,101,,19208,16,,,1,100,,19209,16,,,1,100,,19210,16,,,1,101,,19211,16,,,1,100,,19212,16,,,1,103,,19213,16,,,1,97,,19214,16,,,1,100,,19215,16,,,1,100,,19216,16,,,1,100,,19217,16,,,1,100,,19218,16,,,1,99,,19219,16,,,1,100,,19220,16,,,1
7400,'NYE',454,,19221,16,,,1,102,,19222,16,,,1,69,,19223,16,,,1,32,,19224,16,,,1,69,,19225,16,,,1,30,,19226,16,,,1,70,,19227,16,,,1,30,,19228,16,,,1,100,,19229,16,,,1,71,,19230,16,,,1,30,,19231,16,,,1,70,,19232,16,,,1,100,,19233,16,,,1,30,,19234,16,,,1,71,,19235,16,,,1,30,,19236,16,,,1,100,,19237,16,,,1,70,,19238,16,,,1,31,,19239,16,,,1,70,,19240,16,,,1,100,,19241,16,,,1,29,,19242,16,,,1,70,,19243,16,,,1,29,,19244,16,,,1,100,,19245,16,,,1,99,,19246,16,,,1
7400,'NYE/31',926,,19247,16,,,1,231,,19248,16,,,1,271,,19249,16,,,1,231,,19250,16,,,1,268,,19251,16,,,1,99,,19252,16,,,1,99,,19253,16,,,1
