3101,'WKDY/30',640,,15368,21,4,,1,197,,15369,21,4,,1,199,,15370,21,4,,1,197,,15371,21,4,,1,200,,15372,21,4,,1,199,,15373,21,4,,1,205,,15374,21,4,,1
3101,'WKDY/31',640,,15375,21,4,,1,197,,15376,21,4,,1,199,,15377,21,4,,1,197,,15378,21,4,,1,200,,15379,21,4,,1,199,,15380,21,4,,1,205,,15381,21,4,,1
3101,'WKDY',541,,15382,21,4,,1,69,,15383,21,4,,1,98,,15384,21,4,,1,30,,15385,21,4,,1,70,,15386,21,4,,1,98,,15387,21,4,,1,30,,15388,21,4,,1,70,,15389,21,4,,1,100,,15390,21,4,,1,28,,15391,21,4,,1,70,,15392,21,4,,1,98,,15393,21,4,,1,30,,15394,21,4,,1,71,,15395,21,4,,1,100,,15396,21,4,,1,29,,15397,21,4,,1,70,,15398,21,4,,1,100,,15399,21,4,,1,34,,15400,21,4,,1,70,,15401,21,4,,1,102,,15402,21,4,,1,101,,15403,21,4,,1,100,,15404,21,4,,1
3101,'SAT',748,,15405,21,4,,1,79,,15406,21,4,,1,79,,15407,21,4,,1,39,,15408,21,4,,1,79,,15409,21,4,,1,80,,15410,21,4,,1,39,,15411,21,4,,1,79,,15412,21,4,,1,80,,15413,21,4,,1,40,,15414,21,4,,1,80,,15415,21,4,,1,80,,15416,21,4,,1,40,,15417,21,4,,1,82,,15418,21,4,,1,80,,15419,21,4,,1,41,,15420,21,4,,1,82,,15421,21,4,,1,80,,15422,21,4,,1,40,,15423,21,4,,1
3101,'SUN',748,,15424,21,4,,1,100,,15425,21,4,,1,98,,15426,21,4,,1,100,,15427,21,4,,1,96,,15428,21,4,,1,101,,15429,21,4,,1,100,,15430,21,4,,1,100,,15431,21,4,,1,100,,15432,21,4,,1,100,,15433,21,4,,1,101,,15434,21,4,,1,102,,15435,21,4,,1,101,,15436,21,4,,1
3101,'NYE',541,,15437,21,4,,1,69,,15438,21,4,,1,98,,15439,21,4,,1,30,,15440,21,4,,1,70,,15441,21,4,,1,98,,15442,21,4,,1,30,,15443,21,4,,1,70,,15444,21,4,,1,100,,15445,21,4,,1,28,,15446,21,4,,1,70,,15447,21,4,,1,98,,15448,21,4,,1,30,,15449,21,4,,1,71,,15450,21,4,,1,100,,15451,21,4,,1,29,,15452,21,4,,1,70,,15453,21,4,,1,100,,15454,21,4,,1,34,,15455,21,4,,1,70,,15456,21,4,,1,102,,15457,21,4,,1,101,,15458,21,4,,1,100,,15459,21,4,,1
3101,'NYE/31',640,,15460,21,4,,1,197,,15461,21,4,,1,199,,15462,21,4,,1,197,,15463,21,4,,1,200,,15464,21,4,,1,199,,15465,21,4,,1,205,,15466,21,4,,1
3201,'WKDY/30',640,,15561,1,,,1,197,,15562,1,,,1,199,,15563,1,,,1,197,,15564,1,,,1,200,,15565,1,,,1,199,,15566,1,,,1,205,,15567,1,,,1
3201,'WKDY/31',640,,15568,1,,,1,197,,15569,1,,,1,199,,15570,1,,,1,197,,15571,1,,,1,200,,15572,1,,,1,199,,15573,1,,,1,205,,15574,1,,,1
3201,'WKDY',541,,15575,1,,,1,69,,15576,1,,,1,98,,15577,1,,,1,30,,15578,1,,,1,70,,15579,1,,,1,98,,15580,1,,,1,30,,15581,1,,,1,70,,15582,1,,,1,100,,15583,1,,,1,28,,15584,1,,,1,70,,15585,1,,,1,98,,15586,1,,,1,30,,15587,1,,,1,71,,15588,1,,,1,100,,15589,1,,,1,29,,15590,1,,,1,70,,15591,1,,,1,100,,15592,1,,,1,34,,15593,1,,,1,70,,15594,1,,,1,102,,15595,1,,,1,101,,15596,1,,,1,100,,15597,1,,,1
3201,'SAT',748,,15598,1,,,1,79,,15599,1,,,1,79,,15600,1,,,1,39,,15601,1,,,1,79,,15602,1,,,1,80,,15603,1,,,1,39,,15604,1,,,1,79,,15605,1,,,1,80,,15606,1,,,1,40,,15607,1,,,1,80,,15608,1,,,1,80,,15609,1,,,1,40,,15610,1,,,1,82,,15611,1,,,1,80,,15612,1,,,1,41,,15613,1,,,1,82,,15614,1,,,1,80,,15615,1,,,1,40,,15616,1,,,1
3201,'SUN',748,,15617,1,,,1,100,,15618,1,,,1,98,,15619,1,,,1,100,,15620,1,,,1,96,,15621,1,,,1,101,,15622,1,,,1,100,,15623,1,,,1,100,,15624,1,,,1,100,,15625,1,,,1,100,,15626,1,,,1,101,,15627,1,,,1,102,,15628,1,,,1,101,,15629,1,,,1
3201,'NYE',541,,15630,1,,,1,69,,15631,1,,,1,98,,15632,1,,,1,30,,15633,1,,,1,70,,15634,1,,,1,98,,15635,1,,,1,30,,15636,1,,,1,70,,15637,1,,,1,100,,15638,1,,,1,28,,15639,1,,,1,70,,15640,1,,,1,98,,15641,1,,,1,30,,15642,1,,,1,71,,15643,1,,,1,100,,15644,1,,,1,29,,15645,1,,,1,70,,15646,1,,,1,100,,15647,1,,,1,34,,15648,1,,,1,70,,15649,1,,,1,102,,15650,1,,,1,101,,15651,1,,,1,100,,15652,1,,,1
3201,'NYE/31',640,,15653,1,,,1,197,,15654,1,,,1,199,,15655,1,,,1,197,,15656,1,,,1,200,,15657,1,,,1,199,,15658,1,,,1,205,,15659,1,,,1
7100,'WKDY/30',729,,18559,19,,,1,103,,18560,19,,,1,116,,18561,19,,,1,156,,18562,19,,,1,117,,18563,19,,,1,115,,18564,19,,,1,115,,18565,19,,,1,156,,18566,19,,,1,129,,18567,19,,,1
7100,'WKDY/31',729,,18568,19,,,1,103,,18569,19,,,1,116,,18570,19,,,1,156,,18571,19,,,1,117,,18572,19,,,1,115,,18573,19,,,1,115,,18574,19,,,1,156,,18575,19,,,1,129,,18576,19,,,1
7100,'WKDY',541,,18577,19,,,1,72,,18578,19,,,1,31,,18579,19,,,1,70,,18580,19,,,1,30,,18581,19,,,1,56,,18582,19,,,1,15,,18583,19,,,1,32,,18584,19,,,1,56,,18585,19,,,1,15,,18586,19,,,1,15,,18587,19,,,1,70,,18588,19,,,1,16,,18589,19,,,1,15,,18590,19,,,1,15,,18591,19,,,1,70,,18592,19,,,1,17,,18593,19,,,1,15,,18594,19,,,1,55,,18595,19,,,1,30,,18596,19,,,1,15,,18597,19,,,1,55,,18598,19,,,1,15,,18599,19,,,1,30,,18600,19,,,1,55,,18601,19,,,1,15,,18602,19,,,1,15,,18603,19,,,1,70,,18604,19,,,1,15,,18605,19,,,1,15,,18606,19,,,1,15,,18607,19,,,1,71,,18608,19,,,1,14,,18609,19,,,1,15,,18610,19,,,1,55,,18611,19,,,1,15,,18612,19,,,1,29,,18613,19,,,1,55,,18614,19,,,1,28,,18615,19,,,1,70,,18616,19,,,1,30,,18617,19,,,1,70,,18618,19,,,1,28,,18619,19,,,1,69,,18620,19,,,1,30,,18621,19,,,1,28,,18622,19,,,1,70,,18623,19,,,1,100,,18624,19,,,1
7100,'SAT',638,,18625,19,,,1,20,,18626,19,,,1,60,,18627,19,,,1,20,,18628,19,,,1,21,,18629,19,,,1,61,,18630,19,,,1,20,,18631,19,,,1,61,,18632,19,,,1,18,,18633,19,,,1,22,,18634,19,,,1,59,,18635,19,,,1,20,,18636,19,,,1,20,,18637,19,,,1,60,,18638,19,,,1,20,,18639,19,,,1,20,,18640,19,,,1,61,,18641,19,,,1,21,,18642,19,,,1,22,,18643,19,,,1,63,,18644,19,,,1,20,,18645,19,,,1,21,,18646,19,,,1,60,,18647,19,,,1,20,,18648,19,,,1,21,,18649,19,,,1,60,,18650,19,,,1,20,,18651,19,,,1,20,,18652,19,,,1,60,,18653,19,,,1,21,,18654,19,,,1,20,,18655,19,,,1,58,,18656,19,,,1,19,,18657,19,,,1,20,,18658,19,,,1,60,,18659,19,,,1,18,,18660,19,,,1,20,,18661,19,,,1,59,,18662,19,,,1,20,,18663,19,,,1,20,,18664,19,,,1,60,,18665,19,,,1,21,,18666,19,,,1,20,,18667,19,,,1,59,,18668,19,,,1,20,,18669,19,,,1,20,,18670,19,,,1,70,,18671,19,,,1,28,,18672,19,,,1,68,,18673,19,,,1
7100,'SUN',639,,18674,19,,,1,70,,18675,19,,,1,30,,18676,19,,,1,70,,18677,19,,,1,32,,18678,19,,,1,70,,18679,19,,,1,31,,18680,19,,,1,70,,18681,19,,,1,30,,18682,19,,,1,71,,18683,19,,,1,30,,18684,19,,,1,71,,18685,19,,,1,32,,18686,19,,,1,70,,18687,19,,,1,30,,18688,19,,,1,70,,18689,19,,,1,30,,18690,19,,,1,70,,18691,19,,,1,30,,18692,19,,,1,70,,18693,19,,,1,30,,18694,19,,,1,67,,18695,19,,,1,30,,18696,19,,,1,70,,18697,19,,,1,30,,18698,19,,,1,70,,18699,19,,,1,28,,18700,19,,,1,70,,18701,19,,,1,30,,18702,19,,,1,70,,18703,19,,,1,29,,18704,19,,,1,69,,18705,19,,,1,30,,18706,19,,,1,70,,18707,19,,,1
7100,'NYE',541,,18708,19,,,1,72,,18709,19,,,1,31,,18710,19,,,1,70,,18711,19,,,1,30,,18712,19,,,1,56,,18713,19,,,1,15,,18714,19,,,1,32,,18715,19,,,1,56,,18716,19,,,1,15,,18717,19,,,1,15,,18718,19,,,1,70,,18719,19,,,1,16,,18720,19,,,1,15,,18721,19,,,1,15,,18722,19,,,1,70,,18723,19,,,1,17,,18724,19,,,1,15,,18725,19,,,1,55,,18726,19,,,1,30,,18727,19,,,1,15,,18728,19,,,1,55,,18729,19,,,1,15,,18730,19,,,1,30,,18731,19,,,1,55,,18732,19,,,1,15,,18733,19,,,1,15,,18734,19,,,1,70,,18735,19,,,1,15,,18736,19,,,1,15,,18737,19,,,1,15,,18738,19,,,1,71,,18739,19,,,1,14,,18740,19,,,1,15,,18741,19,,,1,55,,18742,19,,,1,15,,18743,19,,,1,29,,18744,19,,,1,55,,18745,19,,,1,28,,18746,19,,,1,70,,18747,19,,,1,30,,18748,19,,,1,70,,18749,19,,,1,28,,18750,19,,,1,69,,18751,19,,,1,30,,18752,19,,,1,28,,18753,19,,,1,70,,18754,19,,,1,100,,18755,19,,,1
7100,'NYE/31',729,,18756,19,,,1,103,,18757,19,,,1,116,,18758,19,,,1,156,,18759,19,,,1,117,,18760,19,,,1,115,,18761,19,,,1,115,,18762,19,,,1,156,,18763,19,,,1,129,,18764,19,,,1
