2501,'WKDY',546,,14980,13,,,1,70,,14981,13,,,1,30,,14982,13,,,1,71,,14983,13,,,1,30,,14984,13,,,1,70,,14985,13,,,1,31,,14986,13,,,1,70,,14987,13,,,1,29,,14988,13,,,1,70,,14989,13,,,1,30,,14990,13,,,1,70,,14991,13,,,1,31,,14992,13,,,1,70,,14993,13,,,1,30,,14994,13,,,1,70,,14995,13,,,1,30,,14996,13,,,1,70,,14997,13,,,1,31,,14998,13,,,1,70,,14999,13,,,1,30,,15000,13,,,1,70,,15001,13,,,1,30,,15002,13,,,1,70,,15003,13,,,1,29,,15004,13,,,1,70,,15005,13,,,1,93,,15006,13,,,1,105,,15007,13,,,1
2501,'SAT',717,,15008,13,,,1,101,,15009,13,,,1,100,,15010,13,,,1,100,,15011,13,,,1,100,,15012,13,,,1,102,,15013,13,,,1,100,,15014,13,,,1,100,,15015,13,,,1,100,,15016,13,,,1,100,,15017,13,,,1,98,,15018,13,,,1,100,,15019,13,,,1,99,,15020,13,,,1
2501,'SUN',717,,15021,13,,,1,101,,15022,13,,,1,100,,15023,13,,,1,100,,15024,13,,,1,100,,15025,13,,,1,102,,15026,13,,,1,100,,15027,13,,,1,100,,15028,13,,,1,100,,15029,13,,,1,100,,15030,13,,,1,98,,15031,13,,,1,100,,15032,13,,,1,99,,15033,13,,,1
2501,'NYE',546,,15034,13,,,1,70,,15035,13,,,1,30,,15036,13,,,1,71,,15037,13,,,1,30,,15038,13,,,1,70,,15039,13,,,1,31,,15040,13,,,1,70,,15041,13,,,1,29,,15042,13,,,1,70,,15043,13,,,1,30,,15044,13,,,1,70,,15045,13,,,1,31,,15046,13,,,1,70,,15047,13,,,1,30,,15048,13,,,1,70,,15049,13,,,1,30,,15050,13,,,1,70,,15051,13,,,1,31,,15052,13,,,1,70,,15053,13,,,1,30,,15054,13,,,1,70,,15055,13,,,1,30,,15056,13,,,1,70,,15057,13,,,1,29,,15058,13,,,1,70,,15059,13,,,1,93,,15060,13,,,1,105,,15061,13,,,1
7801,'WKDY/30',1058,,19442,16,,,1,345,,19443,16,,,1
7801,'WKDY/31',1058,,19444,16,,,1,345,,19445,16,,,1
7801,'WKDY',529,,19446,16,,,1,96,,19447,16,,,1,31,,19448,16,,,1,71,,19449,16,,,1,30,,19450,16,,,1,70,,19451,16,,,1,30,,19452,16,,,1,70,,19453,16,,,1,30,,19454,16,,,1,70,,19455,16,,,1,102,,19456,16,,,1,72,,19457,16,,,1,30,,19458,16,,,1,71,,19459,16,,,1,30,,19460,16,,,1,101,,19461,16,,,1,71,,19462,16,,,1,30,,19463,16,,,1,71,,19464,16,,,1,30,,19465,16,,,1,71,,19466,16,,,1,28,,19467,16,,,1,69,,19468,16,,,1,32,,19469,16,,,1,98,,19470,16,,,1,94,,19471,16,,,1,100,,19472,16,,,1
7801,'SAT',826,,19473,16,,,1,103,,19474,16,,,1,100,,19475,16,,,1,102,,19476,16,,,1,101,,19477,16,,,1,102,,19478,16,,,1,99,,19479,16,,,1,100,,19480,16,,,1,99,,19481,16,,,1,100,,19482,16,,,1,100,,19483,16,,,1,96,,19484,16,,,1
7801,'SUN',826,,19485,16,,,1,103,,19486,16,,,1,100,,19487,16,,,1,102,,19488,16,,,1,101,,19489,16,,,1,102,,19490,16,,,1,99,,19491,16,,,1,100,,19492,16,,,1,99,,19493,16,,,1,95,,19494,16,,,1,105,,19495,16,,,1,96,,19496,16,,,1
7801,'NYE',529,,19497,16,,,1,96,,19498,16,,,1,31,,19499,16,,,1,71,,19500,16,,,1,30,,19501,16,,,1,70,,19502,16,,,1,30,,19503,16,,,1,70,,19504,16,,,1,30,,19505,16,,,1,70,,19506,16,,,1,102,,19507,16,,,1,72,,19508,16,,,1,30,,19509,16,,,1,71,,19510,16,,,1,30,,19511,16,,,1,101,,19512,16,,,1,71,,19513,16,,,1,30,,19514,16,,,1,71,,19515,16,,,1,30,,19516,16,,,1,71,,19517,16,,,1,28,,19518,16,,,1,69,,19519,16,,,1,32,,19520,16,,,1,98,,19521,16,,,1,94,,19522,16,,,1,100,,19523,16,,,1
7801,'NYE/31',1058,,19524,16,,,1,345,,19525,16,,,1
