700,'WKDY',553,,14423,12,,,1,172,,14424,12,,,1,34,,14425,12,,,1,100,,14426,12,,,1,70,,14427,12,,,1,100,,14428,12,,,1,30,,14429,12,,,1,100,,14430,12,,,1,70,,14431,12,,,1,100,,14432,12,,,1,30,,14433,12,,,1,142,,14434,12,,,1,30,,14435,12,,,1,100,,14436,12,,,1,70,,14437,12,,,1,100,,14438,12,,,1,28,,14439,12,,,1,100,,14440,12,,,1,100,,14441,12,,,1,98,,14442,12,,,1
700,'WKDY/30',656,,14405,12,,,1,173,,14406,12,,,1,130,,14407,12,,,1,170,,14408,12,,,1,130,,14409,12,,,1,172,,14410,12,,,1,170,,14411,12,,,1,130,,14412,12,,,1,128,,14413,12,,,1
700,'WKDY/31',656,,14414,12,,,1,173,,14415,12,,,1,130,,14416,12,,,1,170,,14417,12,,,1,130,,14418,12,,,1,172,,14419,12,,,1,170,,14420,12,,,1,130,,14421,12,,,1,128,,14422,12,,,1
700,'SAT',657,,14443,12,,,1,100,,14444,12,,,1,101,,14445,12,,,1,100,,14446,12,,,1,101,,14447,12,,,1,141,,14448,12,,,1,100,,14449,12,,,1,101,,14450,12,,,1,100,,14451,12,,,1,100,,14452,12,,,1,100,,14453,12,,,1,58,,14454,12,,,1,100,,14455,12,,,1,100,,14456,12,,,1,100,,14457,12,,,1
700,'SUN',657,,14458,12,,,1,100,,14459,12,,,1,101,,14460,12,,,1,100,,14461,12,,,1,101,,14462,12,,,1,141,,14463,12,,,1,100,,14464,12,,,1,101,,14465,12,,,1,100,,14466,12,,,1,100,,14467,12,,,1,100,,14468,12,,,1,58,,14469,12,,,1,100,,14470,12,,,1,100,,14471,12,,,1,100,,14472,12,,,1
700,'NYE',553,,14473,12,,,1,172,,14474,12,,,1,34,,14475,12,,,1,100,,14476,12,,,1,70,,14477,12,,,1,100,,14478,12,,,1,30,,14479,12,,,1,100,,14480,12,,,1,70,,14481,12,,,1,100,,14482,12,,,1,30,,14483,12,,,1,142,,14484,12,,,1,30,,14485,12,,,1,100,,14486,12,,,1,70,,14487,12,,,1,100,,14488,12,,,1,28,,14489,12,,,1,100,,14490,12,,,1,100,,14491,12,,,1,98,,14492,12,,,1
700,'NYE/31',656,,14493,12,,,1,173,,14494,12,,,1,130,,14495,12,,,1,170,,14496,12,,,1,130,,14497,12,,,1,172,,14498,12,,,1,170,,14499,12,,,1,130,,14500,12,,,1,128,,14501,12,,,1
7201,'WKDY',511,,19072,16,,,1,90,,19073,16,,,1,30,,19074,16,,,1,70,,19075,16,,,1,31,,19076,16,,,1,70,,19077,16,,,1,100,,19078,16,,,1,30,,19079,16,,,1,70,,19080,16,,,1,30,,19081,16,,,1,100,,19082,16,,,1,70,,19083,16,,,1,30,,19084,16,,,1,70,,19085,16,,,1,100,,19086,16,,,1,30,,19087,16,,,1,70,,19088,16,,,1,32,,19089,16,,,1,99,,19090,16,,,1,70,,19091,16,,,1,30,,19092,16,,,1,69,,19093,16,,,1,100,,19094,16,,,1,99,,19095,16,,,1,110,,19096,16,,,1
7201,'WKDY/30',832,,19062,16,,,1,270,,19063,16,,,1,230,,19064,16,,,1,272,,19065,16,,,1,228,,19066,16,,,1
7201,'WKDY/31',832,,19067,16,,,1,270,,19068,16,,,1,230,,19069,16,,,1,272,,19070,16,,,1,228,,19071,16,,,1
7201,'SAT',733,,19097,16,,,1,100,,19098,16,,,1,101,,19099,16,,,1,100,,19100,16,,,1,100,,19101,16,,,1,100,,19102,16,,,1,101,,19103,16,,,1,100,,19104,16,,,1,100,,19105,16,,,1,100,,19106,16,,,1,100,,19107,16,,,1,100,,19108,16,,,1,99,,19109,16,,,1
7201,'SUN',733,,19110,16,,,1,100,,19111,16,,,1,101,,19112,16,,,1,100,,19113,16,,,1,100,,19114,16,,,1,100,,19115,16,,,1,101,,19116,16,,,1,100,,19117,16,,,1,100,,19118,16,,,1,100,,19119,16,,,1,100,,19120,16,,,1,100,,19121,16,,,1,99,,19122,16,,,1
7201,'NYE',511,,19123,16,,,1,90,,19124,16,,,1,30,,19125,16,,,1,70,,19126,16,,,1,31,,19127,16,,,1,70,,19128,16,,,1,100,,19129,16,,,1,30,,19130,16,,,1,70,,19131,16,,,1,30,,19132,16,,,1,100,,19133,16,,,1,70,,19134,16,,,1,30,,19135,16,,,1,70,,19136,16,,,1,100,,19137,16,,,1,30,,19138,16,,,1,70,,19139,16,,,1,32,,19140,16,,,1,99,,19141,16,,,1,70,,19142,16,,,1,30,,19143,16,,,1,69,,19144,16,,,1,100,,19145,16,,,1,99,,19146,16,,,1,110,,19147,16,,,1
7201,'NYE/31',832,,19148,16,,,1,270,,19149,16,,,1,230,,19150,16,,,1,272,,19151,16,,,1,228,,19152,16,,,1
