3000,'WKDY',626,,15062,34,,,1,31,,15063,34,,,1,72,,15064,34,,,1,71,,15065,34,,,1,30,,15066,34,,,1,71,,15067,34,,,1,28,,15068,34,,,1,71,,15069,34,,,1,29,,15070,34,,,1,29,,15071,34,,,1,70,,15072,34,,,1,30,,15073,34,,,1,70,,15074,34,,,1,72,,15075,34,,,1,30,,15076,34,,,1,70,,15077,34,,,1,30,,15078,34,,,1,73,,15079,34,,,1,30,,15080,34,,,1,70,,15081,34,,,1,30,,15082,34,,,1,70,,15083,34,,,1,30,,15084,34,,,1,69,,15085,34,,,1,30,,15086,34,,,1,68,,15087,34,,,1,27,,15088,34,,,1,30,,15089,34,,,1,68,,15090,34,,,1,100,,15091,34,,,1
3000,'SAT',752,,15096,34,,,1,72,,15097,34,,,1,31,,15098,34,,,1,71,,15099,34,,,1,30,,15100,34,,,1,71,,15101,34,,,1,30,,15102,34,,,1,73,,15103,34,,,1,70,,15104,34,,,1,31,,15105,34,,,1,70,,15106,34,,,1,30,,15107,34,,,1,71,,15108,34,,,1,30,,15109,34,,,1,69,,15110,34,,,1,30,,15111,34,,,1,70,,15112,34,,,1,30,,15113,34,,,1,70,,15114,34,,,1,28,,15115,34,,,1,100,,15116,34,,,1,98,,15117,34,,,1,100,,15118,34,,,1
3000,'SUN',826,,15121,34,,,1,100,,15122,34,,,1,102,,15123,34,,,1,100,,15124,34,,,1,100,,15125,34,,,1,101,,15126,34,,,1,100,,15127,34,,,1,100,,15128,34,,,1,100,,15129,34,,,1,99,,15130,34,,,1,99,,15131,34,,,1,99,,15132,34,,,1,100,,15133,34,,,1
3000,'NYE',626,,15136,34,,,1,31,,15137,34,,,1,72,,15138,34,,,1,71,,15139,34,,,1,30,,15140,34,,,1,71,,15141,34,,,1,28,,15142,34,,,1,71,,15143,34,,,1,29,,15144,34,,,1,29,,15145,34,,,1,70,,15146,34,,,1,30,,15147,34,,,1,70,,15148,34,,,1,72,,15149,34,,,1,30,,15150,34,,,1,70,,15151,34,,,1,30,,15152,34,,,1,73,,15153,34,,,1,30,,15154,34,,,1,70,,15155,34,,,1,30,,15156,34,,,1,70,,15157,34,,,1,30,,15158,34,,,1,69,,15159,34,,,1,30,,15160,34,,,1,68,,15161,34,,,1,27,,15162,34,,,1,30,,15163,34,,,1,68,,15164,34,,,1,100,,15165,34,,,1
3200,'WKDY',553,,15479,9,,,1,70,,15480,9,,,1,31,,15481,9,,,1,102,,15482,9,,,1,70,,15483,9,,,1,30,,15484,9,,,1,100,,15485,9,,,1,70,,15486,9,,,1,30,,15487,9,,,1,101,,15488,9,,,1,70,,15489,9,,,1,30,,15490,9,,,1,100,,15491,9,,,1,71,,15492,9,,,1,30,,15493,9,,,1,100,,15494,9,,,1,70,,15495,9,,,1,29,,15496,9,,,1,99,,15497,9,,,1,70,,15498,9,,,1,29,,15499,9,,,1,100,,15500,9,,,1,100,,15501,9,,,1
3200,'WKDY/30',724,,15467,9,,,1,202,,15468,9,,,1,200,,15469,9,,,1,201,,15470,9,,,1,201,,15471,9,,,1,199,,15472,9,,,1
3200,'WKDY/31',724,,15473,9,,,1,202,,15474,9,,,1,200,,15475,9,,,1,201,,15476,9,,,1,201,,15477,9,,,1,199,,15478,9,,,1
3200,'SAT',832,,15502,9,,,1,80,,15503,9,,,1,40,,15504,9,,,1,80,,15505,9,,,1,81,,15506,9,,,1,40,,15507,9,,,1,80,,15508,9,,,1,80,,15509,9,,,1,40,,15510,9,,,1,80,,15511,9,,,1,80,,15512,9,,,1,40,,15513,9,,,1,80,,15514,9,,,1,80,,15515,9,,,1,39,,15516,9,,,1,80,,15517,9,,,1,80,,15518,9,,,1,40,,15519,9,,,1
3200,'SUN',831,,15520,9,,,1,100,,15521,9,,,1,101,,15522,9,,,1,100,,15523,9,,,1,100,,15524,9,,,1,100,,15525,9,,,1,100,,15526,9,,,1,100,,15527,9,,,1,100,,15528,9,,,1,100,,15529,9,,,1,99,,15530,9,,,1,100,,15531,9,,,1
3200,'NYE',553,,15532,9,,,1,70,,15533,9,,,1,31,,15534,9,,,1,102,,15535,9,,,1,70,,15536,9,,,1,30,,15537,9,,,1,100,,15538,9,,,1,70,,15539,9,,,1,30,,15540,9,,,1,101,,15541,9,,,1,70,,15542,9,,,1,30,,15543,9,,,1,100,,15544,9,,,1,71,,15545,9,,,1,30,,15546,9,,,1,100,,15547,9,,,1,70,,15548,9,,,1,29,,15549,9,,,1,99,,15550,9,,,1,70,,15551,9,,,1,29,,15552,9,,,1,100,,15553,9,,,1,100,,15554,9,,,1
3200,'NYE/31',724,,15555,9,,,1,202,,15556,9,,,1,200,,15557,9,,,1,201,,15558,9,,,1,201,,15559,9,,,1,199,,15560,9,,,1
